 50618 11816  4813  1992     4     3   231  1252  1605     8   123    12 32744 32744
 50618 11816  4813  1992     6    20   231  1449  1505   360   110    12 32744 32744
 50658 12553  4803  1992     6    16   231  1758  1804   300   120     2 32744 32744
 50915 11658  4531  1992     4     7   231  1349  1825     8   210    12 32744 32744
 51068  8728  4707  1992     5    27   231   317   335   200   137    14 32744 32744
 51087  8931  4659  1992     7    21   231  1630  1644   400   203    14 32744 32744
 51133  8300  4644  1992     5    26   231  2001  2012   300   110    12 32744 32744
 51186  9023  4640  1992     5    22   231  1815  1835   500    90     2 32744 32744
 51186  9023  4640  1992     5    23   231  1641  1644   500    83     6 32744 32744
 51232  8235  4511  1992    10    30   231  1907  1955    80   197    16 32744 32744
 51334  8254  4437  1992     4    15   231  1403  1835     3    90     1 32744 32744
 51346  8440  4426  1992     4    25   231  1133  1248   150   120    13 32744 32744
 51356  8603  4419  1992     5    11   231  1832  2000     4   130     1 32744 32744
 51356  8603  4419  1992     5    12   231  2000  2008   180   100    10 32744 32744
 51365  8732  4412  1992     4    15   231  1849  1907   120 32744 32744 32744 32744
 51365  8732  4412  1992     5    11   231  1929  2000     3 32744 32744 32744 32744
 51365  8732  4412  1992     5    12   231  2000  2047   150 32744 32744 32744 32744
 51365  8732  4412  1992     8     6   231  2040  2130   200 32744 32744 32744 32744
 51379  8934  4401  1992     6     7   231  2038  2204   150   159    13   235 32744
 51463  8737  4347  1992     2    26   231   903   958    80   156     7   269     7
 51463  8737  4347  1992     5    12   231  2024  2103    80    86    15   192    15
 51477  8819  4321  1992     5    12   231  2117  2245   150   210    14 32744 32744
 51477  8819  4321  1992     6     6   231  1932  1958     9   200    14 32744 32744
 51495  9138  4329  1992     4    18   231  1611  1616    80 32744 32744 32744 32744
 51495  9138  4329  1992     4    25   231  1845  1935    20 32744 32744 32744 32744
 51495  9138  4329  1992     4    26   231  2017  2215   150 32744 32744 32744 32744
 51526  8813  4214  1992     5    22   231  1901  1913   200   167     6 32744 32744
 51526  8813  4214  1992     5    24   231  2010  2023   350    93     3 32744 32744
 51542  8409  4302  1992     5    23   231  1656  1700   400   157    16 32744 32744
 51573  8912  4256  1992     5    12   231  1205  1309    40   140    14 32744 32744
 51573  8912  4256  1992     7    18   231  1656  1720    80    90    16 32744 32744
 51644  8257  4143  1992     4    19   231  1117  1145    70   113     5 32744 32744
 51644  8257  4143  1992     4    25   231  1718  1731    90    90    16 32744 32744
 51709  7559  3928  1992     5    26   231  1648  1833   100   127    14 32744 32744
 51711  7827  4056  1992     6    15   231  1844  1848   400    80    12 32744 32744
 51711  7827  4056  1992    10    31   231  1405  1415   400   133    16 32744 32744
 51716  7834  3948  1992     5     2   231  2108  2112   200    97     1 32744 32744
 51716  7834  3948  1992     5    16   231  1145  1330    15    87     3 32744 32744
 51716  7834  3948  1992     5    29   231   105   120    18    77     2 32744 32744
 51716  7834  3948  1992     6    22   231  1715  1735    60    90     4 32744 32744
 51716  7834  3948  1992     7    25   231  1830  1848    30   120     2 32744 32744
 51716  7834  3948  1992     7    26   231  1904  1922    18   100     2 32744 32744
 51716  7834  3948  1992     7    27   231  2008  2020   300    90     2 32744 32744
 51720  7903  4030  1992     3    13   231  2012  2130   130 32744 32744 32744 32744
 51720  7903  4030  1992     4    20   231  1028  1120    25 32744 32744 32744 32744
 51720  7903  4030  1992     5    16   231  1031  1408     8 32744 32744 32744 32744
 51720  7903  4030  1992     6    11   231   847   858   200 32744 32744 32744 32744
 51720  7903  4030  1992     6    18   231   611   617   200 32744 32744 32744 32744
 51720  7903  4030  1992     7     3   231  2106  2107   550 32744 32744 32744 32744
 51720  7903  4030  1992     7     4   231  1616  1621   550 32744 32744 32744 32744
 51720  7903  4030  1992     7    18   231  1713  1724   300 32744 32744 32744 32744
 51720  7903  4030  1992     7    24   231  2142  2149    15 32744 32744 32744 32744
 51720  7903  4030  1992     7    24   231  1938  1944    15 32744 32744 32744 32744
 51720  7903  4030  1992     7    27   231  2030  2035   600 32744 32744 32744 32744
 51720  7903  4030  1992     7    31   231  2014  2017   400 32744 32744 32744 32744
 51720  7903  4030  1992     8     5   231  1855  1901   250 32744 32744 32744 32744
 51730  8103  4030  1992     2    28   231  1842  2000     3 32744 32744 32744 32744
 51730  8103  4030  1992     2    29   231  2000  2123    60 32744 32744 32744 32744
 51730  8103  4030  1992     4     6   231  2121  2257    40 32744 32744 32744 32744
 51730  8103  4030  1992     4    26   231  2106  2218    80 32744 32744 32744 32744
 51765  8742  4038  1992     2    28   231  1340  2000     8 32744 32744 32744 32744
 51765  8742  4038  1992     2    29   231  2000  2020    50 32744 32744 32744 32744
 51765  8742  4038  1992     3    12   231  1144  1158     8 32744 32744 32744 32744
 51765  8742  4038  1992     3    13   231  1106  1921     3 32744 32744 32744 32744
 51765  8742  4038  1992     4     6   231  2055  2141   200 32744 32744 32744 32744
 51765  8742  4038  1992     5     3   231  1707  2000     4 32744 32744 32744 32744
 51765  8742  4038  1992     5     4   231  2000  2215   150 32744 32744 32744 32744
 51765  8742  4038  1992     5    12   231  1848  1935    20 32744 32744 32744 32744
 51765  8742  4038  1992     5    24   231  1530  1632   250 32744 32744 32744 32744
 51765  8742  4038  1992     5    28   231  1110  1325    20 32744 32744 32744 32744
 51765  8742  4038  1992     5    31   231  2130  2213   150 32744 32744 32744 32744
 51765  8742  4038  1992     6    15   231  1749  1935    12 32744 32744 32744 32744
 51765  8742  4038  1992     7     8   231  2155  2225   300 32744 32744 32744 32744
 51765  8742  4038  1992     7    21   231  1950  2000     8 32744 32744 32744 32744
 51765  8742  4038  1992     7    22   231  2000  2316   150 32744 32744 32744 32744
 51765  8742  4038  1992     8    24   231  1740  1744   250 32744 32744 32744 32744
 51777  8810  3902  1992     2    28   231  1013  1240    40   117     5 32744 32744
 51777  8810  3902  1992     3    13   231  1205  1521     1   130     3 32744 32744
 51777  8810  3902  1992     3    19   231  1901  1940    19    70     3 32744 32744
 51777  8810  3902  1992     4    21   231  1242  1440     8   113     5 32744 32744
 51777  8810  3902  1992     5     3   231  1103  1615     7   117     3 32744 32744
 51777  8810  3902  1992     5     4   231  2047   434     3   133     3 32744 32744
 51777  8810  3902  1992     5    28   231  1834  1859    40   113    12 32744 32744
 51777  8810  3902  1992     6    12   231   908  1202    90   123    13 32744 32744
 51777  8810  3902  1992     6    12   231  1825  1844    90   123    13 32744 32744
 51777  8810  3902  1992     9    22   231  1010  1103    80   120     5 32744 32744
 51804  7514  3747  1992     5     6   231  1930  1931   300   197     1 32744 32744
 51811  7716  3826  1992     4    18   231   410   640    30 32744 32744 32744 32744
 51811  7716  3826  1992     5    26   231  1908  2000     3 32744 32744 32744 32744
 51811  7716  3826  1992     5    27   231  2000  2236    40 32744 32744 32744 32744
 51811  7716  3826  1992     6     3   231  2117    14    90 32744 32744 32744 32744
 51811  7716  3826  1992     6     8   231   325  1520     4 32744 32744 32744 32744
 51818  7817  3737  1992     4     5   231  2120  2207    50    70    15 32744 32744
 51818  7817  3737  1992     4    18   231   515   725    30    70    15 32744 32744
 51818  7817  3737  1992     4    18   231  1112  1310    30    70    15 32744 32744
 51818  7817  3737  1992     5     7   231  2143  2212    40    60    15 32744 32744
 51818  7817  3737  1992     5    27   231  2054  2325    30    93    15 32744 32744
 51818  7817  3737  1992     6     3   231  2331    15    40    77    16 32744 32744
 51818  7817  3737  1992     6    15   231  2006  2018    90    50    12 32744 32744
 51818  7817  3737  1992     6    17   231    12    22   100    57     9 32744 32744
 51818  7817  3737  1992     6    18   231  2340  2345   100    80     1 32744 32744
 51818  7817  3737  1992     6    29   231  2335  2343   100    77     7 32744 32744
 51818  7817  3737  1992     6    29   231  1740  1933   100    77     7 32744 32744
 51818  7817  3737  1992     7     3   231  1931  1945    30    73    12 32744 32744
 51818  7817  3737  1992     7     4   231  2331    50    40    60    10 32744 32744
 51818  7817  3737  1992     8     6   231   408   421    80    60    15 32744 32744
 51828  7956  3708  1992     2    28   231  1240  1428     7    70    15 32744 32744
 51828  7956  3708  1992     3    27   231  1120  1540     8    63    14 32744 32744
 51828  7956  3708  1992     4     5   231    30   318     7    73    13 32744 32744
 51828  7956  3708  1992     4    18   231   928  1510     3    57    14 32744 32744
 51828  7956  3708  1992     5     1   231   915  1010    20    60    14 32744 32744
 51828  7956  3708  1992     5     3   231  1635  1735     6    80    13 32744 32744
 51828  7956  3708  1992     5     7   231   131   242     8    47    14 32744 32744
 51828  7956  3708  1992     5    16   231  1753  2000     2    50     4 32744 32744
 51828  7956  3708  1992     5    17   231  2000  2039     5    70     5 32744 32744
 51828  7956  3708  1992     5    17   231    40   443     5    70     5 32744 32744
 51828  7956  3708  1992     5    27   231  2340   325     4    80    14 32744 32744
 51828  7956  3708  1992     6     3   231   220   420    25    50    12 32744 32744
 51828  7956  3708  1992     6     9   231  2054  2101    20    67    13 32744 32744
 51828  7956  3708  1992     6    11   231  2115  2228    30    90    11 32744 32744
 51828  7956  3708  1992     6    18   231   230   341   200    53    13 32744 32744
 51828  7956  3708  1992     6    30   231  2206  2343    60    53    13 32744 32744
 51828  7956  3708  1992     8     8   231   239   308    20    47     5 32744 32744
 51828  7956  3708  1992     9     6   231    15   225     8    40    14 32744 32744
 51839  8243  3704  1992     2    26   231  1025  1245    50    67    12 32744 32744
 51839  8243  3704  1992     2    28   231  1047  1244    30    80    13 32744 32744
 51839  8243  3704  1992     3    10   231  1035  1415     9    83    12 32744 32744
 51839  8243  3704  1992     3    13   231  1124  1215    12    73    13 32744 32744
 51839  8243  3704  1992     3    27   231  1019  1236    20    80    12 32744 32744
 51839  8243  3704  1992     3    29   231  1017  1242    25    80    12 32744 32744
 51839  8243  3704  1992     4     5   231   517  1130     6    93    12 32744 32744
 51839  8243  3704  1992     4     6   231  1425  1610    12    70     4 32744 32744
 51839  8243  3704  1992     4    18   231  1136  1317     9    80    12 32744 32744
 51839  8243  3704  1992     4    21   231  1815  2000     7    70     4 32744 32744
 51839  8243  3704  1992     4    22   231  2000  2042    15    63     4 32744 32744
 51839  8243  3704  1992     5     1   231  1136  1806     4    90    12 32744 32744
 51839  8243  3704  1992     5     3   231  1907  2000     2    87    12 32744 32744
 51839  8243  3704  1992     5     4   231  2000  2218   120   103    11 32744 32744
 51839  8243  3704  1992     5     7   231   723  1210     2    90    12 32744 32744
 51839  8243  3704  1992     5    17   231  2008  2335    13    97     4 32744 32744
 51839  8243  3704  1992     5    27   231   410  1010     4   100    12 32744 32744
 51839  8243  3704  1992     6     3   231   710  1312     3    70    12 32744 32744
 51839  8243  3704  1992     6     9   231   310   635    11    70    12 32744 32744
 51839  8243  3704  1992     6    17   231  2113    30    20    90     2 32744 32744
 51839  8243  3704  1992     6    18   231   925  1023    80    63    11 32744 32744
 51839  8243  3704  1992     6    22   231   512  1423     6    90    12 32744 32744
 51839  8243  3704  1992     6    23   231  1655  1725    40    70    11 32744 32744
 51839  8243  3704  1992     6    25   231  2014  2027   200    73     7 32744 32744
 51839  8243  3704  1992     7    22   231  2202  2327    50    93     3 32744 32744
 51839  8243  3704  1992     7    24   231  2310   315     7    67     2 32744 32744
 51839  8243  3704  1992     7    30   231   843  1427     4    90    12 32744 32744
 51839  8243  3704  1992     8     8   231  2115  2214    70    60     2 32744 32744
 51839  8243  3704  1992     9     9   231  1947  2000     7    60    12 32744 32744
 51839  8243  3704  1992     9    10   231  2000  2237    15    87    11 32744 32744
 51839  8243  3704  1992    11     5   231  1037  1813     4    90    12 32744 32744
 51848  8339  3756  1992     4    21   231  1546  2000     4    80     3 32744 32744
 51848  8339  3756  1992     4    22   231  2000   123     5    63     4 32744 32744
 51848  8339  3756  1992     5     4   231  2027   234     4    90    13 32744 32744
 51848  8339  3756  1992     5    16   231   527   947     8    80     3 32744 32744
 51848  8339  3756  1992     5    27   231   710   946     6    50    11 32744 32744
 51848  8339  3756  1992     6    17   231  2030   132     5    80     1 32744 32744
 51848  8339  3756  1992     6    18   231  1852  1900    70    60    16 32744 32744
 51848  8339  3756  1992     6    24   231  1842  1905    50    90     8 32744 32744
 51848  8339  3756  1992     7    11   231  1634  1730    50    80     1 32744 32744
 51848  8339  3756  1992     7    22   231  2005  2308    40   100     2 32744 32744
 51848  8339  3756  1992     7    31   231  2127  2343    25    83     2 32744 32744
 51848  8339  3756  1992     8     7   231  2055  2228    30    90     1 32744 32744
 51848  8339  3756  1992     8     8   231  2003  2117    70    90    16 32744 32744
 51848  8339  3756  1992    10     1   231   121   343     8    83     3 32744 32744
 51855  8533  3809  1992     3    13   231  1225  2000     3 32744 32744 32744 32744
 51855  8533  3809  1992     3    14   231  2000  2040     4 32744 32744 32744 32744
 51855  8533  3809  1992     3    20   231  2345   124    10 32744 32744 32744 32744
 51855  8533  3809  1992     4     6   231   742   822     3 32744 32744 32744 32744
 51855  8533  3809  1992     4     6   231  1715  2000     3 32744 32744 32744 32744
 51855  8533  3809  1992     4     7   231  2000  2148     7 32744 32744 32744 32744
 51855  8533  3809  1992     4    21   231  1431  1950     9 32744 32744 32744 32744
 51855  8533  3809  1992     5     3   231  1552  2000     6 32744 32744 32744 32744
 51855  8533  3809  1992     5     4   231  2000  2032    10 32744 32744 32744 32744
 51855  8533  3809  1992     5     4   231   815   935    10 32744 32744 32744 32744
 51855  8533  3809  1992     5    27   231   901  1158    15 32744 32744 32744 32744
 51855  8533  3809  1992     5    28   231   612   912     2 32744 32744 32744 32744
 51855  8533  3809  1992     6    12   231   512   537   100 32744 32744 32744 32744
 51855  8533  3809  1992     6    25   231  1636  1658   200 32744 32744 32744 32744
 51855  8533  3809  1992     7    22   231  2136  2215    50 32744 32744 32744 32744
 51855  8533  3809  1992     8     8   231  2142  2216   120 32744 32744 32744 32744
 51855  8533  3809  1992    10     1   231  2008  2040    20 32744 32744 32744 32744
 51886  9051  3815  1992     1     6   231  1321  1502   280   197    14 32744 32744
 51886  9051  3815  1992     2    10   231  1430  1653   300   200    15 32744 32744
 51886  9051  3815  1992     3     8   231  1834  1935   190   187    15 32744 32744
 51886  9051  3815  1992     4    20   231  1515  1515    90    93    13 32744 32744
 51886  9051  3815  1992     4    27   231  1532  1532   130   107    13 32744 32744
 51886  9051  3815  1992     5     4   231  1702  1709   120   130     9 32744 32744
 51886  9051  3815  1992     5    12   231  1552  1857    70   240    14 32744 32744
 51886  9051  3815  1992     5    13   231  1320  1629     9   163    14 32744 32744
 51886  9051  3815  1992     6     4   231  1520  1714   320   170    14 32744 32744
 51886  9051  3815  1992     6    18   231  2003  2005   280   120     2 32744 32744
 51886  9051  3815  1992     6    19   231  1643  1830   260   220    16 32744 32744
 51886  9051  3815  1992     7    12   231  1529  1533   280   170    15 32744 32744
 51886  9051  3815  1992     8     1   231  1518  1530   250   190    12 32744 32744
 51886  9051  3815  1992     9    26   231  1548  1549   300   100    14 32744 32744
 51886  9051  3815  1992    10     1   231  1512  1814   250   217    15 32744 32744
 51886  9051  3815  1992    11     6   231   902  1742     5   240    14 32744 32744
 51886  9051  3815  1992    11    13   231  1614  1616   390   200    14 32744 32744
 51886  9051  3815  1992    12     7   231  1614  1617   400   200    15 32744 32744
 51886  9051  3815  1992    12    16   231  1618  1655   400   180    14 32744 32744
 51931  8139  3651  1992     1     6   231   217   432    17    73    10 32744 32744
 51931  8139  3651  1992     5     1   231  1311  1509     7    73    14 32744 32744
 51931  8139  3651  1992     5     3   231  1826  2000     6    70    15 32744 32744
 51931  8139  3651  1992     5     4   231  2000  2135    80 32744 32744 32744 32744
 51931  8139  3651  1992     5    17   231  2005   250     9    60     4 32744 32744
 51931  8139  3651  1992     5    27   231   223   526    60    77    13 32744 32744
 51931  8139  3651  1992     5    28   231  2222  2355    40    63    15 32744 32744
 51931  8139  3651  1992     6    16   231  1956  2000     3    40    15 32744 32744
 51931  8139  3651  1992     6    17   231  2000  2315    30    70     3 32744 32744
 51931  8139  3651  1992     6    18   231   535   605    80    70    14 32744 32744
 51931  8139  3651  1992     6    30   231  2111  2146    40    60    14 32744 32744
 51931  8139  3651  1992     7     6   231  2043  2230    80    70    12 32744 32744
 51931  8139  3651  1992    11     5   231  1341  1628     6    83    13 32744 32744
 52101  9300  4336  1992     4    26   231  2005  2040   200 32744 32744 32744 32744
 52267 10104  4157  1992     3    20   231  1107  1240    13   110     6 32744 32744
 52267 10104  4157  1992     5     3   231   934   936    70   100    16 32744 32744
 52267 10104  4157  1992     5     8   231   531   541    20   100     6 32744 32744
 52267 10104  4157  1992     5     8   231   907  1127    20   100     6 32744 32744
 52267 10104  4157  1992     5    28   231  1720  1838    40   117    10 32744 32744
 52267 10104  4157  1992     6     2   231  1442  1443   200   123    16 32744 32744
 52267 10104  4157  1992     6     4   231   820  1638     8   110     6 32744 32744
 52267 10104  4157  1992     6    18   231  1818  1927    12   150    15 32744 32744
 52267 10104  4157  1992     6    29   231  1648  1716   170   100     3 32744 32744
 52313  9440  4132  1992     6     4   231  1740  1754   600 32744 32744 32744 32744
 52378 10222  4122  1992     2    28   231   117   820     7   153     5 32744 32744
 52378 10222  4122  1992     3    19   231  1904  2000     8   160     5 32744 32744
 52378 10222  4122  1992     3    20   231  2000  2024     6   207     5 32744 32744
 52378 10222  4122  1992     3    20   231     7  1912     6   207     5 32744 32744
 52378 10222  4122  1992     3    26   231  1745  1950     8   163    13 32744 32744
 52378 10222  4122  1992     4     9   231  1552  1742    70   160    13 32744 32744
 52378 10222  4122  1992     5     5   231  1935  2000     4   170    13 32744 32744
 52378 10222  4122  1992     5     6   231  2000  2400   120   180    13 32744 32744
 52378 10222  4122  1992     5     8   231  1335  2000     4   180     4 32744 32744
 52378 10222  4122  1992     5     9   231  2000    42    80   190     4 32744 32744
 52378 10222  4122  1992     5    13   231  2254   209     6   190    13 32744 32744
 52378 10222  4122  1992     5    13   231  1323  1609     6   190    13 32744 32744
 52378 10222  4122  1992     6     4   231   512  1820     5   203     5 32744 32744
 52378 10222  4122  1992     6    29   231  1839  1930   120   150     6 32744 32744
 52378 10222  4122  1992     8     1   231   841   930     8   177    13 32744 32744
 52378 10222  4122  1992     8     1   231  1242  1514     8   177    13 32744 32744
 52378 10222  4122  1992     8    19   231  1920  2000     9   143    14 32744 32744
 52378 10222  4122  1992     8    20   231  2000  2006   200   110    14 32744 32744
 52378 10222  4122  1992     8    30   231  2315  2345    80   157     9 32744 32744
 52378 10222  4122  1992     9     2   231  1120  1315    20   173    14 32744 32744
 52418  9441  4009  1992     1    30   231  1408  1905     8   100     4 32744 32744
 52418  9441  4009  1992     3    12   231   841   910    60   127    12 32744 32744
 52418  9441  4009  1992     4     6   231  2021  2032   110    63    12 32744 32744
 52418  9441  4009  1992     6     4   231  1747  1918   100   120    15 32744 32744
 52418  9441  4009  1992     6    18   231   225   408    50   147    12 32744 32744
 52418  9441  4009  1992     6    18   231   807   835    50   147    12 32744 32744
 52418  9441  4009  1992     6    19   231  1406  1507    90   133    14 32744 32744
 52418  9441  4009  1992     8    25   231   218   305   120    77     9 32744 32744
 52418  9441  4009  1992     9     1   231  1828  1920    18    83    16 32744 32744
 52424  9546  4032  1992     1    30   231  1040  1930     3   197     5 32744 32744
 52424  9546  4032  1992     6     4   231  1844  1919   200   113    16 32744 32744
 52424  9546  4032  1992     6    19   231  1525  1827   150   110    13 32744 32744
 52436  9702  4016  1992     1    30   231  1307  1442     8   120     5 32744 32744
 52436  9702  4016  1992     6     4   231  1958  2000     2   110    14 32744 32744
 52436  9702  4016  1992     6     5   231  2000  2044   250   147    16 32744 32744
 52436  9702  4016  1992     6    19   231  1527  1530    80   173    12 32744 32744
 52436  9702  4016  1992     7    19   231  1518  1525   500    83    16 32744 32744
 52436  9702  4016  1992     7    31   231  1920  1937    30   130    12 32744 32744
 52446  9931  4018  1992     2    25   231  1340  1440     9   120    12 32744 32744
 52446  9931  4018  1992     6     5   231   620   635   170   147    13 32744 32744
 52446  9931  4018  1992     6    18   231  1632  1812    80   147    12 32744 32744
 52446  9931  4018  1992     6    19   231  1737  2000     8   170    14 32744 32744
 52446  9931  4018  1992     6    20   231  2000  2021    70   153    13 32744 32744
 52446  9931  4018  1992     7     5   231  1726  1807    20   133    14 32744 32744
 52446  9931  4018  1992     7    19   231  1815  1845   400   133    13 32744 32744
 52447  9854  4000  1992     4    26   231  1533  1545   110   120    14 32744 32744
 52447  9854  4000  1992     5    12   231  1913  1919   200    87    15 32744 32744
 52447  9854  4000  1992     5    13   231  2122  2202    70   133    14 32744 32744
 52447  9854  4000  1992     5    13   231  1538  1728    70   133    14 32744 32744
 52447  9854  4000  1992     6     5   231  2232  2324    90   170    14 32744 32744
 52447  9854  4000  1992     6     5   231   538   710    90   170    14 32744 32744
 52447  9854  4000  1992     6    18   231  1625  1846    14   120    14 32744 32744
 52447  9854  4000  1992     6    19   231  1701  2000     9   133    14 32744 32744
 52447  9854  4000  1992     6    20   231  2000  2035   300   103    14 32744 32744
 52447  9854  4000  1992     7    19   231  1716  1722   500   117    13 32744 32744
 52447  9854  4000  1992     7    22   231  1505  1543   300   107    14 32744 32744
 52495 10430  4045  1992     2    16   231  1343  1431     8   140    13 32744 32744
 52495 10430  4045  1992     4    10   231  1302  1445     7   187    14 32744 32744
 52495 10430  4045  1992     5    22   231  1815  2000     4   160     1 32744 32744
 52495 10430  4045  1992     5    23   231  2000  2040   180   110     2 32744 32744
 52495 10430  4045  1992     6     3   231  2015  2022   200   147    14 32744 32744
 52495 10430  4045  1992     6    20   231  1417  1438   150   133    12 32744 32744
 52495 10430  4045  1992    10    28   231  1236  1457     4   173    14 32744 32744
 52533  9829  3946  1992     6     5   231  2120  2311   120   183    14 32744 32744
 52533  9829  3946  1992     6     5   231   546   630   120   183    14 32744 32744
 52533  9829  3946  1992     6    17   231  2015  2035   150    70    10 32744 32744
 52533  9829  3946  1992     7     9   231  2027  2040   150   127    13 32744 32744
 52533  9829  3946  1992     9    22   231  1843  1847   300    57    11 32744 32744
 52533  9829  3946  1992    11    14   231  2118  2145   150    93    15 32744 32744
 52546  9950  3922  1992     4     6   231  1845  1901    90    97    15 32744 32744
 52546  9950  3922  1992     5    13   231  2210  2341    80   100    14 32744 32744
 52546  9950  3922  1992     6     5   231  2255    15    60    90    13 32744 32744
 52546  9950  3922  1992     6    18   231  1815  1929    15    83    14 32744 32744
 52576 10141  3913  1992     5     8   231  1833  1947    16   140     6 32744 32744
 52576 10141  3913  1992     6     5   231   943  1030   120   147    14 32744 32744
 52576 10141  3913  1992     7    19   231  1754  1810   150   117    13 32744 32744
 52602  9323  3850  1992     6    19   231  1358  1426     8   223    15 32744 32744
 52633  9825  3848  1992     2    13   231  1355  1420     7   160    14 32744 32744
 52633  9825  3848  1992     3    22   231  1715  1803   200   120    13 32744 32744
 52633  9825  3848  1992     4     9   231  1506  1915    90   150    14 32744 32744
 52633  9825  3848  1992     4    10   231  1022  1041    80   147    14 32744 32744
 52633  9825  3848  1992     4    19   231  1826  2000     8   150    14 32744 32744
 52633  9825  3848  1992     4    20   231  2000  2013   300   143    14 32744 32744
 52633  9825  3848  1992     4    21   231  1515  1617   300   140    14 32744 32744
 52633  9825  3848  1992     4    28   231  1040  1628    70   250    14 32744 32744
 52633  9825  3848  1992    11    18   231  1224  1534   200   153    14 32744 32744
 52645  9935  3825  1992     4    28   231  1352  1450     3   270    15 32744 32744
 52652 10026  3856  1992     4     6   231  1809  1832   120   120    14 32744 32744
 52652 10026  3856  1992     4    28   231  1206  1244   120   153    14 32744 32744
 52652 10026  3856  1992     5    13   231  2325    29    80   123    15 32744 32744
 52652 10026  3856  1992     6     5   231     3    18    70   113    14 32744 32744
 52657 10015  3811  1992     4    28   231  1511  1532   300   140    16 32744 32744
 52661 10105  3848  1992     4    28   231  1243  1306    90   120    14 32744 32744
 52674 10158  3814  1992     4    28   231  1420  1448   150   150    14 32744 32744
 52679 10240  3755  1992     4    28   231  1546  1640    90   150    14 32744 32744
 52681 10305  3838  1992     3    13   231  1335  1408     7    90    15 32744 32744
 52681 10305  3838  1992     3    30   231  1111  1120   300   137    14 32744 32744
 52681 10305  3838  1992     4    28   231  1625  1636   250   100    13 32744 32744
 52681 10305  3838  1992     5     2   231  1230  1836     8    87     7 32744 32744
 52681 10305  3838  1992     5     5   231  1814  2000     7   160    14 32744 32744
 52681 10305  3838  1992     5     6   231  2000  2335   200   170    14 32744 32744
 52681 10305  3838  1992     5    14   231  1526  1835   150   147    14 32744 32744
 52681 10305  3838  1992     5    31   231  1005  1113   200    73    14 32744 32744
 52681 10305  3838  1992     6     5   231  2009  2207     7   170    14 32744 32744
 52681 10305  3838  1992     6     5   231  1318  1410     7   170    14 32744 32744
 52681 10305  3838  1992     6    10   231  1432  1512   250   130    15 32744 32744
 52681 10305  3838  1992     6    17   231  1643  1703   200    77     8 32744 32744
 52681 10305  3838  1992     7     7   231   513   543   150   110    14 32744 32744
 52681 10305  3838  1992     7    12   231  1705  1740   300   107     2 32744 32744
 52681 10305  3838  1992     7    20   231  2007  2327   250   137    14 32744 32744
 52681 10305  3838  1992     8     1   231   638  1209     4   127    14 32744 32744
 52681 10305  3838  1992    10    28   231  1115  1627    14   147    14 32744 32744
 52681 10305  3838  1992    11    21   231  1236  1835    12   130    13 32744 32744
 52681 10305  3838  1992    12     8   231  1407  1436    40   120    14 32744 32744
 52681 10305  3838  1992    12    21   231  1629  1738   300   107    13 32744 32744
 52707  9341  3648  1992     6     9   231  1744  1840    40   180    14 32744 32744
 52707  9341  3648  1992     6    10   231  2054  2120    80   140    14 32744 32744
 52707  9341  3648  1992     6    19   231  1745  1820   150   160    16 32744 32744
 52707  9341  3648  1992     8     2   231  2003  2021   120   150    13 32744 32744
 52707  9341  3648  1992     8     2   231  1440  1450   120   150    13 32744 32744
 52737  9722  3722  1992     4    28   231  1031  1037   150   100    14 32744 32744
 52737  9722  3722  1992     5    13   231  1829  1834   130   107    11 32744 32744
 52754 10008  3720  1992     1     4   231  1615  1630   200   130    14 32744 32744
 52754 10008  3720  1992     2     1   231  1654  1816   200   113    13 32744 32744
 52754 10008  3720  1992     2     4   231  1716  1759   200   103    13 32744 32744
 52754 10008  3720  1992     2     6   231  1716  1720   200   103    14 32744 32744
 52754 10008  3720  1992     2    11   231  1437  1809   150   130    14 32744 32744
 52754 10008  3720  1992     2    12   231  1350  1639     8   120    14 32744 32744
 52754 10008  3720  1992     2    13   231  1330  1625     7   130    14 32744 32744
 52754 10008  3720  1992     2    16   231  1502  1712   200   130    13 32744 32744
 52754 10008  3720  1992     3     9   231  1112  1244    90   123    14 32744 32744
 52754 10008  3720  1992     3    16   231  1610  1708   150   120    14 32744 32744
 52754 10008  3720  1992     4     4   231  1533  1535   200   100    14 32744 32744
 52754 10008  3720  1992     4    17   231  1810  1817   100    83    13 32744 32744
 52754 10008  3720  1992     4    21   231  1542  1759   100   170    15 32744 32744
 52754 10008  3720  1992     4    26   231  1604  1838   180   183    16 32744 32744
 52754 10008  3720  1992     4    28   231  1205  1805   130   217    15 32744 32744
 52754 10008  3720  1992     4    30   231  1940  1944    20   133     3 32744 32744
 52754 10008  3720  1992     5     1   231  2005  2115   150   177     3 32744 32744
 52754 10008  3720  1992     5    11   231  1723  1726    60   133    15 32744 32744
 52754 10008  3720  1992     5    14   231  1227  1509     8   187    16 32744 32744
 52754 10008  3720  1992    10    20   231  1703  1715   180    90    14 32744 32744
 52754 10008  3720  1992    11     7   231  1706  1730   150   183     1 32744 32744
 52754 10008  3720  1992    11    18   231  1236  1240    80   160    13 32744 32744
 52754 10008  3720  1992    12     6   231  1450  1452   300   110    12 32744 32744
 52754 10008  3720  1992    12    11   231  1430  1520   300   120    13 32744 32744
 52754 10008  3720  1992    12    16   231  1720  1723   200   140    13 32744 32744
 52754 10008  3720  1992    12    21   231  1254  1314   120   150    13 32744 32744
 52754 10008  3720  1992    12    22   231  1116  1210   120   153    15 32744 32744
 52765 10137  3723  1992     4    28   231  1310  1315   250   160    15 32744 32744
 52797 10403  3711  1992     3    30   231  1116  1242   200   113    14 32744 32744
 52797 10403  3711  1992     4    28   231  1703  1718    80   107    15 32744 32744
 52797 10403  3711  1992     6    10   231  1635  1745   100    87    15 32744 32744
 52818  9454  3625  1992     5    30   231  1706  1716   200   140    14 32744 32744
 52818  9454  3625  1992     9    10   231  1948  2000     8   103    10 32744 32744
 52818  9454  3625  1992     9    11   231  2000  2019   120   123    10 32744 32744
 52825  9625  3626  1992     1     6   231  1311  1452     8   133    13 32744 32744
 52825  9625  3626  1992     3    21   231  1105  1117   120   123    13 32744 32744
 52825  9625  3626  1992     6    20   231  2110  2137   150    97    14 32744 32744
 52825  9625  3626  1992     7    24   231  1509  1520   200   107    12 32744 32744
 52836  9806  3618  1992     4    28   231  1407  1612   110   117    14 32744 32744
 52836  9806  3618  1992     5    13   231   133   253     8   100    13 32744 32744
 52836  9806  3618  1992     7    24   231  1702  1705    80    87    14 32744 32744
 52836  9806  3618  1992    11     7   231  1435  1712   110   110    14 32744 32744
 52842  9905  3647  1992     2     1   231  1426  1538   120   167    13 32744 32744
 52842  9905  3647  1992     3     2   231  1316  1316   100   130    13 32744 32744
 52842  9905  3647  1992     4    21   231  1542  1749   110   157    15 32744 32744
 52842  9905  3647  1992     4    26   231  1451  1451   100   150    13 32744 32744
 52842  9905  3647  1992     4    28   231  1123  1413     8   200    15 32744 32744
 52842  9905  3647  1992     5    23   231  1930  1930   180    90     3 32744 32744
 52842  9905  3647  1992     6     6   231  1823  1827   200   103    16 32744 32744
 52842  9905  3647  1992    11     7   231  1146  1537    70   197    14 32744 32744
 52856 10037  3616  1992     4    28   231  1329  1640     2   190    14 32744 32744
 52856 10037  3616  1992     5     2   231  1748  1750   300   120     6 32744 32744
 52866 10146  3637  1992     4    28   231  1454  1709   150    77    14 32744 32744
 52876 10251  3619  1992     4    28   231  1606  1630   150   110    12 32744 32744
 52889 10353  3603  1992     4    28   231  1747  1814    80   103     2 32744 32744
 52895 10441  3634  1992     4    28   231  1814  1840    50    53    15 32744 32744
 52908  9305  3513  1992     1     4   231  1524  1531   300   210    14 32744 32744
 52908  9305  3513  1992     3     8   231  1408  1410   300   213    12 32744 32744
 52908  9305  3513  1992     3    12   231  1238  1554    60   250    12 32744 32744
 52908  9305  3513  1992     3    13   231  1514  1516    70   210    13 32744 32744
 52908  9305  3513  1992     3    14   231  1307  1313   100   230    12 32744 32744
 52908  9305  3513  1992     3    21   231  1524  1532    80   227    13 32744 32744
 52908  9305  3513  1992     5     1   231  2007  2011   300   153     2 32744 32744
 52908  9305  3513  1992     5    30   231  1422  1427   350   170    12 32744 32744
 52908  9305  3513  1992     6     9   231  1515  1521   350   130     3 32744 32744
 52943  9959  3535  1992     1     4   231  1310  1552     8   183    13 32744 32744
 52943  9959  3535  1992     1     5   231  1427  1550   200   187    15 32744 32744
 52943  9959  3535  1992     2     6   231  1415  1510   480   140    14 32744 32744
 52943  9959  3535  1992     2    11   231  1424  1632   250   130    16 32744 32744
 52943  9959  3535  1992     2    13   231  1254  1430   120   170    14 32744 32744
 52943  9959  3535  1992     3    14   231  1235  1410     6   160    12 32744 32744
 52943  9959  3535  1992     3    17   231  1526  1717   120   190    14 32744 32744
 52943  9959  3535  1992     3    23   231  1625  1625   500   150    15 32744 32744
 52943  9959  3535  1992     4     4   231  1456  1456   450   123    14 32744 32744
 52943  9959  3535  1992     4    16   231  1442  1443   300   130    13 32744 32744
 52943  9959  3535  1992     4    19   231  1935  1936   450   113    14 32744 32744
 52943  9959  3535  1992     4    20   231  2004  2005   240   120    14 32744 32744
 52943  9959  3535  1992     4    21   231  1427  1753   230   137    14 32744 32744
 52943  9959  3535  1992     4    26   231  1715  1734   250   120    15 32744 32744
 52943  9959  3535  1992     4    27   231  1453  1524   250   110    13 32744 32744
 52943  9959  3535  1992     4    28   231  1224  1719     3   173    13 32744 32744
 52943  9959  3535  1992     4    29   231  1533  1536   350   117    14 32744 32744
 52943  9959  3535  1992     5     2   231  1939  1939   250   100    15 32744 32744
 52943  9959  3535  1992     5     3   231  1813  1819   300   130    14 32744 32744
 52943  9959  3535  1992     5    13   231  1712  1813   450   190    14 32744 32744
 52943  9959  3535  1992     5    14   231  1200  1235   150   123    14 32744 32744
 52943  9959  3535  1992     5    29   231  1502  1503   400    90     1 32744 32744
 52943  9959  3535  1992    11     7   231  1252  1409    50   193    14 32744 32744
 52943  9959  3535  1992    12    22   231  1133  1338   300   170    14 32744 32744
 52957 10039  3516  1992     1     4   231  1432  1522    80   160    14 32744 32744
 52957 10039  3516  1992     3    14   231  1327  1412     8   140    13 32744 32744
 52974 10201  3531  1992     4    28   231  1555  1840    10    90    15 32744 32744
 52984 10311  3535  1992     4    28   231  1823  1842    50   120     1 32744 32744
 53068 11158  4339  1992     4     6   231  1654  1708   250   153    12 32744 32744
 53068 11158  4339  1992     4     7   231   913  1817     6   200    14 32744 32744
 53068 11158  4339  1992     4    10   231  1254  1625     9   190    14 32744 32744
 53068 11158  4339  1992     4    20   231  1154  1642     9   200    15 32744 32744
 53068 11158  4339  1992     6     8   231  1531  1635   300   180     1 32744 32744
 53068 11158  4339  1992     8     1   231  1615  1628   300   157    10 32744 32744
 53068 11158  4339  1992     8    25   231  1518  1524   250   133    12 32744 32744
 53083 11409  4437  1992     4     7   231  1412  1937    40   220    12 32744 32744
 53149 11008  4232  1992     4     6   231  1607  1701   100   180    12 32744 32744
 53149 11008  4232  1992     4     7   231   932  1128   150   223    12 32744 32744
 53149 11008  4232  1992     4    10   231  1607  1659    80   157    14 32744 32744
 53149 11008  4232  1992     4    17   231  1124  1241   200   207    15 32744 32744
 53192 11457  4401  1992     4     7   231  1242  1805     4   180    12 32744 32744
 53195 11138  4352  1992     4     7   231  1323  1915     5   243    13 32744 32744
 53195 11138  4352  1992     4    23   231  1115  1253    40   227    14 32744 32744
 53195 11138  4352  1992     4    29   231  1607  1610   250   197    12 32744 32744
 53231 10624  4124  1992     2    29   231   923  1256   120   220     4 32744 32744
 53231 10624  4124  1992     3    10   231  1604  1658   150   163    13 32744 32744
 53231 10624  4124  1992     3    20   231   845  1030   120   200     4 32744 32744
 53231 10624  4124  1992     4    17   231  2130  2335   200   200     4 32744 32744
 53231 10624  4124  1992     4    17   231  1008  1035   200   200     4 32744 32744
 53231 10624  4124  1992     4    19   231  1240  1540     8   167    12 32744 32744
 53231 10624  4124  1992     4    22   231  1225  1420     6   180    13 32744 32744
 53231 10624  4124  1992     4    26   231  1910  2000     6   170    14 32744 32744
 53231 10624  4124  1992     4    27   231  2000  2030   200   180    13 32744 32744
 53231 10624  4124  1992     5     2   231  1052  1440    13   150     7 32744 32744
 53231 10624  4124  1992     5     3   231  2020  2225    70   170     7 32744 32744
 53231 10624  4124  1992     5    25   231  1946  2000     8   130     5 32744 32744
 53231 10624  4124  1992     5    26   231  2000  2043   300   130     5 32744 32744
 53231 10624  4124  1992     6     4   231   515  1410     4   180     4 32744 32744
 53231 10624  4124  1992     6    18   231  1515  1535   150   170     8 32744 32744
 53231 10624  4124  1992     6    28   231  1625  1745   250   177     1 32744 32744
 53231 10624  4124  1992     7     9   231  1757  1759   120   177     2 32744 32744
 53231 10624  4124  1992     7    20   231  2015  2120   250   173     2 32744 32744
 53231 10624  4124  1992     7    30   231  1644  1710   300   180    11 32744 32744
 53231 10624  4124  1992     9     2   231   635  1030     4   170    13 32744 32744
 53276 11254  4224  1992     4     7   231  1032  1416     4   177    13   235    13
 53276 11254  4224  1992     4    20   231  1509  1727    50   176    14   235    14
 53276 11254  4224  1992     4    29   231  1510  1741    90   187    14   260    14
 53276 11254  4224  1992    11     2   231   714   725    16   178    13   242    13
 53276 11254  4224  1992    11     2   231  1110  1122    16   178    13   242    13
 53336 10831  4134  1992     4    29   231  1223  1420     8   180    15 32744 32744
 53352 11026  4142  1992     4    17   231  1257  1359     8   147    14 32744 32744
 53362 11141  4132  1992     4    29   231  1315  1330   110   147    13 32744 32744
 53391 11400  4154  1992     4    29   231  1722  1740   200   160    14 32744 32744
 53399 11442  4109  1992     4    17   231  1603  1725   200   147    16 32744 32744
 53399 11442  4109  1992     4    18   231  1301  1415     7   133    14 32744 32744
 53399 11442  4109  1992     4    20   231  1829  2000     9   120    15 32744 32744
 53399 11442  4109  1992     4    21   231  2000  2038   250   130    16 32744 32744
 53399 11442  4109  1992     4    22   231  1210  1505     7   140    12 32744 32744
 53463 11141  4049  1992     4    17   231  1349  1430     4   127    14 32744 32744
 53463 11141  4049  1992     6     8   231  1916  1935   120   170     1 32744 32744
 53480 11304  4102  1992     4    17   231  1444  1710    80 32744 32744 32744 32744
 53502 10545  3947  1992     4    10   231   730   815     7   170    16 32744 32744
 53529 10759  3906  1992     4    10   231   852  2000     4   143    15 32744 32744
 53529 10759  3906  1992     4    11   231  2000  2025   150    93    14 32744 32744
 53543 10959  3950  1992     4    10   231  1241  1818     8   120    14 32744 32744
 53545 10944  3934  1992     4    10   231  1008  1705     6   157    14 32744 32744
 53545 10944  3934  1992     4    29   231  1345  1520     6   147    14 32744 32744
 53545 10944  3934  1992     8    24   231  1609  1914   300   117    11 32744 32744
 53602 10540  3850  1992     5     2   231  1604  2000     6   183     7 32744 32744
 53602 10540  3850  1992     5     3   231  2000   115    80   150     7 32744 32744
 53602 10540  3850  1992     5    14   231  1703  1803   180   117    16 32744 32744
 53614 10613  3829  1992     4    10   231  1137  1315    40   161    14   210    15
 53614 10613  3829  1992     5     2   231  1409  1920    12   106     7   146     7
 53615 10642  3848  1992     2     5   231  1041  1100   100   110     1 32744 32744
 53615 10642  3848  1992     3    20   231  2046  2115   100   106    10   158    10
 53615 10642  3848  1992     4     6   231  1739  1824   100   118     9   190     9
 53615 10642  3848  1992     4    10   231   910  1018    50   131    16   204    16
 53615 10642  3848  1992     4    17   231  1536  1619    80    94     2   154     1
 53615 10642  3848  1992     5     2   231  1348  2000     8   120     9   179     9
 53615 10642  3848  1992     5     3   231  2000  2037    40    91     9   150     8
 53615 10642  3848  1992     8     1   231  1912  1931   100   109     9   163     8
 53646 10942  3814  1992     4    10   231  1551  2000     8   100    14 32744 32744
 53646 10942  3814  1992     4    11   231  2000  2307    60    83    14 32744 32744
 53663 11149  3855  1992     4    10   231  1617  1820    60   100    14 32744 32744
 53698 11425  3802  1992     7     5   231  1748  1752    35   120     3 32744 32744
 53723 10724  3747  1992     3    12   231   929  1715     4   133     9 32744 32744
 53723 10724  3747  1992     4     6   231  1712  1806    50   137     9 32744 32744
 53723 10724  3747  1992     4     7   231   851  1019    30   100     2 32744 32744
 53723 10724  3747  1992     4    10   231  1205  1634     9    92    14   138    16
 53723 10724  3747  1992     4    20   231  1818  1933    15    89     1   142    16
 53723 10724  3747  1992     4    28   231   803   943    15   101     5   196     2
 53723 10724  3747  1992     4    28   231  1604  1610    15   101     5   196     2
 53723 10724  3747  1992     4    29   231  1132  1405     9    88    15   146    12
 53723 10724  3747  1992     5     2   231  1008  1830     4   130     9   183     9
 53723 10724  3747  1992     5     3   231   917  1726     6   119     9   173     9
 53723 10724  3747  1992     5     6   231  1242  1431     9    88    13   135    13
 53723 10724  3747  1992     5    14   231  1839  1925    18   100    12 32744 32744
 53723 10724  3747  1992     6     5   231  1033  1130   200    98    16   160    16
 53723 10724  3747  1992     8     5   231    13    20    30   112    15   217    16
 53723 10724  3747  1992    10    28   231  1641  1838    15   130    13   208    13
 53723 10724  3747  1992    12     8   231  1019  1540     9   117    12   202    12
 53723 10724  3747  1992    12     9   231  1230  1518     9   118    13   175    13
 53723 10724  3747  1992    12    20   231  1312  1623     7   103    13   160    14
 53723 10724  3747  1992    12    21   231  1151  1448     7   106    12   173    12
 53725 10735  3735  1992     3    12   231  1020  1847     3   153     9 32744 32744
 53725 10735  3735  1992     4     6   231  1703  1740    80   127     8 32744 32744
 53725 10735  3735  1992     4    10   231  1210  1724     9   110    16 32744 32744
 53725 10735  3735  1992     4    20   231   846   904    60   110    16 32744 32744
 53725 10735  3735  1992     4    28   231   943  1140    70   130     6 32744 32744
 53725 10735  3735  1992     4    28   231  1525  1632    70   130     6 32744 32744
 53725 10735  3735  1992     5     2   231  1002  1635     6   120     8 32744 32744
 53725 10735  3735  1992     5     3   231   853  1712     3   147     9 32744 32744
 53725 10735  3735  1992     5    14   231  1925  1958     6   100     1 32744 32744
 53725 10735  3735  1992    12    21   231  1228  1431     7   137    12 32744 32744
 53740 10914  3756  1992     4    10   231  1547  1844    15   130    15 32744 32744
 53806 10539  3634  1992     3    30   231  1440  1620    20   127    15   167    15
 53806 10539  3634  1992     5     2   231  1940  2000     7   118     8   181     7
 53806 10539  3634  1992     5     3   231  2000   520     2   169     9   283     9
 53806 10539  3634  1992     5    13   231   638   827     2   129    15   188    16
 53806 10539  3634  1992     6     5   231  1811  1935    15   150    15   215     1
 53806 10539  3634  1992     6    10   231  1821  2000     2   138    16   190    15
 53806 10539  3634  1992     6    11   231  2000  2210   150   100    15   123    15
 53810 10554  3659  1992     3    30   231  1435  1905    50   107    16   158     1
 53810 10554  3659  1992     6    10   231  1928  2000     8    92    16   148     1
 53810 10554  3659  1992     6    11   231  2000  2027   100    75    16   135     1
 53810 10554  3659  1992     9     2   231  1036  1112    70   112    15   167    15
 53882 11304  3603  1992    12    20   231  1348  1416     5   133    15 32744 32744
 53923 10738  3544  1992     4    28   231  1720  1724   300    87    16 32744 32744
 53963 11122  3539  1992     6     5   231  1750  1800   120   143    14 32744 32744
 54049 12358  4415  1992     4     8   231  1120  1211    50   163    13 32744 32744
 54405 11530  4024  1992     4    17   231  1745  1823    60   110    13 32744 32744
 54511 11617  3956  1992     4    17   231  1828  1920    30    87    15   179    15
 54606 11544  3814  1992     6     3   231  1738  1744   110    83    16 32744 32744
 54606 11544  3814  1992     6    15   231  1820  1831   120    90     2 32744 32744
 54624 11721  3822  1992     6     3   231  1901  1956     4   177    14 32744 32744
 55228  8005  3230  1992     1     7   231  1139  1829     4 32744 32744 32744 32744
 55228  8005  3230  1992     1     9   231  1611  1718   700 32744 32744 32744 32744
 55228  8005  3230  1992     1    10   231  1436  1706   700 32744 32744 32744 32744
 55228  8005  3230  1992     1    25   231  1610  1611   700 32744 32744 32744 32744
 55228  8005  3230  1992     2    29   231  1430  1706    95 32744 32744 32744 32744
 55228  8005  3230  1992     3    11   231  1615  1617   600 32744 32744 32744 32744
 55228  8005  3230  1992     5    17   231  1620  1620   700 32744 32744 32744 32744
 55228  8005  3230  1992     6     8   231  1619  1625   700 32744 32744 32744 32744
 55228  8005  3230  1992     6    13   231  2145  2148   700 32744 32744 32744 32744
 55228  8005  3230  1992     7    10   231  1502  1516   700 32744 32744 32744 32744
 55228  8005  3230  1992     7    29   231  1916  1920   500 32744 32744 32744 32744
 55228  8005  3230  1992     9    15   231  1842  1843   700 32744 32744 32744 32744
 55228  8005  3230  1992    10    31   231  1810  1812   700 32744 32744 32744 32744
 55228  8005  3230  1992    11     5   231  1544  1730   700 32744 32744 32744 32744
 55228  8005  3230  1992    11    20   231  1629  1633   700 32744 32744 32744 32744
 55228  8005  3230  1992    12    11   231  1656  1658   700 32744 32744 32744 32744
 55248  8425  3209  1992     1     5   231  1540  1545   300 32744 32744 32744 32744
 55248  8425  3209  1992     1    10   231  1645  1710   300 32744 32744 32744 32744
 55248  8425  3209  1992     3     1   231  1523  1551    95 32744 32744 32744 32744
 55248  8425  3209  1992     3     3   231  1447  1935   110 32744 32744 32744 32744
 55248  8425  3209  1992     3     4   231  2000  2042   300 32744 32744 32744 32744
 55248  8425  3209  1992     3     5   231  1742  1943    45 32744 32744 32744 32744
 55248  8425  3209  1992     3     6   231  2001  2019    90 32744 32744 32744 32744
 55248  8425  3209  1992     3    12   231  1905  1915   300 32744 32744 32744 32744
 55248  8425  3209  1992     3    18   231  1805  1940    95 32744 32744 32744 32744
 55472  8838  3057  1992     2    13   231  1519  1524   250 32744 32744 32744 32744
 55472  8838  3057  1992     2    19   231  1708  1738   300 32744 32744 32744 32744
 55472  8838  3057  1992     3     1   231  1242  1250    90 32744 32744 32744 32744
 55472  8838  3057  1992     3     2   231  1457  1459   200 32744 32744 32744 32744
 55472  8838  3057  1992     3     3   231  1312  1817     6 32744 32744 32744 32744
 55472  8838  3057  1992     3     4   231  1703  1707   350 32744 32744 32744 32744
 55472  8838  3057  1992     3     5   231  1913  1958     7 32744 32744 32744 32744
 55472  8838  3057  1992     3     6   231  2014  2017     6 32744 32744 32744 32744
 55472  8838  3057  1992     3     6   231  1343  1743     6 32744 32744 32744 32744
 55472  8838  3057  1992     3    12   231  1642  1801   250 32744 32744 32744 32744
 55472  8838  3057  1992     3    16   231  1721  1723   350 32744 32744 32744 32744
 55472  8838  3057  1992     3    17   231  1410  1531   200 32744 32744 32744 32744
 55472  8838  3057  1992     3    24   231  1342  1730     8 32744 32744 32744 32744
 55472  8838  3057  1992     3    26   231  1114  1713     8 32744 32744 32744 32744
 55569  8736  2905  1992     1     6   231  1307  1427   150 32744 32744 32744 32744
 55569  8736  2905  1992     1    12   231  1319  1413     8 32744 32744 32744 32744
 55569  8736  2905  1992     2    17   231  1501  1850   300 32744 32744 32744 32744
 55569  8736  2905  1992     2    19   231  1703  1709   400 32744 32744 32744 32744
 55569  8736  2905  1992     2    28   231  1714  1719   400 32744 32744 32744 32744
 55569  8736  2905  1992     3     3   231  1410  1532   400 32744 32744 32744 32744
 55569  8736  2905  1992     3     5   231  1815  1925   400 32744 32744 32744 32744
 55569  8736  2905  1992     3     6   231  1432  1440   270 32744 32744 32744 32744
 55569  8736  2905  1992     3     7   231  1324  1520     4 32744 32744 32744 32744
 55569  8736  2905  1992     3    26   231  1245  1652   350 32744 32744 32744 32744
 55569  8736  2905  1992     4     8   231  1306  1315   400 32744 32744 32744 32744
 55569  8736  2905  1992    12    27   231  1554  1632   400 32744 32744 32744 32744
 55591  9108  2940  1992     2    17   231  1707  1717    80    73    12 32744 32744
 55591  9108  2940  1992     3     5   231  1625  1632    80     7    13 32744 32744
 55598  9146  2915  1992     3     5   231  1332  1746     9 32744 32744 32744 32744
 55598  9146  2915  1992     3     6   231  1234  1601     6 32744 32744 32744 32744
 55598  9146  2915  1992     3     7   231  1537  1604   190 32744 32744 32744 32744
 55598  9146  2915  1992     3    26   231  1721  1750   400 32744 32744 32744 32744
 55598  9146  2915  1992     5    26   231  1752  1810   380 32744 32744 32744 32744
 55664  8705  2838  1992     2    14   231  1649  1653   300 32744 32744 32744 32744
 55664  8705  2838  1992     2    29   231  1445  1529   400 32744 32744 32744 32744
 55664  8705  2838  1992     3     1   231  1411  1415   400 32744 32744 32744 32744
 55664  8705  2838  1992     3     3   231  1621  1628   200 32744 32744 32744 32744
 55664  8705  2838  1992     3     5   231  1714  1817   300 32744 32744 32744 32744
 55664  8705  2838  1992     3     6   231  1640  1640   400 32744 32744 32744 32744
 55664  8705  2838  1992     3     7   231  1546  1637   300 32744 32744 32744 32744
 55680  8936  2855  1992     1     6   231  1709  1713   300 32744 32744 32744 32744
 55680  8936  2855  1992     3    14   231  1544  1548   300 32744 32744 32744 32744
 55680  8936  2855  1992     3    26   231  1541  1547   300 32744 32744 32744 32744
 56004  9226  3413  1992     1     4   231  1316  1829     6   210    14 32744 32744
 56004  9226  3413  1992     1    18   231  1530  1705   300   187    14 32744 32744
 56004  9226  3413  1992     1    26   231  1411  1443   300   187    13 32744 32744
 56004  9226  3413  1992     2     6   231  1450  1546   250   173    14 32744 32744
 56004  9226  3413  1992     2     7   231  1417  1428   300   167    13 32744 32744
 56004  9226  3413  1992     3    26   231  1250  1259   250   197    14 32744 32744
 56004  9226  3413  1992     5    10   231  1604  1625   300   220    15 32744 32744
 56004  9226  3413  1992    10    20   231  1429  1433   350   160    15 32744 32744
 56018  9518  3254  1992     3     3   231  1250  1430     7   160    12 32744 32744
 56018  9518  3254  1992     3    29   231  1424  1431   300   147    13 32744 32744
 56018  9518  3254  1992     4    10   231  1124  1126   400   140    12 32744 32744
 56018  9518  3254  1992     4    11   231  1610  1648   350   130    13 32744 32744
 56018  9518  3254  1992     5     8   231  1434  1436   300   113    12 32744 32744
 56021  9547  3408  1992     5     8   231  1455  1456   450   130    16 32744 32744
 56033  9813  3455  1992     3     7   231  1358  1402   200   137    14 32744 32744
 56033  9813  3455  1992     3    14   231  1240  1520     8   153    12 32744 32744
 56033  9813  3455  1992     5    12   231  1817  1822   300   137    14 32744 32744
 56046  9939  3345  1992     3    19   231  1439  1442   200   140    16 32744 32744
 56065 10136  3444  1992     1     4   231  1315  1505   300   117    14 32744 32744
 56065 10136  3444  1992     1    28   231  1428  1430   300   107     2 32744 32744
 56065 10136  3444  1992     2    12   231  1634  1635   300   120    15 32744 32744
 56065 10136  3444  1992     3    14   231  1523  1557   250   133    12 32744 32744
 56065 10136  3444  1992    12    22   231  1154  1448     8   170    14 32744 32744
 57006 10545  3435  1992     5     6   231   617   648    15    83    16 32744 32744
