 50603 11649  4840  1996     4    23   231  1848  2000     9   140    16 32744 32744
 50603 11649  4840  1996     4    24   231  2000  2140   210   163    14 32744 32744
 50618 11816  4813  1996     4    24   231  1020  1315   110 32744 32744 32744 32744
 50788 13159  4714  1996     4    24   231  1305  1410     9   177    11 32744 32744
 50915 11658  4531  1996     4    23   231  1452  2000     8   160    13 32744 32744
 50915 11658  4531  1996     4    24   231  2000  2051   250   143    13 32744 32744
 50915 11658  4531  1996     5     3   231  1830  2000     4   180     1 32744 32744
 50915 11658  4531  1996     5     4   231  2000  2023   300   180     1 32744 32744
 51087  8931  4659  1996     4    27   231  1618  1620   300   167    15 32744 32744
 51087  8931  4659  1996     5    13   231  1710  1740   120   180    13 32744 32744
 51241  8336  4556  1996     8     5   231  1637  1658   350 32744 32744 32744 32744
 51241  8336  4556  1996     9    12   231  2233  2237   450 32744 32744 32744 32744
 51243  8451  4537  1996     3    28   231  2024  2215   150    73     5   106     5
 51243  8451  4537  1996     4    22   231   946  1009   500   260    15   363    15
 51243  8451  4537  1996     8    29   231  1824  1831   200   228    15   327    15
 51330  8101  4458  1996     8    29   231  1938  1943   120   170    13 32744 32744
 51334  8254  4437  1996     8    30   231  2042  2215   150    90    15 32744 32744
 51346  8440  4426  1996     5    13   231  1845  2000     4    97    12   156    12
 51346  8440  4426  1996     5    14   231  2000  2215    80    90    12   140    12
 51346  8440  4426  1996     6    10   231  1949  1952     8    92    13   190    13
 51356  8603  4419  1996     8    30   231  2032  2233   200   110    16 32744 32744
 51365  8732  4412  1996     5    13   231  1830  1844    11 32744 32744 32744 32744
 51379  8934  4401  1996     5    14   231  2130  2143   100   160    14 32744 32744
 51379  8934  4401  1996     8    30   231  2357    15   120   154    15   219    15
 51477  8819  4321  1996     3    15   231  1606  1925   150   231    15   327    13
 51628  8014  4110  1996     4    24   231  1821  1837   100    81    13   144    12
 51628  8014  4110  1996     7    10   231  2126  2142   100    93    15   190    14
 51642  8415  4147  1996     5    28   231  1720  1734   150 32744 32744 32744 32744
 51642  8415  4147  1996     6    25   231  1937  1943    20 32744 32744 32744 32744
 51644  8304  4143  1996     5    29   231   420   658    90   119    15   217    16
 51656  8608  4145  1996     5    29   231  1725  1956     3    73     2 32744 32744
 51709  7559  3928  1996     6    12   231  2204  2229   200   119    16   190     1
 51711  7827  4056  1996     5    20   231  1825  1845   250    97    13 32744 32744
 51711  7827  4056  1996     8    13   231  1630  1636   300    90    11 32744 32744
 51711  7827  4056  1996     8    28   231  1722  1728   400   100    12 32744 32744
 51716  7834  3948  1996     4    18   231   910  1205    12   100     2 32744 32744
 51720  7903  4030  1996     4    18   231   816  1125    25 32744 32744 32744 32744
 51720  7903  4030  1996     4    22   231  1940  2000     8 32744 32744 32744 32744
 51720  7903  4030  1996     4    23   231  2000  2005    80 32744 32744 32744 32744
 51720  7903  4030  1996     4    24   231  1631  1707    80 32744 32744 32744 32744
 51720  7903  4030  1996     4    25   231  1415  1520    90 32744 32744 32744 32744
 51720  7903  4030  1996     4    29   231  2049  2124   200 32744 32744 32744 32744
 51720  7903  4030  1996     5    14   231  1930  1937   200 32744 32744 32744 32744
 51720  7903  4030  1996     7    24   231  1718  1725   250 32744 32744 32744 32744
 51720  7903  4030  1996     8    28   231  1855  1907   400 32744 32744 32744 32744
 51730  8103  4030  1996     4     2   231  1630  1738   120 32744 32744 32744 32744
 51730  8103  4030  1996     4    25   231  1410  1840    30 32744 32744 32744 32744
 51730  8103  4030  1996     8     9   231  2034  2123   120 32744 32744 32744 32744
 51730  8103  4030  1996     8    31   231   811   940    60 32744 32744 32744 32744
 51765  8742  4038  1996     3    15   231  1708  2000     5 32744 32744 32744 32744
 51765  8742  4038  1996     3    16   231  2000  2205    90 32744 32744 32744 32744
 51765  8742  4038  1996     4    22   231  1935  2000     6 32744 32744 32744 32744
 51765  8742  4038  1996     4    23   231  2000  2110   120 32744 32744 32744 32744
 51765  8742  4038  1996     4    28   231  1952  2000     2 32744 32744 32744 32744
 51765  8742  4038  1996     4    29   231  2000  2111   250 32744 32744 32744 32744
 51765  8742  4038  1996     6    13   231  2218  2234   120 32744 32744 32744 32744
 51765  8742  4038  1996     6    22   231  1652  1700   200 32744 32744 32744 32744
 51777  8810  3902  1996     3    15   231  1210  1759     8   129     5   225     5
 51777  8810  3902  1996     5    29   231  1208  1832     3   153    12   244    12
 51777  8810  3902  1996     6    13   231  1105  1951     5   123     4   213     4
 51777  8810  3902  1996     8    30   231  1520  2000     4   150     4   294     4
 51777  8810  3902  1996     8    31   231  2000    40    30   145     4   269     4
 51777  8810  3902  1996    10     2   231  1420  1630    60   114     4   200     4
 51804  7514  3747  1996     1    29   231  1909  1912   650   117    12 32744 32744
 51811  7716  3826  1996     5    28   231  1940  2000     6 32744 32744 32744 32744
 51811  7716  3826  1996     5    29   231  2000  2220     4 32744 32744 32744 32744
 51811  7716  3826  1996     5    29   231    10  1620     4 32744 32744 32744 32744
 51811  7716  3826  1996     6     3   231  1423  1435    50 32744 32744 32744 32744
 51811  7716  3826  1996     7     4   231  2227  2346    70 32744 32744 32744 32744
 51811  7716  3826  1996     7     6   231  2145  2213    40 32744 32744 32744 32744
 51818  7817  3737  1996     2    13   231  1912  2000     8    63    14 32744 32744
 51818  7817  3737  1996     2    14   231  2000  2008    40    67    14 32744 32744
 51818  7817  3737  1996     3    21   231   921   936    90    73    15 32744 32744
 51818  7817  3737  1996     4    25   231  1304  1312    50    93    13 32744 32744
 51818  7817  3737  1996     5     3   231   141   213     9    63    14 32744 32744
 51818  7817  3737  1996     5    18   231  1842  1903    60    73     9 32744 32744
 51818  7817  3737  1996     5    29   231  2140  1135     9    93    14 32744 32744
 51818  7817  3737  1996     6     3   231  1623  1834    80    77     2 32744 32744
 51818  7817  3737  1996     6     4   231  2057  2217   100    80    10 32744 32744
 51818  7817  3737  1996     6    14   231   135   327     8    73    13 32744 32744
 51818  7817  3737  1996     7     4   231    21   130    15    93    14 32744 32744
 51828  7956  3708  1996     3    28   231  1316  1410     9    68    14   117    14
 51828  7956  3708  1996     4    25   231   513   540    40    70    12   119    14
 51828  7956  3708  1996     4    30   231  1743  1931    12    69    13   138    15
 51828  7956  3708  1996     5    18   231  1807  1916    15    80    11   129    13
 51828  7956  3708  1996     5    25   231  1820  1940    30    62    14   125    16
 51828  7956  3708  1996     5    29   231    10   237     6    89    14   163    13
 51828  7956  3708  1996     5    29   231   723   834     6    89    14   163    13
 51828  7956  3708  1996     6     3   231  1839  1927    30    77    16   131     2
 51828  7956  3708  1996     6    14   231   349   740     7    67    12   133    15
 51828  7956  3708  1996     6    29   231   624   715    12    69    12   138    12
 51828  7956  3708  1996     7     4   231   244   335    60    74    13   148    12
 51828  7956  3708  1996     7    11   231   414   506    25    70    13   142    13
 51839  8243  3704  1996     3    28   231  1043  1425     7   103    12 32744 32744
 51839  8243  3704  1996     3    29   231  1702  1807    15    90    11 32744 32744
 51839  8243  3704  1996     4    25   231   902  1242    18   100    11 32744 32744
 51839  8243  3704  1996     5     3   231  1007  1218     6    80    11 32744 32744
 51839  8243  3704  1996     5     3   231  1932  2000     6    80    11 32744 32744
 51839  8243  3704  1996     5     4   231  2000  2203    30    80    11 32744 32744
 51839  8243  3704  1996     5     8   231   940  1028    25    80    11 32744 32744
 51839  8243  3704  1996     5    11   231  2332    25    20    73    11 32744 32744
 51839  8243  3704  1996     5    19   231  2131  2230     9    63    10 32744 32744
 51839  8243  3704  1996     5    19   231    40   231     9    63    10 32744 32744
 51839  8243  3704  1996     5    29   231   310  1740     2   110    14 32744 32744
 51839  8243  3704  1996     6    13   231  1128  1150     7    70    13 32744 32744
 51839  8243  3704  1996     6    13   231  1940  2000     7    70    13 32744 32744
 51839  8243  3704  1996     6    14   231  2000  2117     9    73    13 32744 32744
 51839  8243  3704  1996     6    14   231  1410  1612     9    73    13 32744 32744
 51839  8243  3704  1996     6    16   231  1030  2000     4   100    11 32744 32744
 51839  8243  3704  1996     6    17   231  2000  2340     8    97    11 32744 32744
 51839  8243  3704  1996     6    29   231  1851  2000     4    77    11 32744 32744
 51839  8243  3704  1996     6    30   231  2000  2115     9    83    11 32744 32744
 51839  8243  3704  1996     6    30   231  1804  2000     9    83    11 32744 32744
 51839  8243  3704  1996     7     1   231  2000  2043   150    93    11 32744 32744
 51839  8243  3704  1996     7     4   231   715  1423     1   117    13 32744 32744
 51839  8243  3704  1996     7    11   231   808  1417     8   117    11 32744 32744
 51839  8243  3704  1996     7    12   231  1920  2000     3    70    11 32744 32744
 51839  8243  3704  1996     7    13   231  2000  2210    20    90    11 32744 32744
 51839  8243  3704  1996     7    16   231  1904  2000     4    90    11 32744 32744
 51839  8243  3704  1996     7    17   231  2000  2233    30    90    12 32744 32744
 51839  8243  3704  1996     7    22   231  2117     4    20   110    12 32744 32744
 51839  8243  3704  1996     8    16   231  1950  2000     8    50     3 32744 32744
 51839  8243  3704  1996     8    17   231  2000  2235    11    53     4 32744 32744
 51839  8243  3704  1996     8    20   231  2019  2127    40    80    11 32744 32744
 51839  8243  3704  1996     8    30   231  1035  1220     7    90    12 32744 32744
 51839  8243  3704  1996     8    30   231  1821  2000     7    90    12 32744 32744
 51839  8243  3704  1996     8    31   231  2000  2040     3    70    12 32744 32744
 51839  8243  3704  1996    10     3   231   405  1101     4   113    12 32744 32744
 51839  8243  3704  1996    10    21   231  1142  1220    40    70    11 32744 32744
 51848  8339  3756  1996     3    30   231   243   359     7    67     5 32744 32744
 51848  8339  3756  1996     4     5   231  2052  2214    70    80     5 32744 32744
 51848  8339  3756  1996     4     9   231  1102  1211    40    67     5 32744 32744
 51848  8339  3756  1996     4    18   231  1134  1157     6    70     4 32744 32744
 51848  8339  3756  1996     4    25   231  1414  1426    90    70    12 32744 32744
 51848  8339  3756  1996     5    13   231  1908  1924   120    60    13 32744 32744
 51848  8339  3756  1996     5    29   231   518   601    40    73    14 32744 32744
 51848  8339  3756  1996     6    13   231  1748  1930     8    70     3 32744 32744
 51848  8339  3756  1996     7     1   231  2315   121    15    80    14 32744 32744
 51848  8339  3756  1996     7     4   231  1641  1830    15    80     1 32744 32744
 51848  8339  3756  1996     7    12   231  2230  2400    15    70     2 32744 32744
 51848  8339  3756  1996     8    31   231  2159   140     3    73     4 32744 32744
 51855  8533  3809  1996     4    18   231  1705  1907    25 32744 32744 32744 32744
 51855  8533  3809  1996     5    29   231   634  1448     0 32744 32744 32744 32744
 51855  8533  3809  1996     5    29   231  1951  2000     0 32744 32744 32744 32744
 51855  8533  3809  1996     5    30   231  2000  2308    40 32744 32744 32744 32744
 51855  8533  3809  1996     6    13   231  1519  2000     8 32744 32744 32744 32744
 51855  8533  3809  1996     6    14   231  2000  2153    30 32744 32744 32744 32744
 51855  8533  3809  1996     6    23   231  1440  1448   120 32744 32744 32744 32744
 51855  8533  3809  1996     7     4   231  1905  2000     6 32744 32744 32744 32744
 51855  8533  3809  1996     7     5   231  2000  2220    60 32744 32744 32744 32744
 51855  8533  3809  1996     7    17   231   330   350    20 32744 32744 32744 32744
 51855  8533  3809  1996     8    30   231  1856  2000     3 32744 32744 32744 32744
 51855  8533  3809  1996     8    31   231  2000    40    12 32744 32744 32744 32744
 51886  9051  3815  1996     1     6   231  1636  1656   400   140    15 32744 32744
 51886  9051  3815  1996     1    25   231  1132  1610     7   183    15 32744 32744
 51886  9051  3815  1996     3     3   231  1637  1724   300   140    15 32744 32744
 51886  9051  3815  1996     3    11   231  2003  2028   120   170    16 32744 32744
 51886  9051  3815  1996     3    11   231   202   220   120   170    16 32744 32744
 51886  9051  3815  1996     3    15   231  1428  1925    70   250    15 32744 32744
 51886  9051  3815  1996     4    26   231  1753  1755   120   120    14 32744 32744
 51886  9051  3815  1996     5    12   231  1810  1929    20 32744 32744 32744 32744
 51886  9051  3815  1996     5    13   231  2008  2040   150    97     2 32744 32744
 51886  9051  3815  1996     5    29   231  1551  1620    30   150     2 32744 32744
 51886  9051  3815  1996     6     2   231  1628  1646   200   153    14 32744 32744
 51886  9051  3815  1996    11    25   231  1443  1445   400   143    14 32744 32744
 51931  8139  3651  1996     4    25   231   725   848     4   103    15 32744 32744
 51931  8139  3651  1996     5     1   231  2137  2152    40    70    14 32744 32744
 51931  8139  3651  1996     5    13   231  1837  1941     7    67    10 32744 32744
 51931  8139  3651  1996     5    26   231  1912  2000     7    70    11 32744 32744
 51931  8139  3651  1996     5    27   231  2000  2043     7    80    10 32744 32744
 51931  8139  3651  1996     5    27   231  1909  1939     7    80    10 32744 32744
 51931  8139  3651  1996     5    29   231   211   420     2   120     8 32744 32744
 51931  8139  3651  1996     5    29   231  1927  2000     2   120     8 32744 32744
 51931  8139  3651  1996     5    30   231  2000  2037   100   100     9 32744 32744
 51931  8139  3651  1996     6     4   231  2124  2155    80    80    15 32744 32744
 51931  8139  3651  1996     7     4   231   617   738    15    80    13 32744 32744
 52101  9300  4336  1996     7    12   231  1812  1825   500 32744 32744 32744 32744
 52203  9331  4249  1996     3     9   231   505   654    30   120     6 32744 32744
 52267 10104  4157  1996     5    30   231  1805  1933    20   143    13 32744 32744
 52267 10104  4157  1996     6     3   231   811  1333    20   110     6 32744 32744
 52267 10104  4157  1996     6    22   231   948  1054    80    73     6 32744 32744
 52267 10104  4157  1996     6    24   231  1701  1718   300   147    12 32744 32744
 52267 10104  4157  1996     8     8   231  1846  1913   120    97    10 32744 32744
 52267 10104  4157  1996     8    17   231  2037   219     5   137    15 32744 32744
 52267 10104  4157  1996    10    27   231  1514  1530   200   127    14 32744 32744
 52323  9702  4148  1996     4    22   231  1758  2000     2   220    16 32744 32744
 52323  9702  4148  1996     4    23   231  2000  2052    70   127    16 32744 32744
 52378 10222  4122  1996     4    15   231  1121  1206     4   200    13 32744 32744
 52378 10222  4122  1996     4    15   231  1506  2000     4   200    13 32744 32744
 52378 10222  4122  1996     4    16   231  2000  2020   150   113    14 32744 32744
 52378 10222  4122  1996     5     5   231  1432  1918    60   173    13 32744 32744
 52378 10222  4122  1996     5     6   231  1317  1740     5   190    14 32744 32744
 52378 10222  4122  1996     5    30   231  1825  2000     7   160    13 32744 32744
 52378 10222  4122  1996     5    31   231  2000  2040   200   170    13 32744 32744
 52378 10222  4122  1996     6     4   231  1703  1705   120   120    14 32744 32744
 52378 10222  4122  1996     6     5   231  1902  1909    60   140    11 32744 32744
 52378 10222  4122  1996     6    12   231  1015  1132    80   157    12 32744 32744
 52378 10222  4122  1996     6    12   231  1620  1624    80   157    12 32744 32744
 52378 10222  4122  1996     6    17   231  1857  1930    60   160    16 32744 32744
 52378 10222  4122  1996     6    18   231  2010  2235    30   183    16 32744 32744
 52378 10222  4122  1996     6    22   231   607   720    20   170     5 32744 32744
 52378 10222  4122  1996     6    28   231  1314  1448    20   160    14 32744 32744
 52378 10222  4122  1996     7     1   231  1712  1735    60   150    15 32744 32744
 52378 10222  4122  1996     7     8   231  1947  2000     6   130     2 32744 32744
 52378 10222  4122  1996     7     9   231  2000  2016   200   150     5 32744 32744
 52378 10222  4122  1996     7    23   231  1939  1958     7   150    13 32744 32744
 52378 10222  4122  1996     7    28   231  1631  1656   300   160    12 32744 32744
 52378 10222  4122  1996     8    17   231   619   843     7   140    14 32744 32744
 52378 10222  4122  1996     8    31   231   420   704    50   160    13 32744 32744
 52378 10222  4122  1996     8    31   231  1046  1249    50   160    13 32744 32744
 52378 10222  4122  1996     9    12   231   225   230   250   163    12 32744 32744
 52378 10222  4122  1996    11    16   231  1512  1717   150   160    14 32744 32744
 52378 10222  4122  1996    11    19   231  1204  1548     6   170    14 32744 32744
 52378 10222  4122  1996    12     9   231  1415  1434    60   160    13 32744 32744
 52418  9441  4009  1996     3     8   231   235  1840     2   157     4 32744 32744
 52418  9441  4009  1996     4    27   231  2007  2026   120   120    11 32744 32744
 52418  9441  4009  1996     5    29   231  1935  2000     1   120    13 32744 32744
 52418  9441  4009  1996     5    30   231  2000   315     4   150    12 32744 32744
 52418  9441  4009  1996     8    30   231  1715  1830    40    87    14 32744 32744
 52418  9441  4009  1996     8    31   231  2012   125    40   120    12 32744 32744
 52424  9546  4032  1996     3     7   231  1306  1932     7   157     6 32744 32744
 52424  9546  4032  1996     3     8   231   613  2000     2   170     4 32744 32744
 52424  9546  4032  1996     3     9   231  2000  2310    60   140     5 32744 32744
 52424  9546  4032  1996     4    19   231  1003  1214    15   137     6 32744 32744
 52424  9546  4032  1996     5    30   231  2145   902     1   140    12 32744 32744
 52424  9546  4032  1996     8    31   231   235   250    60    63     2 32744 32744
 52436  9702  4016  1996     3     8   231  1139  1230    20   150     4 32744 32744
 52436  9702  4016  1996     5    30   231  2345  1512     1   173    12 32744 32744
 52436  9702  4016  1996     6    26   231  1633  1708   200   117    14 32744 32744
 52446  9931  4018  1996     4    15   231  1808  1843    80   153    13 32744 32744
 52446  9931  4018  1996     4    23   231  2112  2310    80   197    16 32744 32744
 52446  9931  4018  1996     5    30   231   520  1628     3   160    14 32744 32744
 52446  9931  4018  1996     5    30   231  1935  2000     3   160    14 32744 32744
 52446  9931  4018  1996     5    31   231  2000  2004   110   127    14 32744 32744
 52446  9931  4018  1996     6    17   231  1734  1910   120   180    16 32744 32744
 52446  9931  4018  1996     8    17   231  2130  2255   200   200    16 32744 32744
 52447  9854  4000  1996     4    15   231  1420  2000     8   130    15 32744 32744
 52447  9854  4000  1996     4    16   231  2000  2110   300   110    14 32744 32744
 52447  9854  4000  1996     5    30   231   225  1815     2   157    14 32744 32744
 52447  9854  4000  1996     6    15   231  1043  1125   300   110    14 32744 32744
 52495 10448  4010  1996     3    15   231  1819  2000     9   153    15 32744 32744
 52495 10448  4010  1996     3    16   231  2000  2258    50   183    15 32744 32744
 52495 10448  4010  1996     3    29   231  1042  1336    12   147     2 32744 32744
 52495 10448  4010  1996     4    16   231   830  1422     6   187    13 32744 32744
 52495 10448  4010  1996     4    23   231  1005  1237    18   190    14 32744 32744
 52495 10448  4010  1996     5     6   231  1505  1938    15   177    14 32744 32744
 52495 10448  4010  1996     6    12   231  1926  2000     8   167    15 32744 32744
 52495 10448  4010  1996     6    13   231  2000  2008   300   167    13 32744 32744
 52495 10448  4010  1996     6    28   231  1403  1405   200   183    14 32744 32744
 52495 10448  4010  1996     7    22   231  1542  1621   200   197    14 32744 32744
 52495 10448  4010  1996    10    27   231  1629  1653   150   180    13 32744 32744
 52495 10448  4010  1996    12    31   231  1034  1356     9   237    14 32744 32744
 52533  9829  3946  1996     4    16   231  2020  2131   150   170    14 32744 32744
 52533  9829  3946  1996     4    23   231  2150  2220    70    70     1 32744 32744
 52533  9829  3946  1996     5    30   231   220   329     3   153    14 32744 32744
 52533  9829  3946  1996     5    30   231  1655  1725     3   153    14 32744 32744
 52533  9829  3946  1996     8    17   231  2028  2117   150    67    15   133    15
 52533  9829  3946  1996    11    25   231  1604  1624    60   130    15   204     2
 52546  9950  3922  1996     4    15   231  1922  1928     5    73    14 32744 32744
 52546  9950  3922  1996     4    16   231  2047  2228    20   117    14 32744 32744
 52546  9950  3922  1996     5    30   231   413  1840     2   100    15 32744 32744
 52576 10141  3913  1996     4    15   231  1738  2000     4   153    14 32744 32744
 52576 10141  3913  1996     4    16   231  2000  2243   150 32744 32744 32744 32744
 52576 10141  3913  1996     5    30   231   935  2000     2   120     6 32744 32744
 52576 10141  3913  1996     5    31   231  2000  2200   110    87    14 32744 32744
 52576 10141  3913  1996     6    11   231  1325  1417     9    80     6 32744 32744
 52602  9320  3845  1996     1    11   231   958  1038    50   200    14 32744 32744
 52602  9320  3845  1996     2    16   231  1010  1102   150   200    15 32744 32744
 52602  9320  3845  1996     2    16   231  1515  1710   150   200    15 32744 32744
 52602  9320  3845  1996     3    15   231  1720  1848    70   200    15 32744 32744
 52602  9320  3845  1996     5    30   231   905  1035   200   230    14 32744 32744
 52602  9320  3845  1996     5    30   231  1501  1548   200   230    14 32744 32744
 52602  9320  3845  1996     7     5   231  1617  1643   200   180    14 32744 32744
 52602  9320  3845  1996     7    30   231  1554  1702   450   230    15 32744 32744
 52633  9825  3848  1996     1    14   231  1543  1632   400   170    14 32744 32744
 52633  9825  3848  1996     3    15   231  1550  1705   150   180    13 32744 32744
 52633  9825  3848  1996     3    16   231  1327  1620     7   180    15 32744 32744
 52633  9825  3848  1996     4    18   231  1705  1712   400   153    13 32744 32744
 52652 10026  3856  1996     3    15   231  1443  1514    90   118    15   175    15
 52652 10026  3856  1996     4    16   231  2110  2219    70   101    15   194    14
 52652 10026  3856  1996     4    23   231     7    40     8    78    15   131    16
 52652 10026  3856  1996     5    30   231   448  1438     2   122    15   198    15
 52652 10026  3856  1996     8    17   231  2318   107    20   128    15   213    15
 52661 10105  3848  1996     4    16   231  2143  2255    80   130    14 32744 32744
 52661 10105  3848  1996     5    30   231   544  2000     3   110    14 32744 32744
 52661 10105  3848  1996     5    31   231  2000  2105    50   137    14 32744 32744
 52674 10158  3814  1996     3    29   231   714   802     3   197    12 32744 32744
 52674 10158  3814  1996     5    30   231   813  2000     3   170    14 32744 32744
 52674 10158  3814  1996     5    31   231  2000  2015    80   153    14 32744 32744
 52679 10240  3755  1996     3    29   231   809   926    70   100    15   181    16
 52679 10240  3755  1996     4    29   231  1855  1859   150   117    15   217    14
 52681 10305  3838  1996     3    11   231  1407  1640    30   110    14 32744 32744
 52681 10305  3838  1996     3    15   231  1740  1752    50   113    16 32744 32744
 52681 10305  3838  1996     3    29   231   805  1016    30   137    14 32744 32744
 52681 10305  3838  1996     4    15   231  1714  2000     7   130    14 32744 32744
 52681 10305  3838  1996     4    16   231  2000   107     8   167    14 32744 32744
 52681 10305  3838  1996     4    16   231  1325  1711     8   167    14 32744 32744
 52681 10305  3838  1996     5    30   231  1316  2000     1   167    14 32744 32744
 52681 10305  3838  1996     5    31   231  2000   206     4   170    14 32744 32744
 52681 10305  3838  1996    11    23   231  1234  1312    60   133    14   188    14
 52681 10305  3838  1996    12     8   231  1322  1429     6   141    14   204    14
 52681 10305  3838  1996    12     9   231  1244  1623     8   127    14   185    14
 52707  9341  3648  1996     2    16   231   958  1225    80   167    14 32744 32744
 52754 10008  3720  1996     1     6   231  1529  1730   150   150    13 32744 32744
 52754 10008  3720  1996     1    30   231  1703  1709   150   130    13 32744 32744
 52754 10008  3720  1996     2    10   231  1704  1730   300   120    13 32744 32744
 52754 10008  3720  1996     2    23   231  1409  1425   150   140    13 32744 32744
 52754 10008  3720  1996     3     6   231  1435  1613   200   130    12 32744 32744
 52754 10008  3720  1996     3     9   231  1709  1755   200   130    14 32744 32744
 52754 10008  3720  1996     3    15   231  1508  1724   200   170    12 32744 32744
 52754 10008  3720  1996     3    16   231  1503  1636   150   163    13 32744 32744
 52754 10008  3720  1996     3    20   231  1526  1539   150   163    15 32744 32744
 52754 10008  3720  1996     4    14   231  1511  1518   150   160    14 32744 32744
 52754 10008  3720  1996     4    16   231  1636  1636   200   160    13 32744 32744
 52754 10008  3720  1996    11     8   231  1512  1530   200   140    14 32744 32744
 52754 10008  3720  1996    11    16   231  1307  1415   200   140    13 32744 32744
 52754 10008  3720  1996    11    25   231  1324  1358     6   140    13 32744 32744
 52754 10008  3720  1996    11    28   231  1419  1436    90   160    12 32744 32744
 52754 10008  3720  1996    12    15   231  1503  1510   200   137    13 32744 32744
 52754 10008  3720  1996    12    30   231  1507  1515   150   137    12 32744 32744
 52754 10008  3720  1996    12    31   231  1130  1727   130   153    14 32744 32744
 52765 10137  3723  1996     1     6   231  1504  1508   300   123    12 32744 32744
 52765 10137  3723  1996     3    15   231  1510  1511   300   147    11 32744 32744
 52818  9454  3625  1996     1    25   231   703   720    90   120    13 32744 32744
 52818  9454  3625  1996     2    16   231  1345  1406     8   120    14 32744 32744
 52818  9454  3625  1996     3    29   231   550   715    50   160    14 32744 32744
 52818  9454  3625  1996     5    13   231  1204  1235    40   143    14 32744 32744
 52818  9454  3625  1996     5    30   231  1025  1115    70   123    13 32744 32744
 52818  9454  3625  1996     7     5   231  1946  2000     4   107    15 32744 32744
 52818  9454  3625  1996     7     6   231  2000  2032   110   140    13 32744 32744
 52825  9625  3626  1996     2    16   231  1436  1506    30   160    13 32744 32744
 52825  9625  3626  1996     3    29   231   829  1116   300   137    13 32744 32744
 52825  9625  3626  1996     6     5   231   105   154     7   130    13 32744 32744
 52825  9625  3626  1996     7    30   231  1816  1823   200   100    13 32744 32744
 52836  9806  3618  1996     3    11   231  1006  1134    50   120    14 32744 32744
 52836  9806  3618  1996     3    22   231   416   504   100   100    14 32744 32744
 52836  9806  3618  1996    10    31   231  1725  1733   200    73    15 32744 32744
 52842  9905  3647  1996     2    23   231  1455  1503   110   167    14 32744 32744
 52842  9905  3647  1996    11    28   231  1439  1441    40   167    14 32744 32744
 52856 10037  3616  1996     1    30   231  1732  1734   300   170    13 32744 32744
 52856 10037  3616  1996     3    11   231   940  1410     6   280    14 32744 32744
 52856 10037  3616  1996     3    16   231  1216  1436    90   237    12 32744 32744
 52856 10037  3616  1996     4    14   231  1406  1711   120   240    14 32744 32744
 52908  9305  3513  1996     1    28   231  1521  1630   250   227    13 32744 32744
 52908  9305  3513  1996     3    10   231  1816  1824   350   180    15 32744 32744
 52908  9305  3513  1996     3    14   231  1802  1814   120   223    14 32744 32744
 52908  9305  3513  1996     3    16   231  1036  1245   120   200    13 32744 32744
 52908  9305  3513  1996     3    19   231  1123  1217   170   210    13 32744 32744
 52908  9305  3513  1996     4     4   231  1434  1503   400   177    14 32744 32744
 52908  9305  3513  1996     4     7   231  1524  1524   300   197    14 32744 32744
 52908  9305  3513  1996     4    11   231  1245  1531   320   200    13 32744 32744
 52908  9305  3513  1996     4    14   231  1202  1423     7   203    15 32744 32744
 52908  9305  3513  1996    12     4   231  1549  1554   400   230    13 32744 32744
 52943  9959  3535  1996     1     3   231  1340  1654     2   160    11 32744 32744
 52943  9959  3535  1996     1     6   231  1436  1438   500   120    12 32744 32744
 52943  9959  3535  1996     1    16   231  1335  1629     1   170    12 32744 32744
 52943  9959  3535  1996     1    30   231  1654  1716   350   140    14 32744 32744
 52943  9959  3535  1996     1    31   231  1501  1643   450   130    14 32744 32744
 52943  9959  3535  1996     2     3   231  1502  1625   400   133    14 32744 32744
 52943  9959  3535  1996     2    11   231  1654  1655   450   140    11 32744 32744
 52943  9959  3535  1996     2    15   231  1427  1650   350   130    11 32744 32744
 52943  9959  3535  1996     2    16   231  1307  1640     7   150    12 32744 32744
 52943  9959  3535  1996     2    17   231  1410  1510   250   160    13 32744 32744
 52943  9959  3535  1996     2    23   231  1525  1744   400   150    14 32744 32744
 52943  9959  3535  1996     3     1   231  1313  1426     8   137    13 32744 32744
 52943  9959  3535  1996     3     2   231  1140  1233   350   150    14 32744 32744
 52943  9959  3535  1996     3     6   231  1509  1511   500   143    13 32744 32744
 52943  9959  3535  1996     3    10   231  1256  1703   300   140    14 32744 32744
 52943  9959  3535  1996     3    11   231   826  1506    50   170    15 32744 32744
 52943  9959  3535  1996     3    12   231  1255  1322   300   130    13 32744 32744
 52943  9959  3535  1996     3    14   231  1519  1752   180   170    12 32744 32744
 52943  9959  3535  1996     3    15   231  1332  1625   200   160    13 32744 32744
 52943  9959  3535  1996     3    19   231  1410  1755   150   173    12 32744 32744
 52943  9959  3535  1996     3    20   231  1507  1524   200   150    14 32744 32744
 52943  9959  3535  1996     3    22   231   905  1258   200   150    13 32744 32744
 52943  9959  3535  1996     4     3   231  1239  1524   400   143    13 32744 32744
 52943  9959  3535  1996     4    12   231  1309  1533   400   157    14 32744 32744
 52943  9959  3535  1996     4    14   231  1236  1549     8   157    14 32744 32744
 52943  9959  3535  1996     4    15   231  1258  1734    80   177    14 32744 32744
 52943  9959  3535  1996     4    16   231  1213  1644     7   187    15 32744 32744
 52943  9959  3535  1996    11    28   231  1423  1706    80   150    13 32744 32744
 52943  9959  3535  1996    12    30   231  1216  1444   500   153    14 32744 32744
 52943  9959  3535  1996    12    31   231  1311  1417   350   160    15 32744 32744
 52957 10039  3516  1996     2    15   231  1453  1456   450   130    12 32744 32744
 52957 10039  3516  1996     2    16   231  1402  1620    80   180    14 32744 32744
 52957 10039  3516  1996     3     9   231  1709  1743   300   160    14 32744 32744
 52957 10039  3516  1996     3    11   231  1026  1424     5   190    14 32744 32744
 52957 10039  3516  1996     3    16   231  1850  1903    20   110    14 32744 32744
 52957 10039  3516  1996     3    19   231  1634  1727   200   150    13 32744 32744
 52957 10039  3516  1996     3    22   231  1146  1216    90   173    14 32744 32744
 52957 10039  3516  1996     4    16   231  1416  1434    80   167    13 32744 32744
 52957 10039  3516  1996    12    31   231  1425  1448   150   157    14 32744 32744
 53068 11158  4339  1996     4    23   231  1140  2000     6   200    15 32744 32744
 53068 11158  4339  1996     4    24   231  2000  2050   300   137    15 32744 32744
 53068 11158  4339  1996     5     3   231  1907  2000     8   173    15 32744 32744
 53083 11409  4437  1996     4    23   231  1225  2000     3   210    12 32744 32744
 53083 11409  4437  1996     4    24   231  2000  2030   250   150    15 32744 32744
 53083 11409  4437  1996     5     3   231  1850  2000     3   237     2 32744 32744
 53083 11409  4437  1996     5     4   231  2000  2130   300   217     2 32744 32744
 53083 11409  4437  1996    10    28   231   120   220     8   140    13 32744 32744
 53149 11008  4232  1996     1     1   231  1120  1205   200   237    13 32744 32744
 53149 11008  4232  1996     2    12   231  1333  1438     8   200    13 32744 32744
 53192 11457  4401  1996     4    15   231  1347  1354     8   130    14 32744 32744
 53192 11457  4401  1996     4    23   231  1154  2000     6   200    12 32744 32744
 53192 11457  4401  1996     4    24   231  2000  2135   300   180    12 32744 32744
 53195 11138  4352  1996     4    23   231  1255  2000     3   233    13 32744 32744
 53195 11138  4352  1996     4    24   231  2000  2132   280   207    15 32744 32744
 53195 11138  4352  1996     5     3   231  1432  1446     2   180    14 32744 32744
 53195 11138  4352  1996     5     3   231  1903  2000     2   180    14 32744 32744
 53195 11138  4352  1996     5     4   231  2000  2014   300   140     2 32744 32744
 53231 10624  4124  1996     1    11   231   406   427    30   140     8 32744 32744
 53231 10624  4124  1996     3    29   231   938  1240    70   203     3 32744 32744
 53231 10624  4124  1996     5     5   231  1636  1848    30   180    12 32744 32744
 53231 10624  4124  1996     5     6   231  1210  1920     3   213    13 32744 32744
 53231 10624  4124  1996     8    12   231  1638  1643   300   180    16 32744 32744
 53276 11254  4224  1996     4    23   231  1427  1738    60   179    14   244    14
 53336 10831  4134  1996     5     6   231  1430  2000     6   150    13 32744 32744
 53336 10831  4134  1996     5     7   231  2000  2311   100   140    13 32744 32744
 53352 11026  4142  1996     4    23   231  1408  1823    20   120    14 32744 32744
 53352 11026  4142  1996     5     6   231  1740  2000     8   143    12 32744 32744
 53352 11026  4142  1996     5     7   231  2000  2136   200   117    14 32744 32744
 53446 10951  4040  1996     5     6   231  1908  2000     3    83    12 32744 32744
 53446 10951  4040  1996     5     7   231  2000  2108   150    80    14 32744 32744
 53463 11141  4049  1996     4    23   231  1610  2000     9   160    15 32744 32744
 53463 11141  4049  1996     4    24   231  2000  2005   150    93    16 32744 32744
 53463 11141  4049  1996     5     1   231  2100  2110   300   137    16 32744 32744
 53463 11141  4049  1996     6     9   231  1618  1640   150   157    15 32744 32744
 53502 10545  3947  1996     4    29   231  1601  1639   200   173    16 32744 32744
 53529 10759  3906  1996     3    12   231  1507  1832   110   130    14 32744 32744
 53529 10759  3906  1996     3    16   231    11   627     7   160    15 32744 32744
 53529 10759  3906  1996     4    23   231  1313  1700     8   170    16 32744 32744
 53529 10759  3906  1996     6     5   231  1824  1835   180   120     1 32744 32744
 53529 10759  3906  1996    12    31   231  1430  1605    80   173    14 32744 32744
 53602 10540  3850  1996     4    29   231  1651  1715   300   130    16 32744 32744
 53602 10540  3850  1996     6    13   231  2117  2309   200   110    15 32744 32744
 53602 10540  3850  1996     6    14   231  1410  1534   150   143    16 32744 32744
 53602 10540  3850  1996     7     4   231  1642  1736   200   110     2 32744 32744
 53602 10540  3850  1996     7    11   231  1650  1705   200   107     1 32744 32744
 53614 10613  3829  1996     4    29   231  1801  1809   150   139    15   188    14
 53615 10642  3848  1996     1     6   231  1915  2000     9   141     1   190    16
 53615 10642  3848  1996     1     7   231  2000  2021   100   143     1   210     1
 53615 10642  3848  1996     1     7   231   853  1037   100   143     1   210     1
 53615 10642  3848  1996    12     4   231   929  1010   200   107     1   158     1
 53615 10642  3848  1996    12    31   231  1140  1709     8   121    16   206    16
 53723 10724  3747  1996     1    27   231  1221  1725     6   120    13   185    13
 53723 10724  3747  1996     3    12   231  1117  1745     4   144    12   225    12
 53723 10724  3747  1996     3    15   231   907  1112    90   108     9   177     9
 53723 10724  3747  1996     3    16   231    21   324     6   100     1   165     1
 53723 10724  3747  1996     4    16   231   824  1845     2   136    13   210    13
 53723 10724  3747  1996     4    23   231  1933  2000     8    87     1   148     1
 53723 10724  3747  1996     4    24   231  2000  2145   120    84     1   138    16
 53723 10724  3747  1996     4    30   231  2052  2134   110    87    15   127    15
 53723 10724  3747  1996     5    31   231   809  1005    20    60    12 32744 32744
 53723 10724  3747  1996     6    14   231  1721  1748    70   107     2 32744 32744
 53723 10724  3747  1996     7     9   231  1726  1734   200   117    15   206    15
 53723 10724  3747  1996     7    14   231  1644  1714   120   133     7   248     7
 53723 10724  3747  1996    11    19   231  1511  1712   120   121    13   190    13
 53725 10735  3735  1996     1    27   231  1325  1820     7   147    14 32744 32744
 53725 10735  3735  1996     2    13   231  1417  1531    60   120    16 32744 32744
 53725 10735  3735  1996     3    12   231  1544  1831    50   143    13 32744 32744
 53725 10735  3735  1996     4    15   231  1322  1723     7   120    14 32744 32744
 53725 10735  3735  1996     4    16   231   831  1905     3   163    14 32744 32744
 53725 10735  3735  1996     7    14   231  1701  1736   110   160     5 32744 32744
 53725 10735  3735  1996    11    22   231  1151  1620     9   160    14 32744 32744
 53725 10735  3735  1996    11    23   231  1330  1837     6   147    13 32744 32744
 53725 10735  3735  1996    11    29   231  1203  1530     7   123    14 32744 32744
 53725 10735  3735  1996    12     9   231   952  1455     6   140    13 32744 32744
 53725 10735  3735  1996    12    12   231  1405  1619    20   120    13 32744 32744
 53725 10735  3735  1996    12    21   231  1051  1433     8   123    13 32744 32744
 53725 10735  3735  1996    12    31   231  1311  1837     6   150    14 32744 32744
 53738 10810  3655  1996     4    16   231   612   635    12   130    16 32744 32744
 53738 10810  3655  1996     4    23   231  1552  1738    17    87    16 32744 32744
 53740 10914  3756  1996     4    16   231  1145  1256    20   170    15 32744 32744
 53740 10914  3756  1996     4    16   231  1605  1730    20   170    15 32744 32744
 53740 10914  3756  1996     4    23   231  1545  1805    40   147    16 32744 32744
 54049 12358  4415  1996    10    28   231  1045  1158   120   167    14 32744 32744
 54142 12332  4330  1996    10    28   231  1107  1111   100   167    10 32744 32744
 54208 11628  4211  1996     4    23   231  1803  1950     9   167    14 32744 32744
 54606 11544  3814  1996     2    29   231  1336  1415     9   120    16 32744 32744
 55228  8005  3230  1996     1    26   231  1414  1704    98 32744 32744 32744 32744
 55228  8005  3230  1996     2    15   231  1630  1634   600 32744 32744 32744 32744
 55228  8005  3230  1996    11     4   231  1427  1740   700 32744 32744 32744 32744
 55228  8005  3230  1996    11    14   231  1341  1404     7 32744 32744 32744 32744
 55228  8005  3230  1996    12     3   231  1412  1427   700 32744 32744 32744 32744
 55228  8005  3230  1996    12     7   231  1421  1729   700 32744 32744 32744 32744
 55248  8425  3209  1996     1    11   231  1627  1725   350 32744 32744 32744 32744
 55248  8425  3209  1996     1    24   231  1814  1827   400 32744 32744 32744 32744
 55248  8425  3209  1996     1    25   231  1530  1545   280 32744 32744 32744 32744
 55248  8425  3209  1996     1    27   231  1620  1632   480 32744 32744 32744 32744
 55248  8425  3209  1996     1    29   231  1804  1825   350 32744 32744 32744 32744
 55248  8425  3209  1996     3    21   231  1604  1607   300 32744 32744 32744 32744
 55248  8425  3209  1996     3    29   231  1635  1657   480 32744 32744 32744 32744
 55248  8425  3209  1996     3    30   231  1417  1420   350 32744 32744 32744 32744
 55248  8425  3209  1996     5    13   231  2031  2034   500 32744 32744 32744 32744
 55248  8425  3209  1996    12     9   231  1805  1903   350 32744 32744 32744 32744
 55248  8425  3209  1996    12    10   231  1602  1815   400 32744 32744 32744 32744
 55279  9001  3123  1996     3    30   231  1457  1532   400    10    12 32744 32744
 55294  9606  3221  1996     3    30   231  1404  1427   280    30    12 32744 32744
 55472  8838  3057  1996     1    12   231  1304  1402     6 32744 32744 32744 32744
 55472  8838  3057  1996     1    16   231  1748  1820   200 32744 32744 32744 32744
 55472  8838  3057  1996     1    22   231  1414  1424   300 32744 32744 32744 32744
 55472  8838  3057  1996     1    24   231  1421  1548   250 32744 32744 32744 32744
 55472  8838  3057  1996     1    27   231  1426  1539   250 32744 32744 32744 32744
 55472  8838  3057  1996     1    29   231  1330  1434   100 32744 32744 32744 32744
 55472  8838  3057  1996     3    15   231  1708  1712   300 32744 32744 32744 32744
 55569  8736  2905  1996     2    29   231  1405  1405    90 32744 32744 32744 32744
 55591  9108  2940  1996     1    24   231  1648  1702   300    10    14 32744 32744
 55664  8705  2838  1996     1    11   231  1710  1710   400 32744 32744 32744 32744
 55664  8705  2838  1996     1    29   231  1531  1531   400 32744 32744 32744 32744
 55664  8705  2838  1996     2    17   231  1525  1613   400 32744 32744 32744 32744
 55664  8705  2838  1996     2    29   231  1637  1637   400 32744 32744 32744 32744
 55664  8705  2838  1996     3    13   231  1237  1617     3 32744 32744 32744 32744
 55664  8705  2838  1996     4     1   231  1701  1703   400 32744 32744 32744 32744
 55696  9228  2825  1996     1    20   231  1604  1649   400   170    14   273    14
 55696  9228  2825  1996     1    24   231  1504  1845   400   162    14   265    14
 55696  9228  2825  1996     2    24   231  1553  1558   400   157    15   227    15
 56004  9226  3413  1996     1    13   231  1446  1451   150   200    13 32744 32744
 56004  9226  3413  1996     1    27   231  1301  1832     8   250    12 32744 32744
 56004  9226  3413  1996     1    28   231  1142  1710     5   250    12 32744 32744
 56004  9226  3413  1996     1    29   231  1304  1554     8   250    12 32744 32744
 56004  9226  3413  1996     2    15   231  1301  1303   200   210    12 32744 32744
 56004  9226  3413  1996     3    10   231  1654  1700   150   170    14 32744 32744
 56004  9226  3413  1996     3    16   231  1140  1147    80   210    13 32744 32744
 56004  9226  3413  1996     3    17   231  2135  2137   200   180    13 32744 32744
 56004  9226  3413  1996     3    18   231  1709  1856   200   180    14 32744 32744
 56004  9226  3413  1996     3    19   231  1305  1330   120   220    12 32744 32744
 56004  9226  3413  1996     3    30   231  1223  1338    70   243    12 32744 32744
 56004  9226  3413  1996     4    14   231  1131  1437    60   190    14 32744 32744
 56004  9226  3413  1996    11     7   231  1649  1653   300   117    14 32744 32744
 56004  9226  3413  1996    11    15   231  1211  1351     7   183    13 32744 32744
 56004  9226  3413  1996    12     2   231  1407  1409    90   197    12 32744 32744
 56004  9226  3413  1996    12     3   231  1336  1702     8   220    12 32744 32744
 56004  9226  3413  1996    12     4   231  1225  1625    20   240    13 32744 32744
 56004  9226  3413  1996    12    16   231  1548  1628   200   170    14 32744 32744
 56018  9518  3254  1996     3    17   231  1337  1337   300   140    12 32744 32744
 56018  9518  3254  1996     3    19   231  1714  1714   350   130    13 32744 32744
 56018  9518  3254  1996     3    30   231  1745  1745   350   110    13 32744 32744
 56018  9518  3254  1996     4    14   231  1723  1756   150   120    12 32744 32744
 56018  9518  3254  1996    10    21   231  1545  1548   400   123    11 32744 32744
 56033  9813  3455  1996     2    15   231  1523  1539   300   137    13 32744 32744
 56033  9813  3455  1996     2    16   231  1355  1408     7   147    13 32744 32744
 56033  9813  3455  1996     2    23   231  1402  1446   250   140    14 32744 32744
 56033  9813  3455  1996     3    11   231  1138  1215   300   187    15 32744 32744
 56033  9813  3455  1996     4    11   231  1455  1507   250   150    13 32744 32744
 56041  9912  3416  1996     2    25   231  1207  1510     7   210    16 32744 32744
 56041  9912  3416  1996     4    14   231  1345  1402     3   263    15 32744 32744
 56065 10136  3444  1996     1    16   231  1405  1410    80   140    13 32744 32744
 56065 10136  3444  1996     2    10   231  1421  1428   350   120    14 32744 32744
 56065 10136  3444  1996     2    16   231  1609  1717   250   147    12 32744 32744
 56065 10136  3444  1996     3     2   231  1225  1227   200   150    14 32744 32744
 56065 10136  3444  1996     3    11   231  1410  1540    18   177    14 32744 32744
 56074 10205  3400  1996     3    11   231  1205  1426     1   183    16 32744 32744
 56074 10205  3400  1996     3    12   231  1613  1640   120   183    14 32744 32744
 56074 10205  3400  1996     4    14   231  1759  1820   120   177     1 32744 32744
 57083 11339  3443  1996     4    16   231  1513  1521    50    84    14   144    12
