 50246 12443  5219  1988     6     5   231  1835  1855   200   130    12 32744 32744
 50468 12727  5015  1988     6    30   231  1316  1322   180   127     9 32744 32744
 50514 11726  4934  1988     4    12   231   653   736    60   210    14 32744 32744
 50527 11945  4913  1988     6     8   231  1839  1848   200   140    15 32744 32744
 50618 11816  4813  1988     4    11   231   928  1001   150   163    14 32744 32744
 50618 11816  4813  1988     5     8   231  1705  1752    80   140    10 32744 32744
 50844 12325  4624  1988     5     9   231  1440  1505    80   160     9 32744 32744
 50953 12646  4545  1988     4    11   231  1620  1721    20   153    11 32744 32744
 51059  8552  4726  1988     9    14   231   352   435   200   170    13 32744 32744
 51068  8728  4707  1988     4    15   231   754   910     7   217    15 32744 32744
 51133  8300  4644  1988     9    14   231   302   340   200   187    12 32744 32744
 51156  8543  4647  1988     4    15   231   827  1115   500 32744 32744 32744 32744
 51156  8543  4647  1988     4    18   231   904   935   450 32744 32744 32744 32744
 51243  8451  4536  1988     4    18   231   735   738   150   243    14 32744 32744
 51243  8451  4536  1988     4    18   231  1105  1215   150   243    14 32744 32744
 51334  8254  4437  1988     4    18   231   814   910     2   147    16 32744 32744
 51346  8440  4426  1988     4    23   231  2201  2213    40   117    13 32744 32744
 51346  8440  4426  1988     6     7   231  1544  1604   400    70    10 32744 32744
 51346  8440  4426  1988     8     6   231  1927  2000     8    93    12 32744 32744
 51346  8440  4426  1988     8     7   231  2000  2004   200    93    12 32744 32744
 51346  8440  4426  1988     8    19   231  1641  1705   300   100    13 32744 32744
 51356  8603  4419  1988     6    22   231  2030  2038   300   100    16 32744 32744
 51365  8732  4412  1988     5    15   231  1901  1909    20 32744 32744 32744 32744
 51365  8732  4412  1988     6    22   231  2209  2213   300 32744 32744 32744 32744
 51379  8934  4401  1988     4    18   231  1203  1305    11   120    14 32744 32744
 51379  8934  4401  1988     5    16   231  2120  2225   150   210    14 32744 32744
 51379  8934  4401  1988     6    23   231  2130  2139   300   177    13 32744 32744
 51379  8934  4401  1988     9    14   231  1105  1240    50   150 32744 32744 32744
 51463  8737  4347  1988     4     9   231  1805  1810    60   100    14 32744 32744
 51463  8737  4347  1988     6    22   231  2210  2232    80   100    14 32744 32744
 51463  8737  4347  1988     7    12   231  2104  2108   350    90    14 32744 32744
 51477  8819  4321  1988     4     9   231  1852  1909   130   227    13 32744 32744
 51495  9138  4329  1988     4    18   231  1259  1506     7 32744 32744 32744 32744
 51526  8813  4214  1988     6    21   231  1521  1533   300   100     1 32744 32744
 51526  8813  4214  1988     7     4   231  1620  1628   300   137    13 32744 32744
 51573  8912  4256  1988     4    15   231  1941  2000     3   130    14 32744 32744
 51573  8912  4256  1988     4    16   231  2000  2134     5   167    15 32744 32744
 51573  8912  4256  1988     4    23   231  1646  1649    60   140    16 32744 32744
 51573  8912  4256  1988     5     2   231  1932  1940    20   130    16 32744 32744
 51573  8912  4256  1988     5    21   231  1748  1810   200   140    15 32744 32744
 51573  8912  4256  1988     6     9   231  1336  1338    50   110    14 32744 32744
 51573  8912  4256  1988     6    12   231  1906  1920    70   140    16 32744 32744
 51573  8912  4256  1988     6    21   231     7    11    80   100     1 32744 32744
 51573  8912  4256  1988     7    12   231  2235  2235    60    80     1 32744 32744
 51573  8912  4256  1988     8    21   231  2304  2309    50   110    15 32744 32744
 51628  8014  4110  1988     2     4   231  1715  1839     6    70     5 32744 32744
 51628  8014  4110  1988     5    28   231  1540  1548   100    80     3 32744 32744
 51628  8014  4110  1988     6     1   231  2224  2308   100   110    14 32744 32744
 51628  8014  4110  1988     6    22   231  1644  1651   100    87    14 32744 32744
 51628  8014  4110  1988     7     9   231  1616  1635   200    70    14 32744 32744
 51628  8014  4110  1988     9     3   231  1825  1833   200    80    14 32744 32744
 51628  8014  4110  1988     9     4   231  1939  1955     3    97    14 32744 32744
 51644  8257  4143  1988     6    27   231  1912  1933    50   120    15 32744 32744
 51644  8257  4143  1988     6    28   231   818   910    70   100     1 32744 32744
 51709  7559  3928  1988     2    25   231  1228  1337    20   147    14 32744 32744
 51709  7559  3928  1988     6    17   231  2232  2305   300    67    13 32744 32744
 51711  7827  4056  1988     2     4   231  1557  1610   250    80     4 32744 32744
 51711  7827  4056  1988     4    25   231  1702  1715   300   113    11 32744 32744
 51711  7827  4056  1988     5    17   231  2054  2117   300   117    12 32744 32744
 51711  7827  4056  1988     5    17   231  1808  1822   300   117    12 32744 32744
 51711  7827  4056  1988     6     7   231  1725  1733   500   100    15 32744 32744
 51711  7827  4056  1988     6    18   231  1815  1825   200    83     4 32744 32744
 51711  7827  4056  1988     7     9   231  1323  1350     8   173    12 32744 32744
 51711  7827  4056  1988     8     7   231  1720  1736   500   110    12 32744 32744
 51711  7827  4056  1988    10    17   231  1627  1641   300   170    16 32744 32744
 51716  7834  3948  1988     2     4   231  1810  2000     2   107     2 32744 32744
 51716  7834  3948  1988     2     5   231  2000   224     8   120     2 32744 32744
 51716  7834  3948  1988     4    20   231  1910  1936    40    90     3 32744 32744
 51716  7834  3948  1988     5     5   231   146   206     3   157    14 32744 32744
 51716  7834  3948  1988     5    11   231  2007  2108    90   140     2 32744 32744
 51716  7834  3948  1988     5    17   231  2135  2156    70    93    16 32744 32744
 51716  7834  3948  1988     5    18   231  2115  2125    80   100     2 32744 32744
 51716  7834  3948  1988     5    22   231  2128  2153    90    77     3 32744 32744
 51716  7834  3948  1988     6     2   231  1904  1925   180   140     3 32744 32744
 51716  7834  3948  1988     7     5   231  1643  1653   300   130     1 32744 32744
 51716  7834  3948  1988     7    17   231  1908  1959     3   120    16 32744 32744
 51716  7834  3948  1988     7    20   231  1931  1952     4    77    16 32744 32744
 51716  7834  3948  1988     7    21   231  2328  2340   200   150    13 32744 32744
 51716  7834  3948  1988     7    24   231    40   135    40   120     3 32744 32744
 51716  7834  3948  1988    10    17   231  1434  1504   180   180    15 32744 32744
 51720  7903  4030  1988     2     4   231  1712  2000     6 32744 32744 32744 32744
 51720  7903  4030  1988     2     5   231  2000   121    12 32744 32744 32744 32744
 51720  7903  4030  1988     5     3   231  2033  2118   120 32744 32744 32744 32744
 51720  7903  4030  1988     5    17   231  2156  2214   150 32744 32744 32744 32744
 51720  7903  4030  1988     5    18   231  2102  2147   130 32744 32744 32744 32744
 51720  7903  4030  1988     6     2   231  1622  1627   300 32744 32744 32744 32744
 51720  7903  4030  1988     6    10   231  1820  1848    30 32744 32744 32744 32744
 51720  7903  4030  1988     6    16   231  1549  1557   250 32744 32744 32744 32744
 51720  7903  4030  1988     6    18   231  1900  1903   150 32744 32744 32744 32744
 51720  7903  4030  1988     6    22   231  1724  1750   300 32744 32744 32744 32744
 51720  7903  4030  1988     7     2   231  1650  1710   350 32744 32744 32744 32744
 51720  7903  4030  1988     7     4   231  1703  1705   350 32744 32744 32744 32744
 51720  7903  4030  1988     7     9   231  1852  1913   350 32744 32744 32744 32744
 51720  7903  4030  1988     7    17   231  2012  2020   180 32744 32744 32744 32744
 51720  7903  4030  1988     7    20   231  1803  1806   350 32744 32744 32744 32744
 51720  7903  4030  1988     7    22   231  1235  1244   450 32744 32744 32744 32744
 51720  7903  4030  1988     7    24   231  2233  2331   200 32744 32744 32744 32744
 51720  7903  4030  1988     8     7   231  1917  1921   200 32744 32744 32744 32744
 51720  7903  4030  1988     8    17   231  1808  1826   200 32744 32744 32744 32744
 51720  7903  4030  1988    10    18   231  2026  2033   350 32744 32744 32744 32744
 51730  8103  4030  1988     5    18   231  2118  2212   150 32744 32744 32744 32744
 51730  8103  4030  1988     6     8   231  1858  1905    90 32744 32744 32744 32744
 51730  8103  4030  1988     6    28   231  2037  2108   120 32744 32744 32744 32744
 51730  8103  4030  1988     8     8   231  1935  2000     5 32744 32744 32744 32744
 51730  8103  4030  1988     8     9   231  2000  2031   150 32744 32744 32744 32744
 51765  8742  4038  1988     4    16   231  1010  1225    60 32744 32744 32744 32744
 51765  8742  4038  1988     5    26   231  1847  1850   200 32744 32744 32744 32744
 51765  8742  4038  1988     9     8   231  1640  1655   300 32744 32744 32744 32744
 51777  8810  3902  1988     2    26   231  2021   540     4   150     5 32744 32744
 51777  8810  3902  1988     2    26   231  1044  1420     4   150     5 32744 32744
 51777  8810  3902  1988     3    21   231  1540  1812    60   103     3 32744 32744
 51777  8810  3902  1988     4     3   231  1647  2000     1   127     3 32744 32744
 51777  8810  3902  1988     4     4   231  2000  2226    60   127     3 32744 32744
 51777  8810  3902  1988     5     3   231   217   428     6   137     4 32744 32744
 51777  8810  3902  1988     5     3   231  1332  1407     6   137     4 32744 32744
 51777  8810  3902  1988     6     8   231  1714  1736   200    90    14 32744 32744
 51777  8810  3902  1988     8    10   231  2131  2145   200    90    16 32744 32744
 51777  8810  3902  1988     9    11   231  1320  1332    50   120    10 32744 32744
 51804  7514  3747  1988     3    25   231  1335  1340   140   133     8 32744 32744
 51811  7716  3826  1988     2    25   231  1731  1810    20 32744 32744 32744 32744
 51811  7716  3826  1988     4     3   231  1705  1735    80 32744 32744 32744 32744
 51811  7716  3826  1988     5     2   231   305   733    20 32744 32744 32744 32744
 51811  7716  3826  1988     5    18   231  2208  2230    50 32744 32744 32744 32744
 51811  7716  3826  1988     5    23   231   320   341    90 32744 32744 32744 32744
 51811  7716  3826  1988     5    26   231  2240  2303    80 32744 32744 32744 32744
 51811  7716  3826  1988     7     6   231  1113  1123   100 32744 32744 32744 32744
 51811  7716  3826  1988     8    27   231  1510  1939    20 32744 32744 32744 32744
 51811  7716  3826  1988     9     3   231  2052  2140    50 32744 32744 32744 32744
 51811  7716  3826  1988     9    18   231   115   320     7 32744 32744 32744 32744
 51818  7817  3737  1988     4     3   231  1905  2000     7    87    15 32744 32744
 51818  7817  3737  1988     4     4   231  2000  2116   200    90    15 32744 32744
 51818  7817  3737  1988     5     2   231   333   706    12    57    15 32744 32744
 51818  7817  3737  1988     5    18   231  2338   502     6    90    15 32744 32744
 51818  7817  3737  1988     5    23   231   520   544   150    67    14 32744 32744
 51818  7817  3737  1988     5    26   231  2340  2354   150    60    15 32744 32744
 51818  7817  3737  1988     5    27   231  1725  1915    20    80    16 32744 32744
 51818  7817  3737  1988     5    31   231  2010  2205    60    60    16 32744 32744
 51818  7817  3737  1988     6     1   231     2    52    80    63    14 32744 32744
 51818  7817  3737  1988     6    17   231  2021  2053   150    70    10 32744 32744
 51818  7817  3737  1988     6    17   231  1615  1648   150    70    10 32744 32744
 51818  7817  3737  1988     8    27   231  1718  2000     3    70    14 32744 32744
 51818  7817  3737  1988     8    28   231  2000  2143   120    47    15 32744 32744
 51818  7817  3737  1988     9     7   231   425   710    80    73    10 32744 32744
 51828  7956  3708  1988     3    21   231  1225  1516     8    70    14 32744 32744
 51828  7956  3708  1988     3    26   231  1053  1113    15    70    14 32744 32744
 51828  7956  3708  1988     4     3   231  1150  1540     5    87    14 32744 32744
 51828  7956  3708  1988     4     4   231  2157   132    12   117    13 32744 32744
 51828  7956  3708  1988     4    11   231  2319    38     6    77     5 32744 32744
 51828  7956  3708  1988     4    19   231  1415  1642    12    87    13 32744 32744
 51828  7956  3708  1988     5     2   231   706   810     8    80    13 32744 32744
 51828  7956  3708  1988     5     2   231  1948  1955     8    80    13 32744 32744
 51828  7956  3708  1988     5     3   231  2008  2013     4    53    11 32744 32744
 51828  7956  3708  1988     5    18   231   130   519     3   130    13 32744 32744
 51828  7956  3708  1988     5    22   231  1942  2000     4    77     9 32744 32744
 51828  7956  3708  1988     5    23   231  2000  2124     6    97     9 32744 32744
 51828  7956  3708  1988     5    23   231   734   837     6    97     9 32744 32744
 51828  7956  3708  1988     5    26   231   205   228    25    60    13 32744 32744
 51828  7956  3708  1988     5    27   231  1923  1934    15    63    14 32744 32744
 51828  7956  3708  1988     5    28   231  2021  2054    18    83    14 32744 32744
 51828  7956  3708  1988     5    31   231  2326    49    20    70    13 32744 32744
 51828  7956  3708  1988     6     1   231   112   327     9    83    13 32744 32744
 51828  7956  3708  1988     6     1   231  1635  1724     9    83    13 32744 32744
 51828  7956  3708  1988     6     9   231  1932  1939    12    60    13 32744 32744
 51828  7956  3708  1988     7    15   231  2100  2210    20    57     1 32744 32744
 51828  7956  3708  1988     7    16   231  2127  2256    60    53    14 32744 32744
 51828  7956  3708  1988     8     1   231  2242   846     7    80    13 32744 32744
 51828  7956  3708  1988     8     8   231   710   858     8    50    13 32744 32744
 51828  7956  3708  1988     8     9   231   737   842     7    40    16 32744 32744
 51828  7956  3708  1988     8    14   231  2158  2214    30    53     1 32744 32744
 51828  7956  3708  1988     8    15   231  1934  2000     6    50    12 32744 32744
 51828  7956  3708  1988     8    16   231  2000  2116    25    70    13 32744 32744
 51828  7956  3708  1988     8    28   231  2017    37    20    93    13 32744 32744
 51828  7956  3708  1988     9    18   231   520   704    20    50    14 32744 32744
 51839  8243  3704  1988     2     5   231  1220  1722     1    93    13 32744 32744
 51839  8243  3704  1988     2    25   231  1239  1736     2   103    13 32744 32744
 51839  8243  3704  1988     4     3   231  1140  1736     5   120    13 32744 32744
 51839  8243  3704  1988     4     4   231   134   920     1   130    12 32744 32744
 51839  8243  3704  1988     4    10   231  1712  2000     3   100     4 32744 32744
 51839  8243  3704  1988     4    11   231  2000  2313    11   103     4 32744 32744
 51839  8243  3704  1988     4    16   231  2223  2325    50    73     3 32744 32744
 51839  8243  3704  1988     4    20   231  2314    30    20    77    13 32744 32744
 51839  8243  3704  1988     5     2   231   937  1607     5   100    12 32744 32744
 51839  8243  3704  1988     5     3   231  2303    40     6   107    13 32744 32744
 51839  8243  3704  1988     5     3   231   925  1420     6   107    13 32744 32744
 51839  8243  3704  1988     5     5   231  1953  2000     4    80     2 32744 32744
 51839  8243  3704  1988     5     6   231  2000  2157   200    90     2 32744 32744
 51839  8243  3704  1988     5    23   231  1111  1442     2    90    13 32744 32744
 51839  8243  3704  1988     6     1   231   540  1427     2   120    12 32744 32744
 51839  8243  3704  1988     6     1   231  1905  2000     2   120    12 32744 32744
 51839  8243  3704  1988     6     2   231  2000   127    12   103    12 32744 32744
 51839  8243  3704  1988     6    17   231  1006  1445     8    90    13 32744 32744
 51839  8243  3704  1988     6    18   231   229   710    13    80    13 32744 32744
 51839  8243  3704  1988     6    19   231  1857  1922    80    67     2 32744 32744
 51839  8243  3704  1988     6    28   231   951  1217     8   100    13 32744 32744
 51839  8243  3704  1988     8     1   231  2302  2316     2    93    13 32744 32744
 51839  8243  3704  1988     8     1   231   507  2000     2    93    13 32744 32744
 51839  8243  3704  1988     8     2   231  2000    35    70   120    12 32744 32744
 51839  8243  3704  1988     8     5   231   321   345     6    67    12 32744 32744
 51839  8243  3704  1988     8     5   231   707   845     6    67    12 32744 32744
 51839  8243  3704  1988     8    15   231  1905  1911    45    33     2 32744 32744
 51839  8243  3704  1988     8    20   231  2106    37     4    77    13 32744 32744
 51839  8243  3704  1988     8    28   231    17  1053     3    93    12 32744 32744
 51839  8243  3704  1988     9     8   231  2115  2133    35    43    15 32744 32744
 51839  8243  3704  1988     9    11   231  1659  1709    80    73    12 32744 32744
 51839  8243  3704  1988     9    25   231  2236    21    40    47    11 32744 32744
 51839  8243  3704  1988    11    16   231  1032  1540     8    83    12 32744 32744
 51848  8339  3756  1988     2     5   231  2210    10     9    73     4 32744 32744
 51848  8339  3756  1988     2    25   231  1339  1719     3   100    13 32744 32744
 51848  8339  3756  1988     3    21   231  1210  1435     8   110     4 32744 32744
 51848  8339  3756  1988     4     4   231  2105   215     8   120     5 32744 32744
 51848  8339  3756  1988     4    10   231  1328  2000     3   100     4 32744 32744
 51848  8339  3756  1988     4    11   231  2000   625     4   103     4 32744 32744
 51848  8339  3756  1988     5     3   231  1006  1515     9    77     3 32744 32744
 51848  8339  3756  1988     5    10   231  2038  2046    60    90    13 32744 32744
 51848  8339  3756  1988     5    11   231  2002  2026    70    80     3 32744 32744
 51848  8339  3756  1988     5    18   231   335   730     8   120     4 32744 32744
 51848  8339  3756  1988     6     2   231  2218   245     6   110     1 32744 32744
 51848  8339  3756  1988     6    30   231  2054  2220    20    80     3 32744 32744
 51848  8339  3756  1988     8     2   231    20   120    40    90    16 32744 32744
 51848  8339  3756  1988     8     9   231  1555  1559    17    90     1 32744 32744
 51855  8533  3809  1988     2    25   231  1137  1740    10 32744 32744 32744 32744
 51855  8533  3809  1988     2    26   231   234   605    20 32744 32744 32744 32744
 51855  8533  3809  1988     4     3   231  1630  2000     2 32744 32744 32744 32744
 51855  8533  3809  1988     4     4   231  2000   112    12 32744 32744 32744 32744
 51855  8533  3809  1988     4    10   231  1135  2000     4 32744 32744 32744 32744
 51855  8533  3809  1988     4    11   231  2000  2140    30 32744 32744 32744 32744
 51855  8533  3809  1988     5     9   231  1815  1840    20 32744 32744 32744 32744
 51855  8533  3809  1988     5    23   231  1802  1920    15 32744 32744 32744 32744
 51855  8533  3809  1988     6     2   231  2337   730     9 32744 32744 32744 32744
 51855  8533  3809  1988     6    24   231   948  1027    30 32744 32744 32744 32744
 51855  8533  3809  1988     7     3   231  1849  1900   300 32744 32744 32744 32744
 51855  8533  3809  1988     8     2   231   315   645    15 32744 32744 32744 32744
 51855  8533  3809  1988     8     9   231  1835  1840    20 32744 32744 32744 32744
 51855  8533  3809  1988    12     6   231  1253  1410     7 32744 32744 32744 32744
 51886  9051  3815  1988     2    15   231  1538  1958     6   223    15 32744 32744
 51886  9051  3815  1988     3     2   231  1722  1738   180   183    15 32744 32744
 51886  9051  3815  1988     3     3   231  1309  1826     4   210    14 32744 32744
 51886  9051  3815  1988     3    10   231  1619  1640   320   220    14 32744 32744
 51886  9051  3815  1988     3    15   231  1704  1709   200   153    14 32744 32744
 51886  9051  3815  1988     4    24   231  1332  1729    60   180    15 32744 32744
 51886  9051  3815  1988     5    11   231  1641  1925   140   220    15 32744 32744
 51886  9051  3815  1988     5    12   231  1801  1909   250   177    14 32744 32744
 51886  9051  3815  1988     5    27   231  2005  2032    80   210    16 32744 32744
 51886  9051  3815  1988     6    20   231  1435  1441   200   190    14 32744 32744
 51886  9051  3815  1988     6    24   231  1301  1528    80   220    15 32744 32744
 51886  9051  3815  1988     6    24   231  1828  1911    80   220    15 32744 32744
 51886  9051  3815  1988     6    25   231  1452  1532   110   170    14 32744 32744
 51886  9051  3815  1988     6    25   231  1901  1918   110   170    14 32744 32744
 51886  9051  3815  1988    11    10   231  1744  1820   180   153    14 32744 32744
 51886  9051  3815  1988    11    14   231  1543  1649   180   200    14 32744 32744
 51886  9051  3815  1988    12     6   231  1611  1640    90   180    14 32744 32744
 51931  8139  3651  1988     3    17   231   517   603   100    90    14 32744 32744
 51931  8139  3651  1988     4     3   231  1240  1603     6    97    14 32744 32744
 51931  8139  3651  1988     4     4   231     9   407     3   157    14 32744 32744
 51931  8139  3651  1988     4    11   231  2025  2105    15    80     4 32744 32744
 51931  8139  3651  1988     4    16   231  2313    32    40    90     4 32744 32744
 51931  8139  3651  1988     4    19   231  1751  2000     4   110    14 32744 32744
 51931  8139  3651  1988     4    25   231  1733  1736    80    60     1 32744 32744
 51931  8139  3651  1988     5     5   231  1938  2000     2    73     1 32744 32744
 51931  8139  3651  1988     5     6   231  2000  2036    40   107     8 32744 32744
 51931  8139  3651  1988     5    18   231   518   541     3    80    14 32744 32744
 51931  8139  3651  1988     5    18   231   904   938     3    80    14 32744 32744
 51931  8139  3651  1988     6     1   231   521   607     9    83    14 32744 32744
 51931  8139  3651  1988     8     1   231   232   431    30    90    12 32744 32744
 51931  8139  3651  1988     8     2   231  2006  2102   200    90    14 32744 32744
 51931  8139  3651  1988     8    28   231  2238    44    20   100    14 32744 32744
 51931  8139  3651  1988     9    11   231  2024  2047    60    50    10 32744 32744
 52101  9300  4336  1988     5    21   231  1843  1934    35 32744 32744 32744 32744
 52118  9442  4316  1988     4    15   231  1837  1843   300 32744 32744 32744 32744
 52203  9331  4249  1988     4    15   231  1747  1810   300    63    16 32744 32744
 52203  9331  4249  1988     4    16   231   240   310   200    83    16 32744 32744
 52203  9331  4249  1988     4    29   231  1220  1231   300   110    14 32744 32744
 52203  9331  4249  1988     9    21   231  2022  2024   400    63    15 32744 32744
 52203  9331  4249  1988    11     7   231  1825  1851   300    93     3 32744 32744
 52267 10104  4157  1988     1    21   231  1430  1545    20   170    15 32744 32744
 52267 10104  4157  1988     4    10   231  1023  1520     2   163    15 32744 32744
 52267 10104  4157  1988     4    11   231  2003  2107   150   147    15 32744 32744
 52267 10104  4157  1988     4    16   231  2145   158     8   197    16 32744 32744
 52267 10104  4157  1988     4    16   231  1204  1432     8   197    16 32744 32744
 52267 10104  4157  1988     5     6   231   210   244    12   110     4 32744 32744
 52267 10104  4157  1988     7     9   231  1919  2000     2   187    16 32744 32744
 52267 10104  4157  1988     7    10   231  2000  2010   300   150    16 32744 32744
 52267 10104  4157  1988     7    24   231  1902  2000     8   143    15 32744 32744
 52267 10104  4157  1988     7    25   231  2000  2008   150   140    15 32744 32744
 52267 10104  4157  1988     8    10   231  1407  1437    20   170    15 32744 32744
 52267 10104  4157  1988    11     8   231  2040  2240   150   167    16 32744 32744
 52313  9440  4132  1988     4    16   231   435   534    80 32744 32744 32744 32744
 52313  9440  4132  1988     5    22   231   105   210     8 32744 32744 32744 32744
 52313  9440  4132  1988     6     8   231  1754  2000     8 32744 32744 32744 32744
 52313  9440  4132  1988     6     9   231  2000  2015   150 32744 32744 32744 32744
 52323  9702  4148  1988     2     3   231  1421  1436   300   173    14 32744 32744
 52378 10222  4122  1988     1     6   231  1504  1519    40   150    13 32744 32744
 52378 10222  4122  1988     1    21   231   530   534     4   177    14 32744 32744
 52378 10222  4122  1988     1    21   231  1302  1915     4   177    14 32744 32744
 52378 10222  4122  1988     2    26   231  1145  1553     6   170     5 32744 32744
 52378 10222  4122  1988     4     2   231  2302   410     9   190     5 32744 32744
 52378 10222  4122  1988     4     2   231  1231  1625     9   190     5 32744 32744
 52378 10222  4122  1988     4    10   231  1202  2000     1   170    14 32744 32744
 52378 10222  4122  1988     4    11   231  2000    15    60   180    15 32744 32744
 52378 10222  4122  1988     4    16   231     8   320     1   200    14 32744 32744
 52378 10222  4122  1988     4    16   231   806  1903     1   200    14 32744 32744
 52378 10222  4122  1988     4    18   231  1010  1613     7   170    14 32744 32744
 52378 10222  4122  1988     4    19   231  2333    20    30   137    14 32744 32744
 52378 10222  4122  1988     4    27   231  1823  1826    20   153    14 32744 32744
 52378 10222  4122  1988     4    29   231  1302  1840     7   160    14 32744 32744
 52378 10222  4122  1988     5     2   231  1519  1521   200   100    13 32744 32744
 52378 10222  4122  1988     5     6   231   123  1540     4   180     5 32744 32744
 52378 10222  4122  1988     5     7   231  1532  1630    70   140    11 32744 32744
 52378 10222  4122  1988     5    18   231   948  1021    30   130    13 32744 32744
 52378 10222  4122  1988     5    22   231  1051  1841     7   160    13 32744 32744
 52378 10222  4122  1988     5    25   231  1437  1503    30   147    14 32744 32744
 52378 10222  4122  1988     5    28   231  1141  1214    40   153    14 32744 32744
 52378 10222  4122  1988     6    14   231  2004  2009   200   127    13 32744 32744
 52378 10222  4122  1988     6    15   231  2052  2110   200   143     4 32744 32744
 52378 10222  4122  1988     6    18   231  1438  1444   200   110     4 32744 32744
 52378 10222  4122  1988     6    20   231  1739  1746    12   130    10 32744 32744
 52378 10222  4122  1988     6    21   231    40   145    11   200    13 32744 32744
 52378 10222  4122  1988     6    22   231  2145  2205     8   143    13 32744 32744
 52378 10222  4122  1988     6    22   231  1211  1634     8   143    13 32744 32744
 52378 10222  4122  1988     6    23   231  1624  1626   180   130    15 32744 32744
 52378 10222  4122  1988     7     1   231   803   805    40   147    13 32744 32744
 52378 10222  4122  1988     7     5   231  1426  1437   150   150    13 32744 32744
 52378 10222  4122  1988     7     6   231  2056  2109   300   127     4 32744 32744
 52378 10222  4122  1988     7     8   231  1617  1626   400   107    10 32744 32744
 52378 10222  4122  1988     7    10   231  2126  2144    90   110    16 32744 32744
 52378 10222  4122  1988     7    14   231   524   538   180   130     4 32744 32744
 52378 10222  4122  1988     7    20   231  1122  1124   300   180    13 32744 32744
 52378 10222  4122  1988     7    24   231  1822  2000     4   140    14 32744 32744
 52378 10222  4122  1988     7    25   231  2000  2145   120   120    13 32744 32744
 52378 10222  4122  1988     8     4   231  1325  1520     3   190    15 32744 32744
 52378 10222  4122  1988     8    10   231  1435  1858    12   183    13 32744 32744
 52378 10222  4122  1988     8    20   231  2004  2017   300   130     5 32744 32744
 52378 10222  4122  1988     8    24   231  1915  1930    20   117     2 32744 32744
 52378 10222  4122  1988     8    31   231  1639  1641   250   130    13 32744 32744
 52378 10222  4122  1988     9     1   231  1530  1708    40   130    13 32744 32744
 52378 10222  4122  1988     9    28   231  2010  2136     4   203     5 32744 32744
 52378 10222  4122  1988     9    28   231   239  2000     4   203     5 32744 32744
 52378 10222  4122  1988     9    29   231  2000  2130    50   153     5 32744 32744
 52378 10222  4122  1988    12     6   231  1305  1710    11   160    13 32744 32744
 52418  9441  4009  1988     4     2   231  1723  1732   200    97    12 32744 32744
 52418  9441  4009  1988     5    11   231  1647  1710    80   147    14 32744 32744
 52418  9441  4009  1988     6    23   231  1942  2000     6    97    16 32744 32744
 52418  9441  4009  1988     6    24   231  2000  2006   200    77    16 32744 32744
 52424  9546  4032  1988     1    22   231  1138  1745     6   167     5 32744 32744
 52424  9546  4032  1988     3     6   231   953  1522     6   150     4 32744 32744
 52436  9702  4016  1988     5    11   231  1925  2000     7   190    13 32744 32744
 52436  9702  4016  1988     5    12   231  2000  2010   100   140    15 32744 32744
 52441  9837  4043  1988     5    27   231  1608  1610   150   230    13 32744 32744
 52446  9931  4018  1988     1     6   231  1346  1421     9   107    12 32744 32744
 52446  9931  4018  1988     4    16   231    54   228     9   187    16 32744 32744
 52446  9931  4018  1988     4    18   231  1018  1250    18   153    13 32744 32744
 52446  9931  4018  1988     5     8   231  1851  1905    70   137    13 32744 32744
 52446  9931  4018  1988     5    12   231  2231  2249   120   140    14 32744 32744
 52446  9931  4018  1988     5    27   231  1707  1940    15   160    13 32744 32744
 52446  9931  4018  1988     6    20   231   849  1302    11   160    13 32744 32744
 52446  9931  4018  1988     6    21   231  1716  1742   300   157    13 32744 32744
 52446  9931  4018  1988    11    11   231  1242  1536     9   130    13 32744 32744
 52446  9931  4018  1988    11    12   231  1301  1725     7   120    12 32744 32744
 52446  9931  4018  1988    12    11   231  1046  1405     3   167    14 32744 32744
 52495 10430  4045  1988     1    21   231  1144  2000     6   150    13 32744 32744
 52495 10430  4045  1988     1    22   231  2000  2130    30   140    16 32744 32744
 52495 10430  4045  1988     4    11   231  2320   220     6   177    13 32744 32744
 52495 10430  4045  1988     4    16   231  1511  1835    15   167    14 32744 32744
 52495 10430  4045  1988     4    19   231   720   740    15   160    13 32744 32744
 52495 10430  4045  1988     5    28   231  1501  1525    40   113    14 32744 32744
 52495 10430  4045  1988     6    14   231  1252  1258   200   147    15 32744 32744
 52495 10430  4045  1988     7    19   231  1522  1527   300   130    15 32744 32744
 52495 10430  4045  1988     7    20   231   642   647   300   150    15 32744 32744
 52495 10430  4045  1988     8    10   231  1844  2000     7   147    14 32744 32744
 52495 10430  4045  1988     8    11   231  2000  2122    50   143    13 32744 32744
 52495 10430  4045  1988     8    11   231   305   430    50   143    13 32744 32744
 52495 10430  4045  1988     9    28   231  2111  2147    60   190     3 32744 32744
 52495 10430  4045  1988    12     6   231  1309  1524     8 32744 32744 32744 32744
 52495 10430  4045  1988    12    11   231  1338  1404     7   170    13 32744 32744
 52533  9829  3946  1988     6     2   231  1921  2000     9    67     2 32744 32744
 52533  9829  3946  1988     6     3   231  2000  2010   200    70    15 32744 32744
 52533  9829  3946  1988     6    21   231  1524  1534    80   130    12 32744 32744
 52533  9829  3946  1988     6    23   231  1541  1543   250   107    11 32744 32744
 52546  9950  3922  1988     6    27   231  2153  2206   120   107    16 32744 32744
 52546  9950  3922  1988     9    22   231  1634  1637   500   110    14 32744 32744
 52576 10141  3913  1988     1     2   231  1625  1821    40   150     6 32744 32744
 52602  9323  3850  1988     2    12   231  1836  1837   400   190    14 32744 32744
 52602  9323  3850  1988     6    25   231  1802  1819   250   310    14 32744 32744
 52602  9323  3850  1988     9     7   231  1215  1215   300   173    13 32744 32744
 52633  9825  3848  1988     1    14   231  1530  1554   250   127    15 32744 32744
 52633  9825  3848  1988     1    20   231  1235  1454   200   153    13 32744 32744
 52633  9825  3848  1988     1    21   231  1432  1434   100   173    14 32744 32744
 52633  9825  3848  1988     2    11   231  1417  1432   250   153    14 32744 32744
 52633  9825  3848  1988     2    12   231  1418  1750    90   207    14 32744 32744
 52633  9825  3848  1988     3     3   231  1403  1440   250   170    14 32744 32744
 52633  9825  3848  1988     4    16   231  1447  1620   200   210    15 32744 32744
 52633  9825  3848  1988     5    18   231  1848  1914   300   190    14 32744 32744
 52652 10026  3856  1988     2    26   231  1545  1607    70   117    15 32744 32744
 52652 10026  3856  1988     4    10   231  1808  1820    30    87    14 32744 32744
 52652 10026  3856  1988     4    11   231  2014  2041   120    87    16 32744 32744
 52652 10026  3856  1988     4    16   231   304   332    60   120    15 32744 32744
 52652 10026  3856  1988     4    28   231  2332    21   120   133    14 32744 32744
 52652 10026  3856  1988     4    29   231  1533  1928    15   107    14 32744 32744
 52652 10026  3856  1988     4    30   231  2009  2231    80    93    14 32744 32744
 52652 10026  3856  1988     6    23   231  1820  1828   400    97    13 32744 32744
 52652 10026  3856  1988     9    22   231  1720  1725   400    83    16 32744 32744
 52652 10026  3856  1988    12     6   231  1142  1214   110   113    14 32744 32744
 52657 10015  3811  1988     1    21   231  1306  1328    60   140    15 32744 32744
 52674 10158  3814  1988     4    16   231   517   549    80   120    14 32744 32744
 52681 10305  3838  1988     1     2   231  1915  2000     7   130    14 32744 32744
 52681 10305  3838  1988     1     3   231  2000  2040   300    90    14 32744 32744
 52681 10305  3838  1988     1     6   231  1302  1448    12   133    14 32744 32744
 52681 10305  3838  1988     1    21   231  1420  1640    90   170    14 32744 32744
 52681 10305  3838  1988     4    16   231   520   608    40   130    15 32744 32744
 52681 10305  3838  1988     4    18   231  1639  1843    70   153    14 32744 32744
 52681 10305  3838  1988     4    19   231   908   946    50   127    14 32744 32744
 52681 10305  3838  1988     4    24   231  1811  1940    14   100     4 32744 32744
 52681 10305  3838  1988     4    29   231  1425  1840    90   160    15 32744 32744
 52681 10305  3838  1988     5     7   231  1417  1720   200   167    14 32744 32744
 52681 10305  3838  1988     5    28   231  1416  1527   120   150    16 32744 32744
 52681 10305  3838  1988     6    25   231  2210  2242   200   167    14 32744 32744
 52681 10305  3838  1988     7    14   231  1850  1917   200   110    11 32744 32744
 52681 10305  3838  1988    12    11   231  1245  1815     6   147    14 32744 32744
 52707  9341  3648  1988     6    20   231  1833  1903    80   180    16 32744 32744
 52707  9341  3648  1988     6    22   231  1558  1607   200   113    11 32744 32744
 52707  9341  3648  1988     6    23   231  1620  1626   250    93    11 32744 32744
 52707  9341  3648  1988     6    25   231  1920  1934    80   140    15 32744 32744
 52707  9341  3648  1988     7     4   231  1637  1645   120   147    14 32744 32744
 52707  9341  3648  1988     7    14   231  2126  2209   150    97    16 32744 32744
 52707  9341  3648  1988     8    16   231  1139  1317    80   153    15 32744 32744
 52707  9341  3648  1988    10    18   231   506   545    80   180    14 32744 32744
 52713  9522  3751  1988     6    26   231  2031  2131   150   163    13 32744 32744
 52737  9722  3722  1988     3     3   231  1344  1603     9   150    12 32744 32744
 52737  9722  3722  1988     3    10   231  1746  1748   400   120    13 32744 32744
 52737  9722  3722  1988    12     7   231  1448  1454   250   100    12 32744 32744
 52754 10008  3720  1988     1    21   231  1317  1620     7   153    13 32744 32744
 52754 10008  3720  1988     1    28   231  1552  1624   150   160    13 32744 32744
 52754 10008  3720  1988     2     3   231  1557  1627   100   150    13 32744 32744
 52754 10008  3720  1988     2     4   231  1440  1619    80   167    13 32744 32744
 52754 10008  3720  1988     2    10   231  1516  1635   100   140    12 32744 32744
 52754 10008  3720  1988     2    11   231  1616  1635   150   147    12 32744 32744
 52754 10008  3720  1988     2    12   231  1548  1631   150   157    12 32744 32744
 52754 10008  3720  1988     2    16   231  1153  1420   150   147    13 32744 32744
 52754 10008  3720  1988     3     1   231  1801  1810   200   133    12 32744 32744
 52754 10008  3720  1988     3     3   231  1307  1820    20   167    13 32744 32744
 52754 10008  3720  1988     3     4   231  1507  1806   100   163    14 32744 32744
 52754 10008  3720  1988     3    10   231  1413  1504   100   127    12 32744 32744
 52754 10008  3720  1988     3    23   231  1318  1723     9   173    14 32744 32744
 52754 10008  3720  1988     4    16   231  1428  1801   100   150    14 32744 32744
 52754 10008  3720  1988     4    25   231  1419  1550   150   140    14 32744 32744
 52754 10008  3720  1988     4    29   231  1550  1719   150   150    14 32744 32744
 52754 10008  3720  1988     5     4   231  2007  2009   150   130     3 32744 32744
 52754 10008  3720  1988    12     7   231  1540  1541   150   137    12 32744 32744
 52754 10008  3720  1988    12    17   231  1425  1530   300   113    13 32744 32744
 52765 10137  3723  1988     2    11   231  1539  1637   180   153    13 32744 32744
 52787 10252  3712  1988     5    22   231  1530  1640    40   140     1 32744 32744
 52788 10330  3707  1988     2     4   231  1747  1755    50   180    16 32744 32744
 52788 10330  3707  1988     2     6   231  1935  2000     4   190    16 32744 32744
 52788 10330  3707  1988     2     7   231  2000  2041   150   180    16 32744 32744
 52788 10330  3707  1988     4    16   231   720   827     6   180    16 32744 32744
 52797 10403  3711  1988     4    11   231  2217  2231   120   113    16 32744 32744
 52797 10403  3711  1988     4    16   231   808   928    20    90    16 32744 32744
 52797 10403  3711  1988     5    28   231  1705  1820    40   117    16 32744 32744
 52797 10403  3711  1988     7    14   231  2115  2132   300   113    14 32744 32744
 52818  9454  3625  1988     5    17   231  1536  1539   200   130    12 32744 32744
 52818  9454  3625  1988     5    27   231   110   126    60   163    14 32744 32744
 52818  9454  3625  1988     6     6   231  2032  2044   150   133    14 32744 32744
 52818  9454  3625  1988     6    21   231  2004  2010   150   100    15 32744 32744
 52818  9454  3625  1988     6    22   231  1829  1913   120   100    13 32744 32744
 52818  9454  3625  1988     6    26   231  2030  2046    80   107    15 32744 32744
 52818  9454  3625  1988    10    18   231   628   644    80   147    13 32744 32744
 52825  9625  3626  1988     4    10   231   151   223     8   133    13 32744 32744
 52825  9625  3626  1988    10    18   231   835   936    70   143    13 32744 32744
 52842  9905  3647  1988     1    21   231  1252  1606     4   180    13 32744 32744
 52842  9905  3647  1988     2    16   231  1203  1558     1   183    14 32744 32744
 52842  9905  3647  1988     3    22   231  1435  1616   250   183    14 32744 32744
 52856 10037  3616  1988     1    20   231  1701  1702   300   127    14 32744 32744
 52856 10037  3616  1988     1    21   231  1438  1527    70   137    12 32744 32744
 52856 10037  3616  1988     2     4   231  1520  1614   300   153    13 32744 32744
 52856 10037  3616  1988     2    16   231  1540  1828   150   167    14 32744 32744
 52895 10441  3634  1988     4    16   231   932  1245   120    87     2 32744 32744
 52895 10441  3634  1988     4    28   231  1127  1142   110   120    15 32744 32744
 52895 10441  3634  1988     5    22   231  1824  1840    50    63     2 32744 32744
 52895 10441  3634  1988     5    28   231  1811  1910     6   120    15 32744 32744
 52908  9305  3513  1988     1    20   231  1148  1845     8   243    14 32744 32744
 52908  9305  3513  1988     1    23   231  1425  1440   120   187    14 32744 32744
 52908  9305  3513  1988     2     8   231  1309  1410     8   200    14 32744 32744
 52908  9305  3513  1988     2     9   231  1225  1550     8   227    14 32744 32744
 52908  9305  3513  1988     2    10   231  1408  1825    80   220    14 32744 32744
 52908  9305  3513  1988     2    11   231  1425  1634    50   223    13 32744 32744
 52908  9305  3513  1988     2    12   231  1425  1642    80   213    14 32744 32744
 52908  9305  3513  1988     2    26   231  1310  1708     8   260    14 32744 32744
 52908  9305  3513  1988     2    27   231  1305  1555     9   247    14 32744 32744
 52908  9305  3513  1988     2    29   231  1207  1714     7   250    14 32744 32744
 52908  9305  3513  1988     3     3   231  1240  1638     8   230    14 32744 32744
 52908  9305  3513  1988     3    18   231  1525  1528   150   240    14 32744 32744
 52908  9305  3513  1988     3    24   231  1717  1827   150   220    14 32744 32744
 52908  9305  3513  1988     4     5   231  1328  1552    70   233    14 32744 32744
 52908  9305  3513  1988     4     8   231  1456  1629   200   220    14 32744 32744
 52943  9959  3535  1988     1     2   231  1618  1634   400   150    14 32744 32744
 52943  9959  3535  1988     1    17   231  1333  1334   350   153    12 32744 32744
 52943  9959  3535  1988     1    20   231  1313  1433     7   150    14 32744 32744
 52943  9959  3535  1988     1    21   231  1047  1422   200   217    12 32744 32744
 52943  9959  3535  1988     1    27   231  1429  1437   500   137    13 32744 32744
 52943  9959  3535  1988     1    28   231  1343  1642     3   167    14 32744 32744
 52943  9959  3535  1988     1    30   231  1521  1523   500   137    13 32744 32744
 52943  9959  3535  1988     1    31   231  1545  1615   450   150    14 32744 32744
 52943  9959  3535  1988     2     1   231  1520  1612   500   160    14 32744 32744
 52943  9959  3535  1988     2     3   231  1225  1538     7   157    13 32744 32744
 52943  9959  3535  1988     2     4   231  1244  1726     7   220    12 32744 32744
 52943  9959  3535  1988     2     5   231  1230  1515     6   180    13 32744 32744
 52943  9959  3535  1988     2     6   231  1403  1608   400   163    13 32744 32744
 52943  9959  3535  1988     2    11   231  1346  1545     6   170    14 32744 32744
 52943  9959  3535  1988     2    16   231  1312  1631     7   173    15 32744 32744
 52943  9959  3535  1988     2    19   231  1207  1324   400   150    15 32744 32744
 52943  9959  3535  1988     2    26   231  1328  1334   300   140    12 32744 32744
 52943  9959  3535  1988     3     1   231  1503  1725   300   180    14 32744 32744
 52943  9959  3535  1988     3     3   231  1414  1449   400   157    13 32744 32744
 52943  9959  3535  1988     3     4   231  1025  1644     4   180    14 32744 32744
 52943  9959  3535  1988     3     5   231  1605  1724   500   177 32744 32744 32744
 52943  9959  3535  1988     3     6   231  1529  1538   350   173    15 32744 32744
 52943  9959  3535  1988     3    10   231  1348  1708     8   173    13 32744 32744
 52943  9959  3535  1988     3    12   231  1451  1510   400   150    12 32744 32744
 52943  9959  3535  1988     3    22   231  1347  1440     8   140    14 32744 32744
 52943  9959  3535  1988     3    23   231  1258  1424     8   150    12 32744 32744
 52943  9959  3535  1988     3    24   231  1328  1614     8   190    14 32744 32744
 52943  9959  3535  1988     3    25   231  1130  1132   450   143    14 32744 32744
 52943  9959  3535  1988     4     7   231  1250  1716   200   170    14 32744 32744
 52943  9959  3535  1988     4    16   231  1314  1613   200   150    14 32744 32744
 52943  9959  3535  1988     4    30   231  1032  1458   300   170    14 32744 32744
 52943  9959  3535  1988    12     3   231  1155  1211   450   190    14 32744 32744
 52943  9959  3535  1988    12     7   231  1324  1325   200   180    13 32744 32744
 52943  9959  3535  1988    12    10   231  1410  1417   400   180    14 32744 32744
 52943  9959  3535  1988    12    17   231  1450  1452   500   160    13 32744 32744
 52957 10039  3516  1988     2     4   231  1338  1425     6   180    13 32744 32744
 52957 10039  3516  1988     3     4   231  1147  1335     4   187    14 32744 32744
 52957 10039  3516  1988     3     4   231  1635     0     4   187    14 32744 32744
 52957 10039  3516  1988     3    10   231  1449  1620   120   160    14 32744 32744
 52957 10039  3516  1988     3    23   231  1244  1335    40   170    13 32744 32744
 52957 10039  3516  1988     3    23   231  1816  1818    40   170    13 32744 32744
 52957 10039  3516  1988     4     7   231  1511  1726   150   160    14 32744 32744
 52957 10039  3516  1988     4    30   231  1156  1156   150   130    14 32744 32744
 52957 10039  3516  1988     6     3   231  1703  1703   400   123    16 32744 32744
 52968 10128  3502  1988     1    21   231  1551  1629   350   177    13 32744 32744
 52968 10128  3502  1988     3     4   231  1143  1703     7   180    15 32744 32744
 52968 10128  3502  1988     3    10   231  1605  1623   250   150    14 32744 32744
 52984 10311  3535  1988     2     4   231  1845  1850    23   140     1 32744 32744
 52984 10311  3535  1988     4    16   231  1207  1330    20    80     1 32744 32744
 53068 11158  4339  1988     2     3   231  1320  1408     7   220    13 32744 32744
 53068 11158  4339  1988     4    19   231  1650  1743    13   197    14 32744 32744
 53068 11158  4339  1988     4    20   231  1054  1142    18   220    14 32744 32744
 53068 11158  4339  1988     4    20   231  1508  1607    18   220    14 32744 32744
 53068 11158  4339  1988     6    21   231  1612  1617   200   190    12 32744 32744
 53083 11409  4437  1988     4    11   231   819   845     9   153    16 32744 32744
 53083 11409  4437  1988     4    11   231  1304  1410     9   153    16 32744 32744
 53083 11409  4437  1988     4    29   231  1420  1430    70   167    12 32744 32744
 53149 11008  4232  1988     2     3   231  1156  1202   250   170    14 32744 32744
 53149 11008  4232  1988     4    19   231  1501  1720   160   163    15 32744 32744
 53149 11008  4232  1988     4    20   231  1413  1500    90   163    15 32744 32744
 53149 11008  4232  1988     4    27   231  1353  1355     5   157    13 32744 32744
 53149 11008  4232  1988     4    29   231  1026  1028    95   160    12 32744 32744
 53149 11008  4232  1988     4    30   231  2256  2340   300   167     2 32744 32744
 53149 11008  4232  1988     5    16   231  1432  1439   300   167    13 32744 32744
 53149 11008  4232  1988     5    25   231  1414  1504   110   180    11 32744 32744
 53149 11008  4232  1988     6    23   231  2010  2040   700   180    16 32744 32744
 53149 11008  4232  1988     7    19   231  1622  1628   700   130    14 32744 32744
 53192 11457  4401  1988     4    20   231   918   933   150   180    13 32744 32744
 53192 11457  4401  1988     4    27   231  1601  1603   200   160    12 32744 32744
 53192 11457  4401  1988     4    29   231  1324  1640   150   160    12 32744 32744
 53192 11457  4401  1988     5     9   231  1020  1640     4   197    12 32744 32744
 53192 11457  4401  1988     5    25   231  1750  1755   180   140    14 32744 32744
 53192 11457  4401  1988     6    13   231  1633  1635   300   123    11 32744 32744
 53192 11457  4401  1988     7    10   231  1528  1530   300   140    15 32744 32744
 53192 11457  4401  1988    11     8   231  1041  1058    80   190    12 32744 32744
 53195 11343  4350  1988     4    12   231  1317  1719     7   160    14 32744 32744
 53195 11343  4350  1988     4    16   231  1648  1913    40   147    14 32744 32744
 53195 11343  4350  1988     4    20   231  1006  1414     8   173    15 32744 32744
 53195 11343  4350  1988     4    29   231  1504  1524   150   160    12 32744 32744
 53195 11343  4350  1988     5     9   231  1426  1741    40   187    14 32744 32744
 53195 11343  4350  1988     7    17   231  1740  1741   300   140    10 32744 32744
 53195 11343  4350  1988    11     8   231  1247  1309    90   213    14 32744 32744
 53231 10624  4124  1988     2    26   231   930  1744     7   180     7 32744 32744
 53231 10624  4124  1988     4     1   231  1903  2000     6   167     3 32744 32744
 53231 10624  4124  1988     4     2   231  2000  2250   100   160     4 32744 32744
 53231 10624  4124  1988     4    10   231  1450  2000     6   180    13 32744 32744
 53231 10624  4124  1988     4    11   231  2000   342     6   200    13 32744 32744
 53231 10624  4124  1988     4    16   231   930  1815     7   200    13 32744 32744
 53231 10624  4124  1988     4    19   231   740  1154     8   150    13 32744 32744
 53231 10624  4124  1988     4    30   231  2346   310     7   167     4 32744 32744
 53231 10624  4124  1988     5     6   231   210   521     9   170     4 32744 32744
 53231 10624  4124  1988     5     6   231   955  1430     9   170     4 32744 32744
 53231 10624  4124  1988     5     8   231  1330  1510     4   140    13 32744 32744
 53231 10624  4124  1988     5     9   231  1208  1545     9   160    13 32744 32744
 53231 10624  4124  1988     5    19   231   852  1023   150   177     4 32744 32744
 53231 10624  4124  1988     5    22   231  1542  1758    50   190    13 32744 32744
 53231 10624  4124  1988     5    28   231  1543  1703   120   130    13 32744 32744
 53231 10624  4124  1988     6    14   231  2103  2136   250   160     2 32744 32744
 53231 10624  4124  1988     6    28   231  1731  1737   250   140     9 32744 32744
 53231 10624  4124  1988     7     5   231   605   608   180   167     7 32744 32744
 53231 10624  4124  1988     7     9   231  1540  1543   300   170     9 32744 32744
 53231 10624  4124  1988     8    17   231  1309  1320   300   147     8 32744 32744
 53231 10624  4124  1988     8    19   231  1641  1746   300 32744 32744 32744 32744
 53231 10624  4124  1988     9     1   231  1620  1940    70   150    12 32744 32744
 53231 10624  4124  1988    11     8   231   724  1017     8   150    13 32744 32744
 53231 10624  4124  1988    12     6   231  1404  1435    70   177    12 32744 32744
 53276 11254  4224  1988     2     3   231  1058  1601     1   220    12 32744 32744
 53276 11254  4224  1988     4     6   231  1416  1418    70   123    14 32744 32744
 53276 11254  4224  1988     4    11   231    26    42     5   170    12 32744 32744
 53276 11254  4224  1988     4    11   231   758  1117     5   170    12 32744 32744
 53276 11254  4224  1988     4    15   231  1333  1518     3   177    12 32744 32744
 53276 11254  4224  1988     4    16   231  1246  1845    15   180    15 32744 32744
 53276 11254  4224  1988     4    17   231   918  1741    16   170    13 32744 32744
 53276 11254  4224  1988     4    19   231  1704  2000     8   180    14 32744 32744
 53276 11254  4224  1988     4    20   231  2000  2106     3   190    12 32744 32744
 53276 11254  4224  1988     4    20   231  1053  1720     3   190    12 32744 32744
 53276 11254  4224  1988     4    29   231  1422  1603    50   160    12 32744 32744
 53276 11254  4224  1988     4    30   231   130   310     2   170     1 32744 32744
 53336 10831  4134  1988     1    22   231    41   140     3   220    15 32744 32744
 53336 10831  4134  1988     4    11   231   113   229     8   190    15 32744 32744
 53336 10831  4134  1988     4    11   231  1234  1342     8   190    15 32744 32744
 53336 10831  4134  1988     4    16   231  1003  1230    30   210    15 32744 32744
 53336 10831  4134  1988     4    16   231  1751  1916    30   210    15 32744 32744
 53336 10831  4134  1988     4    19   231   814  1530     6   197    15 32744 32744
 53336 10831  4134  1988     4    30   231   104   230     5   183     2 32744 32744
 53336 10831  4134  1988     5    28   231  1644  1646   150   150    13 32744 32744
 53336 10831  4134  1988     6    18   231  1535  1548   250   177     1 32744 32744
 53352 11026  4142  1988     2     3   231  1226  1328    15   110    12 32744 32744
 53352 11026  4142  1988     4     3   231   932  1330   150   113    11 32744 32744
 53352 11026  4142  1988     4    11   231  2350  1532     4   160    14 32744 32744
 53352 11026  4142  1988     4    16   231   953  2000     5   130    13 32744 32744
 53352 11026  4142  1988     4    17   231  2000  2029     9   133    14 32744 32744
 53352 11026  4142  1988     4    17   231   911  2000     9   133    14 32744 32744
 53352 11026  4142  1988     4    18   231  2000  2005   300   103    12 32744 32744
 53352 11026  4142  1988     4    19   231   940  2000     3   180    14 32744 32744
 53352 11026  4142  1988     4    20   231  2000  2016     4   153    14 32744 32744
 53352 11026  4142  1988     4    20   231  1235  1706     4   153    14 32744 32744
 53352 11026  4142  1988     4    29   231  1131  1609     9   133    12 32744 32744
 53352 11026  4142  1988     4    30   231    43   241     8   130     2 32744 32744
 53352 11026  4142  1988     5     8   231   607   720    15   107    10 32744 32744
 53362 11141  4132  1988     4    16   231  1503  2000     9   133    14 32744 32744
 53362 11141  4132  1988     4    17   231  2000  2308     3   120    14 32744 32744
 53362 11141  4132  1988     4    17   231   952  2000     3   120    14 32744 32744
 53362 11141  4132  1988     4    18   231  2000  2009   300    80    16 32744 32744
 53362 11141  4132  1988     4    19   231  1253  2000     8   133    14 32744 32744
 53362 11141  4132  1988     4    20   231  2000  2045     8   130    14 32744 32744
 53362 11141  4132  1988     4    20   231  1311  1833     8   130    14 32744 32744
 53362 11141  4132  1988     4    29   231  1541  1823    90   110    12 32744 32744
 53362 11141  4132  1988     5    18   231  1757  1821   250   133    16 32744 32744
 53391 11400  4154  1988     2     3   231  1316  1720     4   117    13 32744 32744
 53391 11400  4154  1988     4    11   231   835  1720     7   150    16 32744 32744
 53391 11400  4154  1988     4    12   231  1440  1630    70   120    15 32744 32744
 53391 11400  4154  1988     4    15   231  1520  1605   300   113    12 32744 32744
 53391 11400  4154  1988     4    16   231  1320  1910     8   130    14 32744 32744
 53391 11400  4154  1988     4    17   231   840  2000     9 32744 32744 32744 32744
 53391 11400  4154  1988     4    18   231  2000  2025   200   110    14 32744 32744
 53391 11400  4154  1988     4    19   231  1729  2000     3   140    14 32744 32744
 53391 11400  4154  1988     4    20   231  2000  2325     5   150    14 32744 32744
 53391 11400  4154  1988     4    20   231  1009  1935     5   150    14 32744 32744
 53391 11400  4154  1988     4    21   231   947  1315    30   140    14 32744 32744
 53391 11400  4154  1988     4    29   231  1452  2000     8   107    13 32744 32744
 53391 11400  4154  1988     4    30   231  2000  2040   150   140    16 32744 32744
 53391 11400  4154  1988     4    30   231   420   505   150   140    16 32744 32744
 53391 11400  4154  1988     5     9   231  1602  1810    80   130    14 32744 32744
 53391 11400  4154  1988     5    10   231  1008  1320    50   140    15 32744 32744
 53446 10951  4040  1988     4    11   231   400   554    60   117    15 32744 32744
 53446 10951  4040  1988     4    16   231  1329  1425     6   110    15 32744 32744
 53446 10951  4040  1988     4    19   231  1302  1330    30   110    15 32744 32744
 53446 10951  4040  1988     4    20   231  1408  1615    20   123    15 32744 32744
 53446 10951  4040  1988     4    30   231   215   430    90   157     1 32744 32744
 53446 10951  4040  1988     5     6   231   640   654    40    83    16 32744 32744
 53446 10951  4040  1988     6    18   231  1537  1555   150   120    13 32744 32744
 53463 11141  4049  1988     4    16   231  1444  1620   100   140    14 32744 32744
 53463 11141  4049  1988     4    30   231   240   242   180   130    15 32744 32744
 53463 11141  4049  1988     6    25   231  1922  1925   120    97     8 32744 32744
 53463 11141  4049  1988     7    16   231  1818  1822   100    87    16 32744 32744
 53478 11227  4000  1988     1    21   231  1507  2000     7   157    13 32744 32744
 53478 11227  4000  1988     1    22   231  2000  2138    70   140    14 32744 32744
 53478 11227  4000  1988     4    11   231   627  1835     7   167    15 32744 32744
 53478 11227  4000  1988     4    19   231  1625  1807    30   150    14 32744 32744
 53478 11227  4000  1988     5     2   231  1606  1614   150   143    16 32744 32744
 53480 11304  4102  1988     4    11   231   538   621     8   163    14 32744 32744
 53480 11304  4102  1988     4    11   231   936  1354     8   163    14 32744 32744
 53480 11304  4102  1988     4    16   231  1557  1820   150   140    16 32744 32744
 53480 11304  4102  1988     4    17   231   910  2000     3   160    14 32744 32744
 53480 11304  4102  1988     4    18   231  2000  2006    90   153    14 32744 32744
 53480 11304  4102  1988     4    19   231  1455  2000     1   140    14 32744 32744
 53480 11304  4102  1988     4    20   231  2000  2120     8   157    14 32744 32744
 53480 11304  4102  1988     4    20   231  1215  1640     8   157    14 32744 32744
 53487 11320  4006  1988     4    11   231   554  1011     7   173    15 32744 32744
 53487 11320  4006  1988     4    11   231  1314  1445     7   173    15 32744 32744
 53487 11320  4006  1988     4    17   231  1722  1758    40   190    13 32744 32744
 53487 11320  4006  1988     4    19   231  1711  2000     9   113    13 32744 32744
 53487 11320  4006  1988     4    20   231  2000  2012     9   147    15 32744 32744
 53487 11320  4006  1988     4    20   231  1528  2000     9   147    15 32744 32744
 53487 11320  4006  1988     4    21   231  2000  2005   120   123    15 32744 32744
 53487 11320  4006  1988     4    30   231   510   741    15   143     1 32744 32744
 53502 10545  3947  1988     1    21   231  1133  1715     7   130    14 32744 32744
 53502 10545  3947  1988     4    11   231   130   350     9   133    14 32744 32744
 53502 10545  3947  1988     4    16   231   643   806     5   127    15 32744 32744
 53502 10545  3947  1988     4    19   231   758  1245     6   200    15 32744 32744
 53502 10545  3947  1988     4    29   231  1540  1629    80   127    13 32744 32744
 53502 10545  3947  1988     5    28   231  1647  1839    30   130    16 32744 32744
 53502 10545  3947  1988     7    14   231  1718  1725    60   130     1 32744 32744
 53502 10545  3947  1988     8    19   231  1851  1925    40   100    16 32744 32744
 53519 10646  3913  1988     4    11   231     2   402    20   150    14 32744 32744
 53519 10646  3913  1988     4    16   231   834  1108    60   200    15 32744 32744
 53519 10646  3913  1988     4    30   231   631   805     8    97     2 32744 32744
 53519 10646  3913  1988     7    14   231  1908  1923   200   180     1 32744 32744
 53519 10646  3913  1988    11     8   231   713   742    20   160    15 32744 32744
 53529 10759  3906  1988     1     6   231  1426  1515   110   107    14 32744 32744
 53529 10759  3906  1988     1    21   231  1143  1724     8   130    13 32744 32744
 53529 10759  3906  1988     1    22   231     5   338     5   160    14 32744 32744
 53529 10759  3906  1988     2     4   231  1425  1658    30   130    14 32744 32744
 53529 10759  3906  1988     3    13   231  1803  2000     6   137     2 32744 32744
 53529 10759  3906  1988     3    14   231  2000  2314   150   130     2 32744 32744
 53529 10759  3906  1988     4    11   231  2315   848     6   190    14 32744 32744
 53529 10759  3906  1988     4    16   231  1003  1342    20   183    15 32744 32744
 53529 10759  3906  1988     4    17   231  1145  1617     9   120    14 32744 32744
 53529 10759  3906  1988     4    19   231   651  1643     5   160    15 32744 32744
 53529 10759  3906  1988     4    30   231  2024  2132     9   130    14 32744 32744
 53529 10759  3906  1988     4    30   231   540   825     9   130    14 32744 32744
 53529 10759  3906  1988     5    25   231  1728  1730    70   110    16 32744 32744
 53529 10759  3906  1988     5    28   231  1802  1812   160   110    14 32744 32744
 53529 10759  3906  1988     6    22   231  1547  1559   200   120    13 32744 32744
 53529 10759  3906  1988    12     6   231  1452  1544   120   140    14 32744 32744
 53529 10759  3906  1988    12    11   231  1735  1739   110   140    14 32744 32744
 53543 10959  3950  1988     1    21   231  1143  1718     8   190    13 32744 32744
 53543 10959  3950  1988     4    11   231   240  1020     8   143    14 32744 32744
 53543 10959  3950  1988     4    16   231  1435  1520    60   130    14 32744 32744
 53545 10944  3934  1988     1     6   231  1330  1820     7   150    14 32744 32744
 53545 10944  3934  1988     1     7   231  1103  1215    90   140    14 32744 32744
 53545 10944  3934  1988     1    21   231  1251  1800     7   137    14 32744 32744
 53545 10944  3934  1988     1    22   231  2115    25    20   170    14 32744 32744
 53545 10944  3934  1988     2     4   231  1055  1320    17   140    14 32744 32744
 53545 10944  3934  1988     4    11   231  2354  1115     6   200    13 32744 32744
 53545 10944  3934  1988     4    16   231  1225  2000     8   180    14 32744 32744
 53545 10944  3934  1988     4    17   231  2000  2034     9   153    14 32744 32744
 53545 10944  3934  1988     4    17   231  2356   132     9   153    14 32744 32744
 53545 10944  3934  1988     4    17   231  1224  1625     9   153    14 32744 32744
 53545 10944  3934  1988     4    19   231   827  1858     6   150    14 32744 32744
 53545 10944  3934  1988     4    27   231  1637  1643   150   133    13 32744 32744
 53545 10944  3934  1988     4    30   231   457   704    50   103    15 32744 32744
 53545 10944  3934  1988    11     8   231  1254  1708     8   120    15 32744 32744
 53545 10944  3934  1988    12     7   231   158   835     8   140    14 32744 32744
 53564 11109  3923  1988     1    21   231  1516  2000     9   103    14 32744 32744
 53564 11109  3923  1988     1    22   231  2000   707     7   130    14 32744 32744
 53564 11109  3923  1988     4    11   231   607   942     6   107    15 32744 32744
 53564 11109  3923  1988     4    16   231  1437  1716    50   113    15 32744 32744
 53564 11109  3923  1988     4    19   231  1513  1715    12    83    15 32744 32744
 53564 11109  3923  1988     4    30   231   611   815     8    70    15 32744 32744
 53593 11434  3950  1988     4    11   231   951  1830     7    90    15 32744 32744
 53602 10540  3850  1988     4    16   231   827   917    80   147     1 32744 32744
 53602 10540  3850  1988     4    29   231  1440  1515    80   100    12 32744 32744
 53602 10540  3850  1988     5     5   231   554   635   120   120     6 32744 32744
 53602 10540  3850  1988     5    28   231  1719  2000     6   160     1 32744 32744
 53602 10540  3850  1988     5    29   231  2000  2130   150   130     1 32744 32744
 53602 10540  3850  1988     6    29   231  1837  2000     9   167     2 32744 32744
 53602 10540  3850  1988     6    30   231  2000  2044   120   140    16 32744 32744
 53602 10540  3850  1988     7    15   231  1835  1844   200   150     2 32744 32744
 53614 10613  3829  1988     1    21   231  1431  1433   120   130    14 32744 32744
 53614 10613  3829  1988     3    13   231  1840  1934    30    67     4 32744 32744
 53614 10613  3829  1988     4    11   231  2232  2320    12   180    15 32744 32744
 53614 10613  3829  1988     4    11   231   618   704    12   180    15 32744 32744
 53614 10613  3829  1988     4    30   231   845  1003    30   130    14 32744 32744
 53615 10642  3848  1988     1    21   231  1151  2000     3   120    16 32744 32744
 53615 10642  3848  1988     1    22   231  2000   814     1   120    16 32744 32744
 53615 10642  3848  1988     2     4   231  1323  1524     8   100    16 32744 32744
 53615 10642  3848  1988     3    13   231  1723  2000     5   130     3 32744 32744
 53615 10642  3848  1988     3    14   231  2000   440     9   123     3 32744 32744
 53615 10642  3848  1988     4    11   231  2241   610    30   137    16 32744 32744
 53615 10642  3848  1988     4    16   231  1038  1245    50   150     1 32744 32744
 53615 10642  3848  1988     4    19   231   923  1710     6   120    16 32744 32744
 53615 10642  3848  1988     4    29   231  1655  1716    60   123    11 32744 32744
 53615 10642  3848  1988     4    30   231   651  1000     4   137     5 32744 32744
 53615 10642  3848  1988     5    15   231  1729  1737   200   110    15 32744 32744
 53615 10642  3848  1988     5    28   231  1909  1934    40    87     1 32744 32744
 53615 10642  3848  1988    11     8   231   730   822     6   140     1 32744 32744
 53615 10642  3848  1988    11     8   231  1124  1510     6   140     1 32744 32744
 53646 10942  3814  1988     4    11   231   526  1240     4   120    16 32744 32744
 53646 10942  3814  1988     4    16   231  1339  1920     7   140    15 32744 32744
 53646 10942  3814  1988     4    19   231  1124  2000     6   100    15 32744 32744
 53646 10942  3814  1988     4    20   231  2000  2035   110   103    16 32744 32744
 53663 11149  3855  1988     1    21   231  1615  1820    30   137    14 32744 32744
 53663 11149  3855  1988     1    22   231   120   245     6   150    14 32744 32744
 53663 11149  3855  1988     4    11   231   320   915     7   130    16 32744 32744
 53663 11149  3855  1988     4    16   231  1603  1640    60   120    14 32744 32744
 53673 11243  3844  1988     4    11   231   844  1108    40   140    15 32744 32744
 53673 11243  3844  1988     4    16   231  1834  2000     7   170    15 32744 32744
 53673 11243  3844  1988     4    17   231  2000  2034    60   117    16 32744 32744
 53698 11425  3802  1988     4    11   231  1050  1220    12   100    15 32744 32744
 53705 10540  3729  1988     4    16   231   837  1106   100   110    14 32744 32744
 53723 10724  3747  1988     1     7   231  1030  1546     3   140    13 32744 32744
 53723 10724  3747  1988     1    21   231  1209  1803     7   150    14 32744 32744
 53723 10724  3747  1988     2     3   231  1016  1720     6   140    12 32744 32744
 53723 10724  3747  1988     2     4   231  1446  1740    40   103    12 32744 32744
 53723 10724  3747  1988     4    11   231  2351   820     6   120    16 32744 32744
 53723 10724  3747  1988     4    16   231   944  1535     2   110    16 32744 32744
 53723 10724  3747  1988     4    17   231  1420  1550    20   117    14 32744 32744
 53723 10724  3747  1988     4    18   231   922  1740     2   120    13 32744 32744
 53723 10724  3747  1988     4    19   231   851  1912     7   130    14 32744 32744
 53723 10724  3747  1988     4    28   231  1302  1425     7   103    14 32744 32744
 53723 10724  3747  1988     4    29   231  1634  1709    40   113    12 32744 32744
 53723 10724  3747  1988     4    30   231  1020  1640     9    90    14 32744 32744
 53723 10724  3747  1988     5     3   231  1230  1304    80    80    16 32744 32744
 53723 10724  3747  1988     5     5   231  1243  1344    11    80     7 32744 32744
 53723 10724  3747  1988     5    15   231  1909  2000     8    90    16 32744 32744
 53723 10724  3747  1988     5    16   231  2000  2012   200    47     1 32744 32744
 53723 10724  3747  1988     5    19   231  1947  2000     8    80     6 32744 32744
 53723 10724  3747  1988     5    20   231  2000  2030    80    83    16 32744 32744
 53723 10724  3747  1988     7    20   231  1737  1749   300   103    16 32744 32744
 53723 10724  3747  1988    12     8   231  1418  1520    15   110    13 32744 32744
 53723 10724  3747  1988    12    11   231  1508  1608    25   130    13 32744 32744
 53738 10811  3650  1988     4    11   231   242  1020     6   120    16 32744 32744
 53738 10811  3650  1988     4    16   231  1301  1724     7   117    16 32744 32744
 53738 10811  3650  1988     4    19   231  1234  1424     6    97    15 32744 32744
 53740 10914  3756  1988     1    22   231   107   310     8   170    14 32744 32744
 53740 10914  3756  1988     4    11   231   610   831     7   180    15 32744 32744
 53740 10914  3756  1988     4    16   231  1249  1848     4   177    15 32744 32744
 53740 10914  3756  1988     4    19   231  1450  1930    12   160    14 32744 32744
 53754 11013  3730  1988     4    11   231   820  1421     9   173    16 32744 32744
 53754 11013  3730  1988     4    16   231  1459  2000     8   197    15 32744 32744
 53754 11013  3730  1988     4    17   231  2000  2140    70   120    15 32744 32744
 53754 11013  3730  1988     4    28   231  1710  1730    70   193    15 32744 32744
 53764 11106  3730  1988     4    16   231  1630  1836   120   137    12 32744 32744
 53772 11233  3747  1988     4    11   231   630  1530     5   110    16   233    16
 53772 11233  3747  1988     4    19   231  1530  2000     4    93    15   184    16
 53772 11233  3747  1988     4    20   231  2000  2134    15   100    14   212    16
 53782 11333  3751  1988     4    11   231  1008  1242    19   110    16 32744 32744
 53787 11259  3704  1988     1    22   231   742  1405     8   147    14 32744 32744
 53806 10539  3634  1988     4    16   231   845  1247    30   180    15 32744 32744
 53806 10539  3634  1988     4    17   231  1416  1521   100   180    15 32744 32744
 53806 10539  3634  1988     4    28   231  1203  1337    80   197    15 32744 32744
 53806 10539  3634  1988     6    18   231  1715  1734   400   150    15 32744 32744
 53810 10554  3659  1988     4    11   231  2345   130    80   167    16 32744 32744
 53810 10554  3659  1988     4    16   231   913  1310    80   150    16 32744 32744
 53810 10554  3659  1988     5    19   231  1720  1825    50   130    16 32744 32744
 53817 10616  3600  1988     4    11   231   142   304     8   160    16 32744 32744
 53817 10616  3600  1988     4    16   231  1020  1309    12   157    16 32744 32744
 53821 10718  3635  1988     4    11   231   110   330     7   120    16 32744 32744
 53821 10718  3635  1988     4    16   231  1219  1535     3   100    16 32744 32744
 53845 10930  3636  1988     4    16   231  1508 32744    50    53     4 32744 32744
 53853 11057  3642  1988     1    22   231   750   842     5   157    15 32744 32744
 53853 11057  3642  1988     4    11   231   728  1105     6   140    15 32744 32744
 53853 11057  3642  1988     4    16   231  1642  1858    60   183    16 32744 32744
 53853 11057  3642  1988     4    19   231  1820  1915    30   163    15 32744 32744
 53863 11156  3703  1988     4    11   231   915  1510     9   113    14 32744 32744
 53863 11156  3703  1988     4    16   231  1810  2000     8   113    14 32744 32744
 53863 11156  3703  1988     4    17   231  2000  2050    40   120    14 32744 32744
 53863 11156  3703  1988     4    19   231  1850  2000     8    80    14 32744 32744
 53863 11156  3703  1988     4    20   231  2000  2305    30   110    15 32744 32744
 53868 11130  3604  1988     1    22   231   710   930     7   110    15 32744 32744
 53868 11130  3604  1988     4    11   231   806  1244    15   107    16 32744 32744
 53868 11130  3604  1988     4    16   231  1830  2000     5   140    15 32744 32744
 53868 11130  3604  1988     4    17   231  2000  2143    28   130    16 32744 32744
 53882 11304  3603  1988     1    22   231   530  1221     7   140    16 32744 32744
 53882 11304  3603  1988     4    11   231  1125  1709     6   110    16 32744 32744
 53915 10640  3533  1988     4    16   231  1201  1303    15   160    16 32744 32744
 53923 10738  3544  1988     4    16   231  1421  1510   120   120    16 32744 32744
 53942 10930  3549  1988     4    16   231  1647  2000     9   127     1 32744 32744
 53942 10930  3549  1988     4    17   231  2000  2049    15   100    13 32744 32744
 53959 11101  3502  1988     1    22   231   721  1028     6   140    16 32744 32744
 54041 12304  4447  1988     5     3   231   654  1325     8   177    16 32744 32744
 54041 12304  4447  1988     5     9   231  1156  1840     5   180    10 32744 32744
 54041 12304  4447  1988     5    15   231  1645  1810   100   170     9 32744 32744
 54049 12358  4415  1988     5     3   231   806   845    80   180    14 32744 32744
 54063 12600  4458  1988     4    11   231  1528  1545   120   177    11 32744 32744
 54102 11604  4357  1988    11     8   231  1443  1534    80   190    12 32744 32744
 54115 11804  4336  1988     5     9   231  1027  1825     6   167    12   311    12
 54134 12117  4336  1988     2     1   231  1417  1618    60   230    14 32744 32744
 54134 12117  4336  1988     3    18   231   914  1316    50   220    14 32744 32744
 54134 12117  4336  1988     5     3   231   712   838     4   200    15 32744 32744
 54142 12332  4330  1988     5     3   231   806  1120   120   187     9 32744 32744
 54208 11628  4211  1988     4    20   231  1107  2000     7   180    13 32744 32744
 54208 11628  4211  1988     4    21   231  2000  2030   180   150    13 32744 32744
 54213 11902  4257  1988     4    11   231  1430  1528   100   150    15 32744 32744
 54226 12042  4220  1988     1    22   231  1430  1545    60   137    16 32744 32744
 54226 12042  4220  1988     1    23   231  1107  1120    50   160    15 32744 32744
 54226 12042  4220  1988     2     1   231  1706  1830    30   140    15 32744 32744
 54236 12232  4225  1988     3    10   231  1218  1440     9   163    10 32744 32744
 54308 11638  4113  1988     4    11   231  1248  1313    20   137    14 32744 32744
 54401 11453  4047  1988     4    11   231   648  1322     6   120    15   214    16
 54401 11453  4047  1988     4    17   231  1430  1907    11    97    15   173     1
 54401 11453  4047  1988     4    19   231  1905  2000     7    87    14   169    16
 54401 11453  4047  1988     4    20   231  2000   115    20   110    15   200    16
 54401 11453  4047  1988     4    20   231  1425  1847    20   110    15   200    16
 54401 11453  4047  1988     4    30   231   538   613    40   100    16   175     1
 54401 11453  4047  1988     5     4   231  1828  1852   120    83     1   163     2
 54511 11617  3956  1988     4    11   231   948  1025    12   110    14 32744 32744
 54534 11809  3940  1988     4     2   231  1410  1441   100   110     6 32744 32744
 54606 11544  3814  1988     1    22   231   913  1322    40   120    15 32744 32744
 54606 11544  3814  1988     3     6   231   739  1229     7   117    16 32744 32744
 54606 11544  3814  1988     4    11   231  1115  2000     6    80    15 32744 32744
 54606 11544  3814  1988     4    12   231  2000  2035    60    67    12 32744 32744
 54606 11544  3814  1988     4    17   231  2355    40    70    80    16 32744 32744
 54705 11523  3722  1988     4    11   231  1455  1543    15    93    15 32744 32744
 54808 11535  3602  1988     1    22   231   819  1120    40   153    16 32744 32744
 54826 11706  3615  1988     4    11   231  1741  1920    50   200    11 32744 32744
 54827 11709  3610  1988     1    22   231  1000  1520     5   137    14   222    15
 54936 11850  3535  1988     1    22   231  1351  1530     7    87    13 32744 32744
 55228  8005  3230  1988     1    24   231  1725  1727   500 32744 32744 32744 32744
 55228  8005  3230  1988     2     8   231  1451  1454   250 32744 32744 32744 32744
 55228  8005  3230  1988     2     9   231  1237  1613    45 32744 32744 32744 32744
 55228  8005  3230  1988     2    21   231  1436  1437   500 32744 32744 32744 32744
 55228  8005  3230  1988     3    11   231  1638  1640   400 32744 32744 32744 32744
 55228  8005  3230  1988     4     4   231  1503  1626   250 32744 32744 32744 32744
 55228  8005  3230  1988     4    30   231  1636  1636   400 32744 32744 32744 32744
 55228  8005  3230  1988     5     1   231  1626  1626   300 32744 32744 32744 32744
 55228  8005  3230  1988     5     6   231  1837  1911   200 32744 32744 32744 32744
 55228  8005  3230  1988     5     7   231  1719  1920   100 32744 32744 32744 32744
 55228  8005  3230  1988     5     8   231  1538  1836   500 32744 32744 32744 32744
 55228  8005  3230  1988     5    28   231  1816  1831   150 32744 32744 32744 32744
 55228  8005  3230  1988    10     4   231  1634  1636   300 32744 32744 32744 32744
 55228  8005  3230  1988    10    18   231  1806  1808   600 32744 32744 32744 32744
 55228  8005  3230  1988    11    16   231  1806  1850   400 32744 32744 32744 32744
 55228  8005  3230  1988    12    22   231  1556  1655   300 32744 32744 32744 32744
 55248  8425  3209  1988     2     8   231  1513  1530    99 32744 32744 32744 32744
 55248  8425  3209  1988     2     9   231  1536  1537   200 32744 32744 32744 32744
 55248  8425  3209  1988     2     9   231  1912  1925   200 32744 32744 32744 32744
 55248  8425  3209  1988     2    27   231  1703  1703   300 32744 32744 32744 32744
 55248  8425  3209  1988     3     2   231  1735  1749   300 32744 32744 32744 32744
 55248  8425  3209  1988     3    11   231  1747  1747   500 32744 32744 32744 32744
 55248  8425  3209  1988     3    12   231  1359  1832     9 32744 32744 32744 32744
 55248  8425  3209  1988     3    16   231  1443  1744   400 32744 32744 32744 32744
 55248  8425  3209  1988     3    17   231  1720  1749    90 32744 32744 32744 32744
 55248  8425  3209  1988     4     3   231  1347  1352     8 32744 32744 32744 32744
 55279  9001  3123  1988     3    17   231  1459  1502   200   197    12 32744 32744
 55294  9106  3221  1988     1    25   231  1628  1716   300   223    12 32744 32744
 55294  9106  3221  1988     2     8   231  1555  1558   200   263    12 32744 32744
 55294  9106  3221  1988     2    26   231  1503  1506   300   240    13 32744 32744
 55294  9106  3221  1988     3    16   231  1436  1442   300   200    12 32744 32744
 55294  9106  3221  1988     3    17   231  1501  1513   300   220    12 32744 32744
 55294  9106  3221  1988     3    18   231  1309  1553   300   260    12 32744 32744
 55294  9106  3221  1988     3    26   231  1502  1522   300   230    12 32744 32744
 55299  9204  3129  1988     2     8   231  1530  1530   300   170    13 32744 32744
 55299  9204  3129  1988     3    19   231  1459  1515   300 32744 32744 32744 32744
 55472  8838  3057  1988     1     9   231  1603  1731   600 32744 32744 32744 32744
 55472  8838  3057  1988     1    11   231  1446  1447   800 32744 32744 32744 32744
 55472  8838  3057  1988     1    12   231  1623  1626   400 32744 32744 32744 32744
 55472  8838  3057  1988     1    26   231  1230  1551   300 32744 32744 32744 32744
 55472  8838  3057  1988     2     8   231  1546  1741   400 32744 32744 32744 32744
 55472  8838  3057  1988     2    23   231  1529  1536   600 32744 32744 32744 32744
 55472  8838  3057  1988     2    26   231  1417  1420   600 32744 32744 32744 32744
 55472  8838  3057  1988     3    12   231  1915  1925   300 32744 32744 32744 32744
 55472  8838  3057  1988     3    15   231  1603  1613   700 32744 32744 32744 32744
 55472  8838  3057  1988     3    16   231  1407  1514   250 32744 32744 32744 32744
 55472  8838  3057  1988     3    17   231  1352  1639     9 32744 32744 32744 32744
 55472  8838  3057  1988     3    18   231  1252  1344   700 32744 32744 32744 32744
 55472  8838  3057  1988     3    19   231  1252  1254   700 32744 32744 32744 32744
 55472  8838  3057  1988     3    25   231  1335  1651   300 32744 32744 32744 32744
 55472  8838  3057  1988     4     3   231  1510  1512   700 32744 32744 32744 32744
 55472  8838  3057  1988     4     4   231  1317  1342   150 32744 32744 32744 32744
 55472  8838  3057  1988     4     6   231  1535  1538   300 32744 32744 32744 32744
 55472  8838  3057  1988     5    18   231  1635  1704   300 32744 32744 32744 32744
 55472  8838  3057  1988    11    26   231  1637  1710   700 32744 32744 32744 32744
 55472  8838  3057  1988    12     6   231  1516  1519   600 32744 32744 32744 32744
 55472  8838  3057  1988    12    26   231  1308  1350     8 32744 32744 32744 32744
 55472  8838  3057  1988    12    30   231  1752  1755   800 32744 32744 32744 32744
 55569  8736  2905  1988     1     9   231  1730  1845   400 32744 32744 32744 32744
 55569  8736  2905  1988     1    19   231  1537  1715   400 32744 32744 32744 32744
 55569  8736  2905  1988     1    25   231  1514  1530   400 32744 32744 32744 32744
 55569  8736  2905  1988     1    31   231  1520  1537   400 32744 32744 32744 32744
 55569  8736  2905  1988     2    22   231  1550  1556   400 32744 32744 32744 32744
 55569  8736  2905  1988     2    27   231  1406  1435   400 32744 32744 32744 32744
 55569  8736  2905  1988     3     1   231  1712  1714   400 32744 32744 32744 32744
 55569  8736  2905  1988     3    13   231  1251  1251   400 32744 32744 32744 32744
 55569  8736  2905  1988     3    17   231  1654  1710   400 32744 32744 32744 32744
 55569  8736  2905  1988     4     1   231  1301  1330   300 32744 32744 32744 32744
 55569  8736  2905  1988    12     6   231  1508  1531   400 32744 32744 32744 32744
 55578  8853  2915  1988     1    19   231  1702  1726   200   110    14 32744 32744
 55578  8853  2915  1988     1    25   231  1712  1928   300   110    12 32744 32744
 55578  8853  2915  1988     1    26   231  1604  1604   400    97    13 32744 32744
 55578  8853  2915  1988     3    13   231  1409  1501   300   120    12 32744 32744
 55578  8853  2915  1988     3    18   231  1543  1845   250   117    11 32744 32744
 55578  8853  2915  1988    11    10   231  1505  1515   400    87    15 32744 32744
 55578  8853  2915  1988    12    21   231  1710  1715   400   100    15 32744 32744
 55591  9108  2940  1988     1    25   231  1646  1656    80   103    12 32744 32744
 55591  9108  2940  1988     2    28   231  1721  1732   300    93    13 32744 32744
 55591  9108  2940  1988     4    11   231  1550  1552   300    80     3 32744 32744
 55598  9146  2915  1988     1     6   231  1526  1558   200   140    13 32744 32744
 55598  9146  2915  1988     1    24   231  1611  1630   400    87    13 32744 32744
 55598  9146  2915  1988     1    26   231  1752  1820   350    97    10 32744 32744
 55598  9146  2915  1988     2     8   231  1717  1840   200    80    13 32744 32744
 55598  9146  2915  1988     2    21   231  1559  1618   320   153    13 32744 32744
 55598  9146  2915  1988     3    17   231  1431  1814    90   130    12 32744 32744
 55598  9146  2915  1988     3    28   231  1727  1732   250   107    14 32744 32744
 55598  9146  2915  1988     3    30   231  1702  1737    90   117    12 32744 32744
 55598  9146  2915  1988     4     3   231  1734  1808   350   100    13 32744 32744
 55598  9146  2915  1988     4     4   231  1503  1659    50   133    12 32744 32744
 55598  9146  2915  1988     4     5   231  1240  1854     5   130    12 32744 32744
 55598  9146  2915  1988     4    10   231  1434  1449   400   117    14 32744 32744
 55598  9146  2915  1988     4    14   231  1147  1159   400   123    14 32744 32744
 55664  8705  2838  1988     1    16   231  1736  1736   400 32744 32744 32744 32744
 55664  8705  2838  1988     3    14   231  1440  1451   150 32744 32744 32744 32744
 55664  8705  2838  1988     3    17   231  1502  1540   350 32744 32744 32744 32744
 55664  8705  2838  1988     3    19   231   816   840     7 32744 32744 32744 32744
 55664  8705  2838  1988     3    19   231  1346  1625     7 32744 32744 32744 32744
 55696  9228  2825  1988     3    17   231  1302  1448   200   167    15 32744 32744
 56004  9226  3413  1988     3     3   231  1347  1625     6   240    14 32744 32744
 56004  9226  3413  1988    11    15   231  1420  1725   150   200    15 32744 32744
 56004  9226  3413  1988    12     5   231  1635  1646   300   150    13 32744 32744
 56016  9536  3351  1988     1    27   231  1406  1413   100   150    13 32744 32744
 56016  9536  3351  1988     2    12   231  1413  1424   400   163    12 32744 32744
 56016  9536  3351  1988     2    26   231  1619  1620    90   133    13 32744 32744
 56016  9536  3351  1988     2    27   231  1451  1453   100   140    12 32744 32744
 56016  9536  3351  1988     2    28   231  1508  1515   250   127    12 32744 32744
 56016  9536  3351  1988     3     3   231  1323  1325   200   137    14 32744 32744
 56016  9536  3351  1988    11    27   231  1455  1458   400   120    13 32744 32744
 56016  9536  3351  1988    12     2   231  1252  1431   300   140    13 32744 32744
 56016  9536  3351  1988    12     6   231  1321  1453   400   163    13 32744 32744
 56018  9518  3254  1988     1    29   231  1527  1529   300   123    11 32744 32744
 56018  9518  3254  1988     2     8   231  1328  1733   300   170    11 32744 32744
 56018  9518  3254  1988     2     9   231  1340  1340   150   140    12 32744 32744
 56018  9518  3254  1988     2    10   231  1616  1616   300   107    13 32744 32744
 56018  9518  3254  1988     2    11   231  1438  1639   400   160    11 32744 32744
 56018  9518  3254  1988     2    12   231  1345  1407     7   157    12 32744 32744
 56018  9518  3254  1988     2    28   231  1437  1437    60   163    11 32744 32744
 56018  9518  3254  1988     2    29   231  1444  1724   200   147    12 32744 32744
 56018  9518  3254  1988     3     3   231  1614  1715   300 32744 32744 32744 32744
 56018  9518  3254  1988     3    18   231  1405  1539    40   147    12 32744 32744
 56018  9518  3254  1988     3    26   231  1306  1426   300   103    12 32744 32744
 56018  9518  3254  1988     3    30   231  1447  1449   300   123    12 32744 32744
 56018  9518  3254  1988     4     8   231  1353  1359     8    80    13 32744 32744
 56018  9518  3254  1988    11    24   231  1322  1338   400    90    11 32744 32744
 56018  9518  3254  1988    11    27   231  1442  1522   400   117    12 32744 32744
 56018  9518  3254  1988    12     2   231  1450  1523   400    87    13 32744 32744
 56018  9518  3254  1988    12     6   231  1456  1732   400   100    12 32744 32744
 56018  9518  3254  1988    12    24   231  1417  1419   350   100    13 32744 32744
 56021  9547  3408  1988     2     9   231  1324  1325   300   187    14 32744 32744
 56021  9547  3408  1988     2    10   231  1429  1430   200   173    14 32744 32744
 56021  9547  3408  1988     2    27   231  1603  1605   100   157    13 32744 32744
 56021  9547  3408  1988     3     3   231  1653  1725   120   180    14 32744 32744
 56021  9547  3408  1988     3     4   231  1423  1425   300   187    14 32744 32744
 56021  9547  3408  1988     3    28   231  1404  1405   200   163    14 32744 32744
 56033  9813  3455  1988     1    20   231  1415  1618    70   163    13 32744 32744
 56033  9813  3455  1988     1    23   231  1437  1604    90   160    12 32744 32744
 56033  9813  3455  1988     2     9   231  1347  1455     8   183    13 32744 32744
 56033  9813  3455  1988     2    11   231  1456  1624   250   163    13 32744 32744
 56033  9813  3455  1988     2    14   231  1226  1441     8   160    14 32744 32744
 56033  9813  3455  1988    11    29   231  1305  1404     8   140    13 32744 32744
 56038  9806  3259  1988     4    12   231  1635  1652   500   147    14 32744 32744
 56038  9806  3259  1988     5    19   231  1533  1539   500   167    10 32744 32744
 56041  9912  3416  1988     2     9   231  1458  1501   300   190    14 32744 32744
 56041  9912  3416  1988     2    11   231  1310  1428   180   190    14 32744 32744
 56041  9912  3416  1988     2    12   231  1516  1517    80   197    14 32744 32744
 56041  9912  3416  1988     2    22   231  1628  1638   300   190    12 32744 32744
 56041  9912  3416  1988     3     3   231  1341  1342   120   207    14 32744 32744
 56041  9912  3416  1988     5    19   231  1551  1633   350   187    14 32744 32744
 56046  9939  3345  1988     1    28   231  1547  1551   450   137    13 32744 32744
 56046  9939  3345  1988     1    30   231  1553  1654   350   160    14 32744 32744
 56046  9939  3345  1988     2    12   231  1312  1320   200   160    14 32744 32744
 56046  9939  3345  1988     5     5   231  1526  1531   350   150    14 32744 32744
 56046  9939  3345  1988     5    19   231  1715  1717   400   147    14 32744 32744
 56065 10136  3444  1988     1    21   231  1321  1357     4   180    13 32744 32744
 56065 10136  3444  1988     2     3   231  1302  1329   300   130    14 32744 32744
 56065 10136  3444  1988     2    11   231  1449  1451   250   130    12 32744 32744
 56065 10136  3444  1988     2    19   231  1211  1240    70   160    14 32744 32744
 56065 10136  3444  1988     3     4   231  1248  1547   200   160    14 32744 32744
 56065 10136  3444  1988     3    10   231  1454  1507   300   163    14 32744 32744
 56065 10136  3444  1988     5    19   231  1634  1636   350   163    16 32744 32744
 56065 10136  3444  1988    12     3   231  1150  1218   300   160    14 32744 32744
 56065 10136  3444  1988    12    10   231  1305  1320   400   160    14 32744 32744
 56074 10205  3400  1988     1    21   231  1425  1540   150   190    14 32744 32744
 57034 10813  3415  1988     4    16   231  1840  1940    12   120    16 32744 32744
 57051 11112  3448  1988     1    22   231   944  1102    18    87    13 32744 32744
 57073 11228  3438  1988     4    11   231  1132  1740     7    97    14 32744 32744
 57077 11136  3347  1988     4    11   231  1430  2000     7    57    13 32744 32744
 57077 11136  3347  1988     4    12   231  2000  2030    90    37    14 32744 32744
 57083 11339  3443  1988     1    22   231   710   935     7   160    14 32744 32744
 57083 11339  3443  1988     4    11   231  1240  2000     5   133    14 32744 32744
 57181 11303  3353  1988     4    11   231  1147  1738     7   117    16 32744 32744
 57290 11401  3300  1988     4    11   231  1825  1932    50   100    15 32744 32744
 58040 11907  3450  1988     1    22   231  1503  1605     9    80    15   136    15
 58102 11546  3352  1988     1    22   231  1325  1500     7    80    16 32744 32744
 58102 11546  3352  1988     7     1   231  1852  1900   200    90    15 32744 32744
