 50948 12401  4500  1997     6    19   231  1750  1753   200   120    11 32744 32744
 51053  8624  4803  1997     5    28   231  1908  1950     9    90     2 32744 32744
 51288  9032  4522  1997    10    10   231  1830  1920   100 32744 32744 32744 32744
 51330  8101  4458  1997     8    28   231  1515  1531   250   180    14 32744 32744
 51346  8440  4426  1997     4    25   231   852  1017   200 32744 32744 32744 32744
 51346  8440  4426  1997     6    18   231  1938  1941    80    98    13   181    12
 51346  8440  4426  1997     7     6   231  2108  2120   300   101    10   185    11
 51346  8440  4426  1997     8    29   231  2037  2115   300    60    14   123    13
 51379  8934  4401  1997     8    29   231   120   210     2   170    14 32744 32744
 51431  8120  4357  1997     7     9   231  2207  2212   200    90    15   210 32744
 51431  8120  4357  1997     7    21   231  2104  2110     8   109    11   221 32744
 51431  8120  4357  1997     7    21   231  1356  1402     8   109    11   221 32744
 51437  8108  4309  1997    11    19   231  2315  2340     6   147    15 32744 32744
 51526  8813  4214  1997     4    20   231  1610  1624   200   150    16 32744 32744
 51567  8634  4505  1997     3    22   231  1715  1728   300    73    14 32744 32744
 51567  8634  4205  1997     7    21   231  2044  2059   300    90    14 32744 32744
 51644  8304  4143  1997     3    12   231  1030  1134    60   110     5   179     4
 51644  8304  4143  1997     7    22   231  2001  2020   100    90    16   169     1
 51644  8304  4143  1997     8    25   231   937  1111   100 32744 32744 32744 32744
 51709  7559  3928  1997     5     8   231  2055    20    15    91    13   156    14
 51709  7559  3928  1997     5     8   231  1135  1318    15    91    13   156    14
 51709  7559  3928  1997     5     9   231  2025  2138   100   121    14   194    14
 51709  7559  3928  1997     7    22   231  2344  2349   150    95    15   160 32744
 51711  7827  4056  1997     3    11   231  1647  1705   300    70    13 32744 32744
 51716  7834  3948  1997     4    26   231  2128  2131    90    70     9 32744 32744
 51720  7903  4030  1997     3    24   231  2143  2215   450 32744 32744 32744 32744
 51720  7903  4030  1997     5     4   231  1839  1857   120 32744 32744 32744 32744
 51720  7903  4030  1997     5     5   231  2035  2052    80 32744 32744 32744 32744
 51720  7903  4030  1997     5    18   231  1205  1240   150 32744 32744 32744 32744
 51720  7903  4030  1997     5    19   231  1748  1810    80 32744 32744 32744 32744
 51720  7903  4030  1997     6     5   231  1925  1938    70 32744 32744 32744 32744
 51720  7903  4030  1997     6    13   231  2238  2242   300 32744 32744 32744 32744
 51720  7903  4030  1997     6    13   231  1104  1120   300 32744 32744 32744 32744
 51720  7903  4030  1997     6    26   231  1731  1738   300 32744 32744 32744 32744
 51720  7903  4030  1997     7    25   231  1901  1916   150 32744 32744 32744 32744
 51720  7903  4030  1997     8     1   231  2029  2034   300 32744 32744 32744 32744
 51720  7903  4030  1997     8    13   231  2030  2041   150 32744 32744 32744 32744
 51720  7903  4030  1997     8    13   231  1906  1914   150 32744 32744 32744 32744
 51720  7903  4030  1997    11    14   231  1805  1921    60 32744 32744 32744 32744
 51730  8103  4030  1997     3    12   231  1726  1935    12 32744 32744 32744 32744
 51730  8103  4030  1997     3    24   231  1902  1918   180 32744 32744 32744 32744
 51730  8103  4030  1997     6     5   231  1118  1130   150 32744 32744 32744 32744
 51765  8742  4038  1997     5     8   231   218  2000     2 32744 32744 32744 32744
 51765  8742  4038  1997     5     9   231  2000  2131    30 32744 32744 32744 32744
 51765  8742  4038  1997     8    25   231  1013  1037    70 32744 32744 32744 32744
 51777  8810  3902  1997     5     9   231  2130   235     8   106     4   200     4
 51811  7716  3826  1997     5     4   231  2006   327     5 32744 32744 32744 32744
 51811  7716  3826  1997     5     5   231  2011  2115    80 32744 32744 32744 32744
 51811  7716  3826  1997     5     8   231  2334  2000     3 32744 32744 32744 32744
 51811  7716  3826  1997     5     9   231  2000  2311     1 32744 32744 32744 32744
 51811  7716  3826  1997     5     9   231    33  1410     1 32744 32744 32744 32744
 51811  7716  3826  1997     5    17   231   425  1812     7 32744 32744 32744 32744
 51811  7716  3826  1997     6     5   231  2340    30     8 32744 32744 32744 32744
 51811  7716  3826  1997     6     5   231   830  1422     8 32744 32744 32744 32744
 51811  7716  3826  1997     6    17   231  2128  2140   120 32744 32744 32744 32744
 51811  7716  3826  1997     7    10   231   220   440    70 32744 32744 32744 32744
 51818  7817  3737  1997     5     4   231  2234  2311    30    57    16 32744 32744
 51818  7817  3737  1997     5     8   231   258   549    30    80    15 32744 32744
 51818  7817  3737  1997     5     9   231  1903  1929    20    63    14 32744 32744
 51818  7817  3737  1997     5    17   231   632   912     5    80    15 32744 32744
 51818  7817  3737  1997     5    17   231  1730  1940     5    80    15 32744 32744
 51818  7817  3737  1997     6    15   231   233   248    30    60    14 32744 32744
 51818  7817  3737  1997     6    17   231  2350    20    40    70    14 32744 32744
 51818  7817  3737  1997     6    22   231    54   132    20    93    12 32744 32744
 51818  7817  3737  1997     6    22   231  1845  1856    20    93    12 32744 32744
 51818  7817  3737  1997     6    26   231  2346    20    90    60    12 32744 32744
 51818  7817  3737  1997     7     3   231  2102  2120   110    87    13 32744 32744
 51818  7817  3737  1997     7     5   231  2203  2227    90    60    16 32744 32744
 51818  7817  3737  1997     7     6   231  2031  2050    80    40    11 32744 32744
 51818  7817  3737  1997     7    21   231   231   242   100    53     2 32744 32744
 51818  7817  3737  1997     8    13   231   342   425    60    80     9 32744 32744
 51818  7817  3737  1997     8    25   231   210   230    50    60    15 32744 32744
 51828  7956  3708  1997     3    29   231  1205  1434     6    70    14   133    15
 51828  7956  3708  1997     4     8   231  1926  1935     3    61     4   119     1
 51828  7956  3708  1997     5     8   231   807   830     4    88    14   167    15
 51828  7956  3708  1997     5     8   231  1754  2000     4    88    14   167    15
 51828  7956  3708  1997     5     9   231  2000  2016    30    68    14   131    14
 51828  7956  3708  1997     5    12   231  1830  1922    30    92    12   146    12
 51828  7956  3708  1997     5    17   231   855  1440     3    62    13   123    11
 51828  7956  3708  1997     5    17   231  1957  2000     3    62    13   123    11
 51828  7956  3708  1997     5    18   231  2000  2208    80    99    13   169    14
 51828  7956  3708  1997     6     4   231  2120  2159    35    61    12   123    13
 51828  7956  3708  1997     6     7   231  1948  2000     8    64     4   110     3
 51828  7956  3708  1997     6     8   231  2000  2040    30    65     4   100     5
 51828  7956  3708  1997     6    15   231  2237  2330    20    78    14   152    14
 51828  7956  3708  1997     6    15   231   518   630    20    78    14   152    14
 51828  7956  3708  1997     6    20   231  2234  2344    40    90    10   135    10
 51828  7956  3708  1997     6    22   231   320   532    50    81    13   165    13
 51828  7956  3708  1997     6    23   231  2058  2125   120    75    13   140    15
 51828  7956  3708  1997     6    27   231   721   824     8    55    14   100    15
 51828  7956  3708  1997     7     1   231   727   822     9    86    10   127     9
 51828  7956  3708  1997     7    10   231   329   837     5    88    13   175    13
 51828  7956  3708  1997     8     1   231  2131  2219    20    63    14   110    13
 51828  7956  3708  1997     8    25   231   407   638    30    73    13   138    14
 51839  8243  3704  1997     5     4   231   631  1304     6    87    12 32744 32744
 51839  8243  3704  1997     5     5   231   306   713    25   100    12 32744 32744
 51839  8243  3704  1997     5     8   231  1935  2000     8    67    12 32744 32744
 51839  8243  3704  1997     5     9   231  2000   115    13    97    13 32744 32744
 51839  8243  3704  1997     5    13   231   132   310     8    80    12 32744 32744
 51839  8243  3704  1997     5    14   231  2013  2034   120    60     3 32744 32744
 51839  8243  3704  1997     5    18   231  2115   659     3   120    11 32744 32744
 51839  8243  3704  1997     6     4   231   227   242    40    73    13 32744 32744
 51839  8243  3704  1997     6     5   231   930  1205    10    90    13 32744 32744
 51839  8243  3704  1997     6     6   231  2041  2120     5    70    11 32744 32744
 51839  8243  3704  1997     6     7   231  1653  1810    25    80     2 32744 32744
 51839  8243  3704  1997     6    14   231  2151  2332    90   120    11 32744 32744
 51839  8243  3704  1997     6    14   231  1628  1740    90   120    11 32744 32744
 51839  8243  3704  1997     6    15   231  2140  2225    13    60    13 32744 32744
 51839  8243  3704  1997     6    17   231   947  1021    50    67    11 32744 32744
 51839  8243  3704  1997     6    20   231   247   402    30    73    13 32744 32744
 51839  8243  3704  1997     6    22   231   729  1217     6   107    11 32744 32744
 51839  8243  3704  1997     6    23   231   144   335     7    80 32744 32744 32744
 51839  8243  3704  1997     6    29   231  2227  2243    60    70    12 32744 32744
 51839  8243  3704  1997     7    10   231   642  2000     3   110    12 32744 32744
 51839  8243  3704  1997     7    11   231  2000   115    30   120    12 32744 32744
 51839  8243  3704  1997     8    25   231   911  1213    12    83    13 32744 32744
 51839  8243  3704  1997     8    27   231  1935  2000     2    80    12 32744 32744
 51839  8243  3704  1997     8    28   231  2000   216     8    80    11 32744 32744
 51839  8243  3704  1997    11    15   231    15   310     8    50     4 32744 32744
 51839  8243  3704  1997    11    24   231  1138  1344    11    90    13 32744 32744
 51848  8339  3756  1997     5     9   231    20    50    15    67    12 32744 32744
 51848  8339  3756  1997     5    18   231   214   541    30    63    12 32744 32744
 51848  8339  3756  1997     6     5   231  1550  1612    40    70    13 32744 32744
 51848  8339  3756  1997     6     6   231   121   304     7    70     3 32744 32744
 51848  8339  3756  1997     6    12   231  1910  2000     6    80     1 32744 32744
 51848  8339  3756  1997     6    13   231  2000  2113    20    70     2 32744 32744
 51848  8339  3756  1997     6    14   231  2025   210     7    90    15 32744 32744
 51848  8339  3756  1997     6    15   231  2220  2303    90    63    14 32744 32744
 51848  8339  3756  1997     7    10   231  1647  2000     8    57    10 32744 32744
 51848  8339  3756  1997     7    11   231  2000   253     4    77    14 32744 32744
 51848  8339  3756  1997     8     3   231  2125  2235   150    67    11 32744 32744
 51848  8339  3756  1997     9     8   231   610   705    20    67     6 32744 32744
 51855  8533  3809  1997     5     5   231   635  1315     4 32744 32744 32744 32744
 51855  8533  3809  1997     6     6   231   117   525     6 32744 32744 32744 32744
 51855  8533  3809  1997     7    11   231  2337   705     2 32744 32744 32744 32744
 51855  8533  3809  1997     8     3   231  2025  2215   150 32744 32744 32744 32744
 51855  8533  3809  1997     8    11   231   553   640    20 32744 32744 32744 32744
 51886  9051  3815  1997     3     5   231  1738  1739   340   150    15 32744 32744
 51886  9051  3815  1997     3    31   231  1735  1740   250   140    15 32744 32744
 51886  9051  3815  1997     4     8   231  1504  1508   250   157    15 32744 32744
 51886  9051  3815  1997     6     8   231  1332  1550     7   190    15 32744 32744
 51886  9051  3815  1997     7    11   231  1950  2000     8   100     3 32744 32744
 51886  9051  3815  1997     7    12   231  2000  2045   150   110     3 32744 32744
 51886  9051  3815  1997     7    15   231  1500  1505   200   200    15 32744 32744
 51886  9051  3815  1997    11    15   231   818  1002   250   133    14 32744 32744
 51886  9051  3815  1997    11    24   231  1716  1718   200   120    13 32744 32744
 51931  8139  3651  1997     5     9   231  2012  2124    15    97    15 32744 32744
 51931  8139  3651  1997     5    10   231  2316  2338   120    90    15 32744 32744
 51931  8139  3651  1997     6    14   231  2059  2135   100    90    14 32744 32744
 51931  8139  3651  1997     6    23   231  2335  2342   150    83    14 32744 32744
 51931  8139  3651  1997     7    10   231   532   809     7    70    14 32744 32744
 52101  9300  4336  1997     2    22   231  1116  1220    28 32744 32744 32744 32744
 52101  9300  4336  1997     9    30   231  1243  1435   400 32744 32744 32744 32744
 52267 10104  4157  1997     4    20   231  1020  1210    70    93     6 32744 32744
 52267 10104  4157  1997     6    21   231  1519  1524   300    80     6 32744 32744
 52267 10104  4157  1997     7     6   231  1454  1456   300   100    12 32744 32744
 52267 10104  4157  1997     8     8   231  1813  1824   200   107     2 32744 32744
 52313  9440  4132  1997     7    19   231  1926  1940    90 32744 32744 32744 32744
 52378 10222  4122  1997     4    14   231  1106  1458     8   180     4 32744 32744
 52378 10222  4122  1997     5     5   231  1818  2000     7   167     4 32744 32744
 52378 10222  4122  1997     5     6   231  2000    32    60   170     4 32744 32744
 52378 10222  4122  1997     5    14   231   940   957    30   160    13 32744 32744
 52378 10222  4122  1997     5    14   231  1412  1910    30   160    13 32744 32744
 52378 10222  4122  1997     5    17   231  1402  1408   150   140    14 32744 32744
 52378 10222  4122  1997     5    24   231  1815  1911   300   137    12 32744 32744
 52378 10222  4122  1997     5    31   231   702   748     7   180     4 32744 32744
 52378 10222  4122  1997     6    18   231  2042  2047   250   143     4 32744 32744
 52378 10222  4122  1997     6    24   231  1904  1956     7   170     4 32744 32744
 52378 10222  4122  1997     6    25   231  2008  2058   120   160     4 32744 32744
 52378 10222  4122  1997     6    29   231  1845  2000     7   193     4 32744 32744
 52378 10222  4122  1997     6    30   231  2010  2058   120   170     4 32744 32744
 52378 10222  4122  1997     7     7   231  2120  2135   300   170     4 32744 32744
 52378 10222  4122  1997     7    13   231  1922  1937    60   153    14 32744 32744
 52378 10222  4122  1997     7    19   231  1740  1747   300   137    13 32744 32744
 52378 10222  4122  1997     7    20   231  2007  2017   150   150    13 32744 32744
 52378 10222  4122  1997     7    20   231   926  1158   150   150    13 32744 32744
 52378 10222  4122  1997     7    20   231  1603  1642   150   150    13 32744 32744
 52378 10222  4122  1997    10     2   231  2011  2352    90   200     3 32744 32744
 52418  9441  4009  1997     1    19   231  1653  1840    40    97    13 32744 32744
 52418  9441  4009  1997     1    20   231  1409  1517     9   127    14 32744 32744
 52418  9441  4009  1997     7    15   231  1807  1810   300   110    13 32744 32744
 52418  9441  4009  1997     7    20   231  2102  2135    90    77    14 32744 32744
 52424  9546  4032  1997     4     4   231  1152  1220    20   150     5 32744 32744
 52424  9546  4032  1997     5     8   231  1110  1920     6   150     6 32744 32744
 52424  9546  4032  1997     5    19   231   953  1025    30   140     4 32744 32744
 52446  9931  4018  1997     5    11   231  1714  1745   120   150    12 32744 32744
 52446  9931  4018  1997     6     1   231  1533  1825   300   260    16 32744 32744
 52446  9931  4018  1997     6    30   231  1536  1608    80   117    13 32744 32744
 52446  9931  4018  1997     7    17   231  1902  2000     7   113    13 32744 32744
 52446  9931  4018  1997     7    18   231  2000  2008   110    90    13 32744 32744
 52447  9854  4000  1997     5    11   231  2055    40   150   143    14 32744 32744
 52447  9854  4000  1997     6     1   231  1530  1617   400   150    16 32744 32744
 52495 10448  4010  1997     6     6   231  1504  1723    90   203     1 32744 32744
 52533  9829  3946  1997     4     1   231  1740  1745   200    97    16   152    16
 52533  9829  3946  1997     6     1   231  1540  1640   200    98    16   177    14
 52546  9950  3922  1997     6     1   231  1707  1806    40   107    15 32744 32744
 52546  9950  3922  1997     6     8   231  1637  1703   120    53    13 32744 32744
 52576 10141  3913  1997     5    12   231  2013  2114   200   130    14 32744 32744
 52576 10141  3913  1997     6    20   231  1815  1823   300   117     7 32744 32744
 52602  9320  3845  1997     1    20   231  1515  1528   200   200    14 32744 32744
 52602  9320  3845  1997    12    30   231  1426  1518   350   220    14 32744 32744
 52633  9825  3848  1997    12     6   231  1534  1557   300   140    14 32744 32744
 52652 10026  3856  1997     1    15   231  1825  1932    80   118    15   185    15
 52652 10026  3856  1997     1    20   231   853 32744    80    89    15   179    15
 52681 10305  3838  1997     4     6   231   812  1418     8   136    15   196    14
 52681 10305  3838  1997     4    27   231   951  1020   250   115    14   158    14
 52681 10305  3838  1997     5    12   231  2205  2322   120   109    14   163    13
 52681 10305  3838  1997     6    15   231  1715  1919    20   120    14   177    14
 52681 10305  3838  1997     8    13   231  2106  2124   300   124    15   188    14
 52707  9341  3648  1997     5    10   231  2056  2234    60   180    13 32744 32744
 52707  9341  3648  1997     5    13   231  1423  1540   200   190    14 32744 32744
 52707  9341  3648  1997     8    20   231  2020  2110   250   107    16 32744 32744
 52737  9722  3722  1997     4    13   231  2127  2155   250   103    16 32744 32744
 52754 10008  3720  1997     2    14   231  1230  1520     7   133    13 32744 32744
 52754 10008  3720  1997     2    24   231  1703  1706   200   100    13 32744 32744
 52754 10008  3720  1997     3     5   231  1402  1448   200   130    14 32744 32744
 52754 10008  3720  1997     5     2   231  1818  1836   200   137    16 32744 32744
 52754 10008  3720  1997     5     6   231  1708  1727   110   163     2 32744 32744
 52754 10008  3720  1997    11     7   231  1403  1405    80    90    14 32744 32744
 52754 10008  3720  1997    11    22   231  1427  1443   250   137    13 32744 32744
 52754 10008  3720  1997    11    25   231  1503  1503   150   137    12 32744 32744
 52754 10008  3720  1997    11    30   231  1606  1609   200   167    13 32744 32744
 52754 10008  3720  1997    12    13   231  1215  1325   300   107    13 32744 32744
 52754 10008  3720  1997    12    16   231  1420  1425   300   100    13 32744 32744
 52754 10008  3720  1997    12    25   231  1403  1429   250   147    12 32744 32744
 52818  9454  3625  1997     5    13   231  1544  1556   200   140    12 32744 32744
 52818  9454  3625  1997     7    16   231  1644  1650   250   117    12 32744 32744
 52818  9454  3625  1997     7    23   231  2310    13   200   130    14 32744 32744
 52825  9625  3626  1997     5    13   231  1744  1956     7   107    10 32744 32744
 52825  9625  3626  1997     7    17   231  1517  1544   300   150    15 32744 32744
 52836  9806  3618  1997     3    28   231  1605  1630   350    90    15 32744 32744
 52836  9806  3618  1997     4     8   231  1606  1638    80    90    14 32744 32744
 52836  9806  3618  1997     4    12   231  1632  1639   200    90    14 32744 32744
 52836  9806  3618  1997     7    17   231  1724  1805   290   117    14 32744 32744
 52836  9806  3618  1997    11    15   231  1040  1051   100    90    13 32744 32744
 52856 10037  3616  1997     3     6   231  1503  1512   400   170    14 32744 32744
 52908  9305  3513  1997     3    12   231  1610  1724   400   200    12 32744 32744
 52943  9959  3535  1997     1     3   231  1339  1624    90   130    14 32744 32744
 52943  9959  3535  1997     3     5   231  1407  1410   480   130    14 32744 32744
 52943  9959  3535  1997     3     6   231  1506  1729   350   163    15 32744 32744
 52943  9959  3535  1997     3    12   231  1635  1701   500   160    13 32744 32744
 52943  9959  3535  1997     3    15   231  1549  1558   400   123    14 32744 32744
 52943  9959  3535  1997    11    14   231  1442  1554   200   180    12 32744 32744
 52943  9959  3535  1997    11    14   231  1919  1923   200   180    12 32744 32744
 52957 10039  3516  1997     4    28   231  1633  1638   350   133     2 32744 32744
 52957 10039  3516  1997    11    15   231  1507  1550   150   127     1 32744 32744
 53068 11158  4339  1997    12    18   231  1425  1444   300   203    13 32744 32744
 53083 11409  4437  1997     4    28   231  1230  1706    80   160    14 32744 32744
 53149 11008  4232  1997     3     5   231  1153  1431     7   227    13 32744 32744
 53192 11457  4401  1997     4    30   231  1628  1642    80   147    12 32744 32744
 53192 11457  4401  1997     6    16   231  1722  1726   300   147    12 32744 32744
 53192 11457  4401  1997     7    20   231  1320  1327   300   130    10 32744 32744
 53195 11138  4352  1997     4    27   231  1711  1750   120   150    13 32744 32744
 53195 11138  4352  1997     4    30   231  1535  1538   200   183    12 32744 32744
 53231 10624  4124  1997     7    19   231  1622  1631   250   150    13 32744 32744
 53446 10951  4040  1997     6    16   231  1518  1521   180    67    12 32744 32744
 53502 10545  3947  1997     6     6   231  1810  1906    30   117     2 32744 32744
 53529 10759  3906  1997    12    25   231  1511  1527     3   120    14 32744 32744
 53543 10959  3950  1997     5    18   231  1455  1530   150   100    16 32744 32744
 53602 10540  3850  1997     5     6   231  1642  2000     8   150    16 32744 32744
 53602 10540  3850  1997     5     7   231  2000  2047   200   100     2 32744 32744
 53602 10540  3850  1997     6     6   231  1820  2000     5   153    16 32744 32744
 53602 10540  3850  1997     6     7   231  2000  2103   200   133     2 32744 32744
 53615 10642  3848  1997     1     4   231   412   453   200   104    16   150    16
 53615 10642  3848  1997     1    12   231  1548  1843   100   118     1   181     1
 53723 10724  3747  1997     5    25   231  1525  1530   200   103     1   198    15
 53723 10724  3747  1997     5    29   231   909   918   120    95     1   175    16
 53725 10735  3735  1997     1    26   231  1618  1734    70   124    13   163    12
 53725 10735  3735  1997     5     9   231  1415  1538    80   125     8   175     8
 53725 10735  3735  1997     5    22   231  1636  1737   110   134     2   181     3
 53725 10735  3735  1997    12    17   231  1141  1504     8   126    13   175    11
 53740 10914  3756  1997     5    25   231  1305  1313   150   150    14 32744 32744
 54041 12304  4447  1997     5     5   231  1605  1847    80   180    15 32744 32744
 54134 12117  4336  1997     5    15   231  1926  2000     8   173    14 32744 32744
 54134 12117  4336  1997     5    16   231  2000  2022   120   157    14 32744 32744
 54142 12332  4330  1997     4    19   231  1353  1636     8   173     9 32744 32744
 54142 12332  4330  1997     5     5   231  1405  1812    80   170    10 32744 32744
 54454 12021  4021  1997     3    29   231   920   945   150   143    16 32744 32744
 54606 11544  3814  1997     6    10   231  1549  1628   150   160    15 32744 32744
 54606 11544  3814  1997     6    29   231  1120  1134   100   100    11 32744 32744
 54705 11523  3722  1997     6    19   231  1829  1846   100   130     5 32744 32744
 55228  8005  3230  1997     3    11   231  1620  1706   700 32744 32744 32744 32744
 55228  8005  3230  1997     3    28   231  1943  1949     9 32744 32744 32744 32744
 55228  8005  3230  1997     5     8   231  1328  1349     9 32744 32744 32744 32744
 55228  8005  3230  1997     5     8   231  1845  1854     9 32744 32744 32744 32744
 55228  8005  3230  1997     5     9   231  1515  1615   700 32744 32744 32744 32744
 55228  8005  3230  1997     5    12   231  1743  1840   700 32744 32744 32744 32744
 55248  8425  3209  1997     2    11   231  1735  2000     7 32744 32744 32744 32744
 55248  8425  3209  1997     2    12   231  2000  2114     9 32744 32744 32744 32744
 55248  8425  3209  1997     2    12   231  1620  1950     9 32744 32744 32744 32744
 55248  8425  3209  1997     2    13   231  1445  1642   300 32744 32744 32744 32744
 55248  8425  3209  1997     3    19   231  1920  1935   450 32744 32744 32744 32744
 55472  8838  3057  1997     2    12   231  1205  1207   200 32744 32744 32744 32744
 55472  8838  3057  1997     2    12   231  1623  1752   200 32744 32744 32744 32744
 55569  8736  2905  1997     1    25   231  1640  1647   400 32744 32744 32744 32744
 55569  8736  2905  1997     1    28   231  1530  1537   400 32744 32744 32744 32744
 55569  8736  2905  1997     2    12   231  1721  1750   350 32744 32744 32744 32744
 55569  8736  2905  1997     2    13   231  1405  1531   300 32744 32744 32744 32744
 55569  8736  2905  1997     2    15   231  1403  1718   200 32744 32744 32744 32744
 55569  8736  2905  1997    12    21   231  1520  1628   400 32744 32744 32744 32744
 55578  8853  2915  1997     2    13   231  1437  1455   250   140    13 32744 32744
 55578  8853  2915  1997     2    15   231  1604  1647   200   160    13 32744 32744
 55578  8853  2915  1997     3    20   231  1623  1624   300   120    13 32744 32744
 55589  9059  2918  1997     2    12   231  1502  1513   450 32744 32744 32744 32744
 55589  9059  2918  1997     2    16   231  1949  1954   100 32744 32744 32744 32744
 55664  8705  2838  1997     2    12   231  1254  1827     3 32744 32744 32744 32744
 55664  8705  2838  1997     2    13   231  1246  1837     4 32744 32744 32744 32744
 55664  8705  2838  1997     2    14   231  1530  1550   400 32744 32744 32744 32744
 55664  8705  2838  1997     2    15   231  1452  1823   400 32744 32744 32744 32744
 55664  8705  2838  1997     2    16   231  1503  1741   400 32744 32744 32744 32744
 55664  8705  2838  1997     2    19   231  1443  1746   400 32744 32744 32744 32744
 55680  8936  2855  1997     2    12   231  1307  1319   200 32744 32744 32744 32744
 55680  8936  2855  1997     2    15   231  1646  1905   150 32744 32744 32744 32744
 55680  8936  2855  1997     2    16   231  1814  1831   250 32744 32744 32744 32744
 55696  9228  2825  1997     1    26   231  1415  1740   400   154    14   252    15
 55696  9228  2825  1997     2    12   231  1413  1726   300   168    14   256    14
 55696  9228  2825  1997     2    13   231  1329  1604     8   168    15   277    14
 56004  9226  3413  1997     1    14   231  1402  1506   250   190    12 32744 32744
 56004  9226  3413  1997     2    12   231  1541  1659   200   230    12 32744 32744
 56004  9226  3413  1997     2    13   231  1533  1643   140   197    13 32744 32744
 56004  9226  3413  1997     3    12   231  1428  1428    50   223    12 32744 32744
 56004  9226  3413  1997     5    15   231  1208  1212   150   147    13 32744 32744
 56004  9226  3413  1997    11    15   231  1224  1502     3   173    14 32744 32744
 56004  9226  3413  1997    11    24   231  1236  1409    50   177    14 32744 32744
 56033  9813  3455  1997     3    12   231  1415  1428   300   140    14 32744 32744
 56065 10136  3444  1997     4    28   231  1751  1752   300   120    14 32744 32744
 58150 12015  3346  1997     5    26   231  1726  1733    30   110     3 32744 32744
