 50425 12011  5015  1995     4    28   231   834   953    20   130    10 32744 32744
 50527 11945  4913  1995     4    28   231   655   826     5 32744 32744 32744 32744
 50527 11945  4913  1995     5    17   231   620   757     8   153     9 32744 32744
 50527 11945  4913  1995     6     5   231  1720  1750   200   170    12 32744 32744
 50557 12514  4910  1995     5    17   231  1209  1540     4   210     8 32744 32744
 50618 11816  4813  1995     4    28   231   506   520   200   163    11 32744 32744
 50618 11816  4813  1995     4    30   231  1013  1705     9 32744 32744 32744 32744
 50618 11816  4813  1995     5    17   231   451  1048     9   147    11 32744 32744
 50618 11816  4813  1995     6     5   231  1604  1620   360   160    14 32744 32744
 50853 12658  4637  1995     5    17   231  1342  1421     7   160     9 32744 32744
 50915 11658  4531  1995     5    16   231  1509  1519   270   113     8 32744 32744
 51053  8624  4803  1995     6     3   231  1717  1723   300   187    14 32744 32744
 51133  8300  4644  1995     5     4   231  1750  1800   300    95    12   185    12
 51133  8300  4644  1995     6     3   231  1911  1920   300    95    15   185    14
 51133  8300  4644  1995     8     5   231  2258  2310   250    95    14   154    13
 51346  8440  4426  1995     4    20   231  2122     4    90    91    12   148    13
 51346  8440  4426  1995     6     6   231  2026  2030   500   103    10   177    10
 51346  8440  4426  1995     6     9   231  2025  2042   300 32744 32744 32744 32744
 51365  8732  4412  1995     7     9   231  2100  2102   200 32744 32744 32744 32744
 51365  8732  4412  1995     8    21   231  2200  2215   300 32744 32744 32744 32744
 51379  8934  4401  1995     8    21   231    10    30    40   210    14   300    14
 51463  8737  4347  1995     8    21   231  2204  2218   250   101    14   179    13
 51628  8014  4110  1995     5    11   231  2106  2203   100    80    14   140    15
 51628  8014  4110  1995     5    18   231   236  1036    12   108     4   194     4
 51633  8154  4147  1995     5    18   231   120   238     7 32744 32744 32744 32744
 51642  8415  4147  1995     5    18   231  2124  2320    15 32744 32744 32744 32744
 51644  8304  4143  1995     5    18   231  2306    35    60   109     5   175     5
 51644  8304  4143  1995     8    10   231  1917  1932   100    80     1   152    15
 51644  8304  4143  1995     8    26   231  2057  2113   300    96     1   188     1
 51644  8304  4143  1995    10    27   231  1645  1721   100   102    16   206     1
 51656  8608  4145  1995     8    10   231  1902  1922   180   107    14 32744 32744
 51709  7559  3928  1995     4    21   231  1729  1803     2    89     4   152     4
 51709  7559  3928  1995     7    12   231  2028  2029   500    91    14   256    14
 51711  7827  4056  1995     3    13   231  1905  1929    90    93    13 32744 32744
 51711  7827  4056  1995     5    18   231   520   720     9   107     6 32744 32744
 51711  7827  4056  1995     7    10   231  1910  1930   160   100     4 32744 32744
 51716  7834  3948  1995     3     7   231  1340  1443     9    67     4 32744 32744
 51716  7834  3948  1995     3    14   231   306  1405     1   147    15 32744 32744
 51716  7834  3948  1995     3    15   231  1135  1920     7    87     4 32744 32744
 51716  7834  3948  1995     4     5   231  2026  2035    50    83     3 32744 32744
 51716  7834  3948  1995     4    14   231  2230   315     7    83     2 32744 32744
 51716  7834  3948  1995     4    21   231  1247  1612     7   117     2 32744 32744
 51716  7834  3948  1995     5    12   231   932  1040    80    83     3 32744 32744
 51716  7834  3948  1995     5    18   231   443  1630     1   137     3 32744 32744
 51716  7834  3948  1995     5    25   231  1535  1740    15    80     3 32744 32744
 51716  7834  3948  1995     6    16   231  1850  1914   120   133    14 32744 32744
 51716  7834  3948  1995     7     1   231  2101  2105   200    93     2 32744 32744
 51716  7834  3948  1995     7    10   231   216   225   110   103    16 32744 32744
 51716  7834  3948  1995     7    27   231  2215  2318    40    77     2 32744 32744
 51720  7903  4030  1995     4     3   231  1618  1640    70 32744 32744 32744 32744
 51720  7903  4030  1995     4    14   231  2114   254     8 32744 32744 32744 32744
 51720  7903  4030  1995     4    21   231  2019  2022    70 32744 32744 32744 32744
 51720  7903  4030  1995     5    18   231   353  1236     0 32744 32744 32744 32744
 51720  7903  4030  1995     6    12   231  2221  2325    60 32744 32744 32744 32744
 51720  7903  4030  1995     6    15   231  2354    17    50 32744 32744 32744 32744
 51720  7903  4030  1995     7     4   231  2011  2020   200 32744 32744 32744 32744
 51720  7903  4030  1995     8    28   231  1858  1903   200 32744 32744 32744 32744
 51730  8103  4030  1995     3    14   231  1235  1510     8 32744 32744 32744 32744
 51730  8103  4030  1995     4    13   231  1736  2000     2 32744 32744 32744 32744
 51730  8103  4030  1995     4    14   231  2000  2309   120 32744 32744 32744 32744
 51730  8103  4030  1995     4    14   231  1806  1832   120 32744 32744 32744 32744
 51730  8103  4030  1995     5     1   231   120   225     5 32744 32744 32744 32744
 51730  8103  4030  1995     5    12   231  1140  1220    30 32744 32744 32744 32744
 51730  8103  4030  1995     5    18   231   300   957     7 32744 32744 32744 32744
 51730  8103  4030  1995     5    22   231  1924  2000     5 32744 32744 32744 32744
 51730  8103  4030  1995     5    23   231  2000  2124   110 32744 32744 32744 32744
 51730  8103  4030  1995     5    26   231  1643  1728    60 32744 32744 32744 32744
 51730  8103  4030  1995     5    28   231  2040   225     6 32744 32744 32744 32744
 51730  8103  4030  1995     6    11   231  1803  1825    70 32744 32744 32744 32744
 51730  8103  4030  1995     6    15   231  2015  2140   180 32744 32744 32744 32744
 51730  8103  4030  1995     6    28   231  2047  2235   120 32744 32744 32744 32744
 51730  8103  4030  1995     7    15   231  2050  2146   150 32744 32744 32744 32744
 51730  8103  4030  1995     8     1   231  2050  2120   120 32744 32744 32744 32744
 51730  8103  4030  1995     9    29   231  1942  2000     4 32744 32744 32744 32744
 51730  8103  4030  1995     9    30   231  2000  2230    40 32744 32744 32744 32744
 51765  8742  4038  1995     3     7   231   415   530    90 32744 32744 32744 32744
 51765  8742  4038  1995     3    14   231  1017  1324    12 32744 32744 32744 32744
 51765  8742  4038  1995     3    29   231   757  1505     4 32744 32744 32744 32744
 51765  8742  4038  1995     3    29   231  1905  2000     4 32744 32744 32744 32744
 51765  8742  4038  1995     3    30   231  2000  2235    20 32744 32744 32744 32744
 51765  8742  4038  1995     3    30   231  1551  1700    20 32744 32744 32744 32744
 51765  8742  4038  1995     4    20   231  1214  1722    20 32744 32744 32744 32744
 51765  8742  4038  1995     4    21   231  2308   415     9 32744 32744 32744 32744
 51765  8742  4038  1995     5    14   231  1520  1615   300 32744 32744 32744 32744
 51765  8742  4038  1995     5    17   231  1940  2000     4 32744 32744 32744 32744
 51765  8742  4038  1995     5    18   231  2000   215     4 32744 32744 32744 32744
 51765  8742  4038  1995     7    31   231  1543  1559   250 32744 32744 32744 32744
 51765  8742  4038  1995     8    11   231  2122  2235   150 32744 32744 32744 32744
 51777  8810  3902  1995     3    16   231  2117    46    30   133     4   204     3
 51777  8810  3902  1995     3    29   231  1811  2000     8   125     2   198     2
 51777  8810  3902  1995     3    30   231  2000    17    20   113     3   192     4
 51777  8810  3902  1995     5    18   231  2214  1416     3   162     4   273     4
 51777  8810  3902  1995     7    20   231   918  1728     3   145     3   263     4
 51804  7514  3747  1995     9    28   231  1852  1854   500   150    13 32744 32744
 51804  7514  3747  1995    10    13   231  1527  1651   500   103    14 32744 32744
 51811  7716  3826  1995     4     3   231  2010  2120     5 32744 32744 32744 32744
 51811  7716  3826  1995     4     3   231  1920  2000     5 32744 32744 32744 32744
 51811  7716  3826  1995     4     4   231  2000  2040    80 32744 32744 32744 32744
 51811  7716  3826  1995     4    11   231  1945  2000     4 32744 32744 32744 32744
 51811  7716  3826  1995     4    12   231  2000  2040    20 32744 32744 32744 32744
 51811  7716  3826  1995     4    21   231  1720  2000     2 32744 32744 32744 32744
 51811  7716  3826  1995     4    22   231  2000  2335    30 32744 32744 32744 32744
 51811  7716  3826  1995     5    11   231  2105  2235    70 32744 32744 32744 32744
 51811  7716  3826  1995     5    12   231  1305  1432     8 32744 32744 32744 32744
 51811  7716  3826  1995     5    14   231   218   330    30 32744 32744 32744 32744
 51811  7716  3826  1995     5    22   231   245   520    10 32744 32744 32744 32744
 51811  7716  3826  1995     5    25   231  1930  2000     3 32744 32744 32744 32744
 51811  7716  3826  1995     5    26   231  2000  2317    50 32744 32744 32744 32744
 51811  7716  3826  1995     5    29   231  1530  1620    40 32744 32744 32744 32744
 51811  7716  3826  1995     5    31   231  2205   130    20 32744 32744 32744 32744
 51811  7716  3826  1995     6    12   231   532   805     7 32744 32744 32744 32744
 51811  7716  3826  1995     6    17   231  1935  2000     8 32744 32744 32744 32744
 51811  7716  3826  1995     6    18   231  2000  2003    20 32744 32744 32744 32744
 51811  7716  3826  1995     6    18   231  1743  1944    20 32744 32744 32744 32744
 51811  7716  3826  1995     7     4   231  1750  2000     4 32744 32744 32744 32744
 51811  7716  3826  1995     7     5   231  2000  2040    60 32744 32744 32744 32744
 51811  7716  3826  1995    10    18   231  1920  2000     8 32744 32744 32744 32744
 51811  7716  3826  1995    10    19   231  2000  2031    30 32744 32744 32744 32744
 51818  7817  3737  1995     4     4   231  1039  1321    25    80    15 32744 32744
 51818  7817  3737  1995     4     6   231  1943  2000     9    70    14 32744 32744
 51818  7817  3737  1995     4     7   231  2000   112    60    70    13 32744 32744
 51818  7817  3737  1995     4    20   231  1805  1818   110    63    16 32744 32744
 51818  7817  3737  1995     5     1   231  1906  1925    60    90    13 32744 32744
 51818  7817  3737  1995     5    11   231  2310    20    60    60    15 32744 32744
 51818  7817  3737  1995     5    18   231  2247  2300     2    63    10 32744 32744
 51818  7817  3737  1995     5    22   231  1327  1353     9    70    15 32744 32744
 51818  7817  3737  1995     5    26   231  2146  2309    25    67    15 32744 32744
 51818  7817  3737  1995     5    27   231  1839  1914    60    70    15 32744 32744
 51818  7817  3737  1995     5    31   231    36   135    25    50    15 32744 32744
 51818  7817  3737  1995     6     7   231   234   410    80    50    14 32744 32744
 51818  7817  3737  1995     6    14   231  2005  2009    90    63    12 32744 32744
 51818  7817  3737  1995     6    18   231  2105  2150    70    90    15 32744 32744
 51818  7817  3737  1995     6    19   231  2032  2106    90    73    14 32744 32744
 51818  7817  3737  1995     6    20   231  1826  2000     9    73    12 32744 32744
 51818  7817  3737  1995     6    21   231  2000  2026    90    63    14 32744 32744
 51818  7817  3737  1995     6    30   231  2109  2214    80    73    10 32744 32744
 51818  7817  3737  1995     7     4   231  1955  2000     2    57    12 32744 32744
 51818  7817  3737  1995     7     5   231  2000  2027   110    90    16 32744 32744
 51818  7817  3737  1995     7    26   231   211   232    45    80    10 32744 32744
 51818  7817  3737  1995     9    13   231    45   123    50    63    14 32744 32744
 51818  7817  3737  1995     9    14   231    16    43    90    70    14 32744 32744
 51818  7817  3737  1995    10    19   231  2053  2330    80    80    14 32744 32744
 51828  7956  3708  1995     4    20   231  1941  2000     4    92    15   173    16
 51828  7956  3708  1995     4    21   231  2000  2014    15    82    15   123    15
 51828  7956  3708  1995     5     1   231  1915  2000     7    73    10   133    10
 51828  7956  3708  1995     5     2   231  2000  2030    40    74    12   131    14
 51828  7956  3708  1995     5    11   231   123   238     8    67    12   129    14
 51828  7956  3708  1995     5    18   231  1025  1040     2    53     1   117    11
 51828  7956  3708  1995     5    26   231    28   218     2    63    13   133    13
 51828  7956  3708  1995     5    28   231  2040  2205    30    60    15   108    13
 51828  7956  3708  1995     5    31   231   258   416    40    62    12   127    14
 51828  7956  3708  1995     7     5   231  2210  2340    30    70    13   165    14
 51828  7956  3708  1995    10    19   231  2338   115    20    67    13   129    14
 51839  8243  3704  1995     4    13   231  1407  1615    15    90    13 32744 32744
 51839  8243  3704  1995     4    21   231  2222  2241    10    80    14 32744 32744
 51839  8243  3704  1995     5    11   231   413  1404     3    90    11 32744 32744
 51839  8243  3704  1995     5    28   231  2041   315     5    83    12 32744 32744
 51839  8243  3704  1995     5    31   231  1027  1310     8    70    12 32744 32744
 51839  8243  3704  1995     5    31   231  1938  2000     8    70    12 32744 32744
 51839  8243  3704  1995     6     1   231  2000    28    11    80    12 32744 32744
 51839  8243  3704  1995     6    15   231  2146  2240    25    47     3 32744 32744
 51839  8243  3704  1995     6    19   231  2023  2106    30    67     9 32744 32744
 51839  8243  3704  1995     6    20   231  1951  2000     6    50    10 32744 32744
 51839  8243  3704  1995     6    21   231  2000  2028     6    87    12 32744 32744
 51839  8243  3704  1995     6    21   231  1928  2000     6    87    12 32744 32744
 51839  8243  3704  1995     6    22   231  2000  2340    15    90    12 32744 32744
 51839  8243  3704  1995     6    29   231    12   807     6    87    12 32744 32744
 51839  8243  3704  1995     7     2   231  2140   520     6    70    13 32744 32744
 51839  8243  3704  1995     7     5   231   325   730    13    80    13 32744 32744
 51839  8243  3704  1995     7     7   231  2120  2238    35    60    13 32744 32744
 51839  8243  3704  1995     7     9   231  1037  1239    15    77    13 32744 32744
 51839  8243  3704  1995     7     9   231  1747  1844    15    77    13 32744 32744
 51839  8243  3704  1995     7    10   231  2008  2040    38    40     1 32744 32744
 51839  8243  3704  1995     7    20   231   922  1020    26    60    13 32744 32744
 51839  8243  3704  1995     7    25   231  1808  1942     6   100    11 32744 32744
 51839  8243  3704  1995     8    23   231   346  1027     7    60    13 32744 32744
 51839  8243  3704  1995    10    19   231   308   810     9   110    12 32744 32744
 51848  8339  3756  1995     4    21   231   705   825     8    70     5 32744 32744
 51848  8339  3756  1995     5    18   231   241  2000     2    87     5 32744 32744
 51848  8339  3756  1995     5    19   231  2000  2012    12    57     4 32744 32744
 51848  8339  3756  1995     6    14   231  1857  1921   100    83     2 32744 32744
 51848  8339  3756  1995     6    18   231  1623  1630    90    73    13 32744 32744
 51848  8339  3756  1995     7     7   231  1331  1507     3    80     2 32744 32744
 51848  8339  3756  1995     7     9   231  1838  2000     3    90     1 32744 32744
 51848  8339  3756  1995     7    10   231  2000  2010    90    67    16 32744 32744
 51848  8339  3756  1995     7    11   231   132   143    30    50     1 32744 32744
 51855  8533  3809  1995     3    30   231  2009  2223    12 32744 32744 32744 32744
 51855  8533  3809  1995     5    18   231  2220   310     4 32744 32744 32744 32744
 51855  8533  3809  1995     7    20   231  1942  2000     8 32744 32744 32744 32744
 51855  8533  3809  1995     7    21   231  2000  2034    80 32744 32744 32744 32744
 51855  8533  3809  1995    10    19   231   938  1158   200 32744 32744 32744 32744
 51886  9051  3815  1995     1    22   231  1408  1555   390    80    14 32744 32744
 51886  9051  3815  1995     3    14   231  1703  1916    70    77    15 32744 32744
 51886  9051  3815  1995     3    15   231  1338  2000     0    50    14 32744 32744
 51886  9051  3815  1995     3    16   231  2000  2040   110    20    14 32744 32744
 51886  9051  3815  1995     4    14   231  1607  1742   150   190    15 32744 32744
 51886  9051  3815  1995     5    15   231  1614  1620   200   180    15 32744 32744
 51886  9051  3815  1995     5    18   231  1602  1959     4   240    15 32744 32744
 51886  9051  3815  1995     5    30   231  1936  1938    80   110     3 32744 32744
 51886  9051  3815  1995     6    13   231  1551  1602   190   170    16 32744 32744
 51886  9051  3815  1995     6    15   231  1712  2000     3   207    16 32744 32744
 51886  9051  3815  1995     6    16   231  2000  2036   350   207    15 32744 32744
 51886  9051  3815  1995     6    17   231  1408  1616   200   150    15 32744 32744
 51886  9051  3815  1995     7     7   231  1812  1821   150   117     2 32744 32744
 51886  9051  3815  1995     7    13   231  1416  1442   300   200    15 32744 32744
 51886  9051  3815  1995     7    17   231   936   940   350   137    12 32744 32744
 51886  9051  3815  1995     7    23   231  1457  1459    90   190    15 32744 32744
 51886  9051  3815  1995    10    27   231  1613  1617   400   130    15 32744 32744
 51886  9051  3815  1995    12    13   231  1524  1527   300   107    13 32744 32744
 51931  8139  3651  1995     4    21   231  2136  2216    30    87    12 32744 32744
 51931  8139  3651  1995     5     3   231  2104  2131    70    60    12 32744 32744
 51931  8139  3651  1995     5    11   231   342   539    50    70    14 32744 32744
 51931  8139  3651  1995     6    18   231  1838  1932    15    70    11 32744 32744
 51931  8139  3651  1995    10    19   231   130   430     8   117    13 32744 32744
 52101  9300  4336  1995     3    30   231  1034  1315   200 32744 32744 32744 32744
 52267 10104  4157  1995     3    10   231  1138  1841    20   150    14 32744 32744
 52267 10104  4157  1995     4     2   231    48   235     9   100     5 32744 32744
 52267 10104  4157  1995     4    29   231  1311  1917     7   140    14 32744 32744
 52378 10222  4122  1995     2    19   231   515  1851     8   200     5 32744 32744
 52378 10222  4122  1995     3    10   231  1201  1914     1   260    13 32744 32744
 52378 10222  4122  1995     3    14   231  1211  2000     7   150     5 32744 32744
 52378 10222  4122  1995     3    15   231  2000  2040     8   143    13 32744 32744
 52378 10222  4122  1995     3    15   231   634   804     8   143    13 32744 32744
 52378 10222  4122  1995     4     8   231   410   604   200   190     4 32744 32744
 52378 10222  4122  1995     4    12   231  1312  1540     8   170    13 32744 32744
 52378 10222  4122  1995     4    29   231  1237  1834     4   187    13 32744 32744
 52378 10222  4122  1995     5    11   231  1143  1315    30   193    13 32744 32744
 52378 10222  4122  1995     5    12   231  1335  1420     8   153    13 32744 32744
 52378 10222  4122  1995     5    16   231  1041  1151    60   160    14 32744 32744
 52378 10222  4122  1995     5    18   231  2219  2226    80   160    15 32744 32744
 52378 10222  4122  1995     5    20   231  1921  1925   120   130    11 32744 32744
 52378 10222  4122  1995     6     6   231  1619  1631   120   190    13 32744 32744
 52378 10222  4122  1995     6    12   231  1020  1330    20   167    13 32744 32744
 52378 10222  4122  1995     6    29   231  1802  1814    60   130    14 32744 32744
 52378 10222  4122  1995     7     2   231  2046  2121   200   183     4 32744 32744
 52378 10222  4122  1995     7     5   231  2018  2108   200   173     5 32744 32744
 52378 10222  4122  1995     7     8   231   152   235     4   167     9 32744 32744
 52378 10222  4122  1995     7    15   231  1722  1752    80   150     2 32744 32744
 52378 10222  4122  1995     7    21   231  2021  2112    70   130    15 32744 32744
 52378 10222  4122  1995     7    21   231   309   542    70   130    15 32744 32744
 52378 10222  4122  1995     7    23   231  1556  1559   200   110    15 32744 32744
 52378 10222  4122  1995     8     9   231  1716  1804    80   150    14 32744 32744
 52418  9441  4009  1995     3    30   231  1208  2000     2   159     5   269     3
 52418  9441  4009  1995     3    31   231  2000   213     8   129     3   213     3
 52418  9441  4009  1995     5    17   231  1511  1517   150    92     1   177     1
 52418  9441  4009  1995     7    20   231  1622  1815    80   105    16   196    16
 52418  9441  4009  1995     8     1   231  1527  1534   200    87    13   160    13
 52424  9546  4032  1995     3    29   231  1653  1725   200   140     2 32744 32744
 52424  9546  4032  1995     3    30   231  1152  2000     3   167     4 32744 32744
 52424  9546  4032  1995     3    31   231  2000  2105    80   130     6 32744 32744
 52436  9702  4016  1995     3    30   231  1343  1504     9   150     5 32744 32744
 52436  9702  4016  1995     5    16   231   651   709   100   113    12 32744 32744
 52446  9931  4018  1995     3    10   231  1204  1311    80   180    14 32744 32744
 52446  9931  4018  1995     7     7   231  1936  1944    50   157    16 32744 32744
 52446  9931  4018  1995     7     8   231  1807  2000     9   150    13 32744 32744
 52446  9931  4018  1995     7     9   231  2000  2219   300   137    14 32744 32744
 52447  9854  4000  1995     3    10   231  1146  1940     7   167    14 32744 32744
 52447  9854  4000  1995     7     8   231  1817  1844    90   110    14 32744 32744
 52495 10448  4010  1995     3    10   231  1505  1908    18   200    14 32744 32744
 52495 10448  4010  1995     4    29   231  1127  1250    30   177    12 32744 32744
 52495 10448  4010  1995     5     1   231  1517  2000     9   217    14 32744 32744
 52495 10448  4010  1995     5     2   231  2000  2036   150   130     2 32744 32744
 52495 10448  4010  1995     5    12   231  1437  1720    40   210    14 32744 32744
 52495 10448  4010  1995     5    16   231  1329  1428     1   260    14 32744 32744
 52495 10448  4010  1995     6     8   231  1802  1815    80   160    15 32744 32744
 52495 10448  4010  1995     6    30   231  2024  2213   300   200     2 32744 32744
 52495 10448  4010  1995     8     4   231  1749  1752   200   150     9 32744 32744
 52533  9829  3946  1995     3    10   231  1010  1740     2   142    15   233    15
 52546  9950  3922  1995     3    10   231  1421  2000     6   110    15 32744 32744
 52546  9950  3922  1995     3    11   231  2000  2007    70    53    14 32744 32744
 52546  9950  3922  1995     5    18   231  2008  2024   120   103     1 32744 32744
 52576 10141  3913  1995     3    10   231  1442  1820    90   123    14 32744 32744
 52576 10141  3913  1995     5     8   231  1139  1204    60   123    14 32744 32744
 52576 10141  3913  1995     7    11   231  2014  2057   150   133    14 32744 32744
 52602  9320  3845  1995     1    20   231  1646  1740   120   127    14 32744 32744
 52602  9320  3845  1995     3    15   231  1739  2000     6   200    15 32744 32744
 52602  9320  3845  1995     3    16   231  2000  2110   140   190    15 32744 32744
 52602  9320  3845  1995     4    14   231  1621  1621   250   140    15 32744 32744
 52602  9320  3845  1995     5     8   231  1527  1531   150   167    15 32744 32744
 52602  9320  3845  1995     6    15   231  1223  1228   150   213    15 32744 32744
 52602  9320  3845  1995     6    15   231  1642  1719   150   213    15 32744 32744
 52602  9320  3845  1995     7    13   231  1737  1742   500   190    14 32744 32744
 52602  9320  3845  1995     7    14   231  1642  1659   450   200    15 32744 32744
 52602  9320  3845  1995     8    11   231  1902  1904   400   150    15 32744 32744
 52633  9825  3848  1995     3     8   231  1530  1555    80   190    14 32744 32744
 52633  9825  3848  1995     3    10   231  1257  1512     8   200    14 32744 32744
 52633  9825  3848  1995     5     8   231  1548  1735    70   190    12 32744 32744
 52633  9825  3848  1995     5    20   231  1727  1830   250   137    14 32744 32744
 52633  9825  3848  1995    12    13   231  1420  1516    30   170    13 32744 32744
 52645  9935  3825  1995     3    10   231  1517  1555   300   247    16 32744 32744
 52652 10026  3856  1995     3    10   231  1504  1635    30    95    15 32744 32744
 52652 10026  3856  1995     3    31   231  1027  1037    80    91     7 32744 32744
 52652 10026  3856  1995     4     9   231  1315  1504     6   101    15 32744 32744
 52652 10026  3856  1995     5    18   231  2045  2113    80    67    16 32744 32744
 52652 10026  3856  1995     7    10   231  1839  1905    90   109    15 32744 32744
 52652 10026  3856  1995     7    21   231  2228  2339    90   142    15 32744 32744
 52652 10026  3856  1995     8     9   231   702   713    60    93    15 32744 32744
 52652 10026  3856  1995     8    31   231  1607  1636    80   110    15 32744 32744
 52652 10026  3856  1995    12     9   231   951  1015   120    92    15 32744 32744
 52661 10105  3848  1995     3    10   231  1415  1940    13   150    14 32744 32744
 52679 10240  3755  1995     6    12   231   727   803     6    72     1   113     1
 52681 10305  3838  1995     2    26   231  1141  1707     8   137    15   200    14
 52681 10305  3838  1995     3    10   231  1137  2000     6   158    15   246    15
 52681 10305  3838  1995     3    11   231  2000  2041   200   112    14   146    14
 52681 10305  3838  1995     3    15   231   123   232     8   112    15   169    13
 52681 10305  3838  1995     4     9   231  1318  1610     8   148    14   215    14
 52681 10305  3838  1995     5     8   231  1024  1211   120   135    15   204    14
 52681 10305  3838  1995     5    18   231  2328     2   150    93    16   138    16
 52681 10305  3838  1995     6    12   231   807   917   120   106    14   171    15
 52681 10305  3838  1995     7     9   231   112   224     8    95    15   160    15
 52681 10305  3838  1995     8     9   231  1746  2000     4   110    14   169    15
 52681 10305  3838  1995     8    10   231  2000  2134   200    96    14   142    15
 52681 10305  3838  1995     9    30   231  1545  1641   220   135    14   210    14
 52681 10305  3838  1995    10    30   231   107   137    18   130    14 32744 32744
 52707  9341  3648  1995     4    21   231  1434  1456   120   177    16 32744 32744
 52707  9341  3648  1995     7    17   231  1610  1628   250   150    13 32744 32744
 52754 10008  3720  1995     1    22   231  1503  1505   200   130    13 32744 32744
 52754 10008  3720  1995     2     2   231  1537  1715   150   160    13 32744 32744
 52754 10008  3720  1995     3     8   231  1140  1657     7   157    13 32744 32744
 52754 10008  3720  1995     3    10   231  1204  1815     6   187    15 32744 32744
 52754 10008  3720  1995     3    16   231  1325  1423     7   150    14 32744 32744
 52754 10008  3720  1995     4     9   231  1217  1230   200   133    14 32744 32744
 52754 10008  3720  1995     4     9   231  1621  1626   200   133    14 32744 32744
 52754 10008  3720  1995     4    14   231  1719  1723   150   123    14 32744 32744
 52754 10008  3720  1995     4    20   231  1518  1527   200   127    14 32744 32744
 52754 10008  3720  1995     4    22   231  2000  2235   150   130     3 32744 32744
 52754 10008  3720  1995     4    26   231  1430  1438   150   130    16 32744 32744
 52754 10008  3720  1995     5     3   231  1942  1958     8   127     2 32744 32744
 52754 10008  3720  1995     5     6   231  1602  1605   150   133     3 32744 32744
 52754 10008  3720  1995     5     8   231  1032  1736     6   170    10 32744 32744
 52754 10008  3720  1995     5    12   231  1303  1305   120   150    15 32744 32744
 52754 10008  3720  1995     5    27   231  1645  1648   150   140    16 32744 32744
 52754 10008  3720  1995     5    29   231  1704  1706   200   140     1 32744 32744
 52754 10008  3720  1995     5    30   231  1916  1933   120   170     3 32744 32744
 52754 10008  3720  1995     6     1   231  1903  1921   200   197    16 32744 32744
 52754 10008  3720  1995    11     6   231  1135  1239   200   150    14 32744 32744
 52754 10008  3720  1995    11    22   231  1614  1616   300    93    13 32744 32744
 52754 10008  3720  1995    12    13   231  1416  1530   200   150    12 32744 32744
 52765 10137  3723  1995     3    10   231  1323  1642   120    60    11 32744 32744
 52765 10137  3723  1995     4    14   231  1915  1929   200   107    15 32744 32744
 52765 10137  3723  1995    12    13   231  1614  1632   300   120    13 32744 32744
 52797 10403  3711  1995     5    18   231   103   402     7   140    13 32744 32744
 52818  9454  3625  1995     3    30   231  1923  1925   150    77    11 32744 32744
 52818  9454  3625  1995     4    12   231   954  1012   120   110    14 32744 32744
 52818  9454  3625  1995     4    21   231  1552  1602   120   163    14 32744 32744
 52818  9454  3625  1995     5    27   231  2136  2145   150   107    15 32744 32744
 52818  9454  3625  1995     5    29   231  2315    18    90   120    12 32744 32744
 52842  9905  3647  1995     2     2   231  1444  1626   200   193    13 32744 32744
 52842  9905  3647  1995     3     8   231  1354  1424     6   187    14 32744 32744
 52842  9905  3647  1995     3    10   231  1703  1703    80   180    14 32744 32744
 52842  9905  3647  1995     5     8   231  1503  1506    40   170    14 32744 32744
 52842  9905  3647  1995     6     3   231  1815  1829   150   117     3 32744 32744
 52856 10037  3616  1995     3    10   231  1434  1529   150   220    14 32744 32744
 52856 10037  3616  1995     6    28   231  1522  1525   400   217    16 32744 32744
 52908  9305  3513  1995     1     8   231  1557  1558   300   160    12 32744 32744
 52908  9305  3513  1995     1     9   231  1126  1447     4   253    12 32744 32744
 52908  9305  3513  1995     1    31   231  1715  1718   300   210    14 32744 32744
 52908  9305  3513  1995     3     7   231  1552  1554   260   210    13 32744 32744
 52908  9305  3513  1995     3    15   231  1204  1623    80   220    13 32744 32744
 52908  9305  3513  1995     3    25   231  1616  1625   300   157    13 32744 32744
 52908  9305  3513  1995     3    27   231  1524  1524   200   163    14 32744 32744
 52908  9305  3513  1995     4     1   231  1745  1803   200   207    13 32744 32744
 52908  9305  3513  1995     4    16   231  1835  1838   300   197    15 32744 32744
 52908  9305  3513  1995     4    23   231  1818  1820   250   210    15 32744 32744
 52908  9305  3513  1995     7    10   231  1513  1513   250   137    13 32744 32744
 52908  9305  3513  1995    11     5   231  1407  1407   400   120    14 32744 32744
 52908  9305  3513  1995    12    13   231  1425  1550   340   197    14 32744 32744
 52943  9959  3535  1995     2     2   231  1645  1712   200   163    15 32744 32744
 52943  9959  3535  1995     2    11   231  1522  1524   500   130    14 32744 32744
 52943  9959  3535  1995     2    26   231  1335  1534    90   140    14 32744 32744
 52943  9959  3535  1995     3    10   231  1844  1856   130   160    14 32744 32744
 52943  9959  3535  1995     3    15   231  1221  1520   200   180    13 32744 32744
 52943  9959  3535  1995     3    16   231  1225  1758     6   190    13 32744 32744
 52943  9959  3535  1995     4    15   231  1235  1503   300   113    12 32744 32744
 52943  9959  3535  1995     4    20   231  1119  1131   400   130    13 32744 32744
 52943  9959  3535  1995     4    22   231  1330  1658     7   160    14 32744 32744
 52943  9959  3535  1995     4    26   231  1225  1416   150   150    14 32744 32744
 52943  9959  3535  1995     5     8   231  1140  1315   200   143    15 32744 32744
 52943  9959  3535  1995    12     9   231  1848  1851   500   140    13 32744 32744
 52957 10039  3516  1995     3    15   231  1259  1331   120   140    13 32744 32744
 52957 10039  3516  1995     3    16   231  1738  1753    50   160    14 32744 32744
 52957 10039  3516  1995     4    14   231  1952  2000     7   127    14 32744 32744
 52957 10039  3516  1995     4    15   231  2000  2006   250   190    14 32744 32744
 52957 10039  3516  1995     5    12   231  1343  1347     6   113    12 32744 32744
 52957 10039  3516  1995     5    17   231  1756  1756   450   103     1 32744 32744
 53068 11158  4339  1995     4    29   231  1834  2000     9   170    14 32744 32744
 53068 11158  4339  1995     4    30   231  2000  2044     8   200    14 32744 32744
 53068 11158  4339  1995     4    30   231   710   820     8   200    14 32744 32744
 53068 11158  4339  1995     5    16   231  1919  2000     2   150    14 32744 32744
 53068 11158  4339  1995     5    17   231  2000  2124   250   230    14 32744 32744
 53083 11409  4437  1995     4    21   231  1125  1546    80   173    13 32744 32744
 53083 11409  4437  1995     4    27   231  1421  1713    80   183    12 32744 32744
 53083 11409  4437  1995     4    28   231  1502  1551    80   150    12 32744 32744
 53083 11409  4437  1995     4    30   231   746  1214     8   193    12 32744 32744
 53083 11409  4437  1995     5    17   231  2218  2349     4   207    12 32744 32744
 53083 11409  4437  1995     5    17   231  1150  1535     4   207    12 32744 32744
 53083 11409  4437  1995     5    23   231  1808  1821   200   157    14 32744 32744
 53149 11008  4232  1995     3    10   231  1601  2000     8   217    12 32744 32744
 53149 11008  4232  1995     3    11   231  2000  2152   500   210    13 32744 32744
 53149 11008  4232  1995     4    16   231  1607  1611   150   187    12 32744 32744
 53149 11008  4232  1995     4    24   231  1708  1720   600   157    15 32744 32744
 53149 11008  4232  1995     4    29   231  1250  1813    15   213 32744 32744 32744
 53149 11008  4232  1995     5    16   231  1752  1813   200   207    11 32744 32744
 53192 11457  4401  1995     4    21   231  1441  1530    80   167    12 32744 32744
 53192 11457  4401  1995     4    30   231   907   909    80   170    12 32744 32744
 53192 11457  4401  1995     4    30   231  1215  1417    80   170    12 32744 32744
 53192 11457  4401  1995     5     4   231  1736  1743   300   137    14 32744 32744
 53192 11457  4401  1995     5    17   231  2210  2308    80   190    12 32744 32744
 53195 11138  4352  1995     4     7   231   940   950     8   160    15 32744 32744
 53195 11138  4352  1995     4     7   231  1328  1456     8   160    15 32744 32744
 53195 11138  4352  1995     4    16   231  1222  1826     2   223    13 32744 32744
 53195 11138  4352  1995     4    21   231  1207  1725     2   230    13 32744 32744
 53195 11138  4352  1995     4    27   231  1221  1526     7   200 32744 32744 32744
 53195 11138  4352  1995     4    28   231  1202  1547   200   180 32744 32744 32744
 53195 11138  4352  1995     4    29   231  1912  2000     6   163 32744 32744 32744
 53195 11138  4352  1995     4    30   231  2000  2148     6   227 32744 32744 32744
 53195 11138  4352  1995     4    30   231   517  1430     6   227 32744 32744 32744
 53195 11138  4352  1995     5    17   231  2110  2148   150   220    13 32744 32744
 53231 10624  4124  1995     3    10   231  1510  2000     4   180    13 32744 32744
 53231 10624  4124  1995     3    11   231  2000  2027   170   173    14 32744 32744
 53231 10624  4124  1995     4    29   231  1512  2000     3   183    13 32744 32744
 53231 10624  4124  1995     4    30   231  2000  2136   120   143    13 32744 32744
 53231 10624  4124  1995     5     1   231  1530  1738   200   190     2 32744 32744
 53231 10624  4124  1995     5    16   231  1716  1832    80   190    14 32744 32744
 53231 10624  4124  1995     6    14   231  1524  1530   250   170    12 32744 32744
 53231 10624  4124  1995     6    29   231  1820  1936    12   210     3 32744 32744
 53276 11254  4224  1995     3    11   231  2309  1306     3   187    13   252    13
 53276 11254  4224  1995     4     6   231   915  1205   120   151    14   225    15
 53276 11254  4224  1995     4    16   231  1215  1640    50   154    12   231    13
 53276 11254  4224  1995     4    24   231  1322  1415    90   148    15   221    14
 53276 11254  4224  1995     4    26   231  1537  1544   180   136     9   202    10
 53276 11254  4224  1995     4    27   231  1206  1337    30   170    13   233    13
 53276 11254  4224  1995     4    29   231  1256  1846    13   155    11   248 32744
 53276 11254  4224  1995     4    30   231   225   235    20   150    14   217 32744
 53276 11254  4224  1995     4    30   231   809   817    20   150    14   217 32744
 53276 11254  4224  1995     4    30   231  1135  1143    20   150    14   217 32744
 53276 11254  4224  1995     4    30   231  1443  1451    20   150    14   217 32744
 53276 11254  4224  1995     5     7   231  1023  1312    90   146    13   213 32744
 53276 11254  4224  1995     5     8   231   933  1245   200   146    11   213 32744
 53276 11254  4224  1995     5    17   231  2005  2038   110   180    13   248 32744
 53276 11254  4224  1995     5    23   231  1644  1651   120   161    12   215    12
 53276 11254  4224  1995     6    13   231  1654  1659   250   162     9   217     9
 53352 11026  4142  1995     4    29   231  1751  1843    40   143    12 32744 32744
 53391 11400  4154  1995     4     6   231   920  1210    80   160    15 32744 32744
 53399 11442  4109  1995     3    11   231   953  1225    60   130    15 32744 32744
 53399 11442  4109  1995     4     6   231  1218  1632     7   170    14 32744 32744
 53446 10951  4040  1995     4    24   231  1414  1720    80    90    15 32744 32744
 53446 10951  4040  1995     4    27   231  1227  1328    20    77    13 32744 32744
 53478 11227  4000  1995     4    24   231  1313  1443     7   167    14 32744 32744
 53502 10545  3947  1995     3    10   231  1427  1512    50   150    13 32744 32744
 53502 10545  3947  1995     5    16   231  1435  1520    80   183    14 32744 32744
 53513 10725  4045  1995     3    10   231  1845  1941    15   103    14 32744 32744
 53513 10725  4045  1995     5    16   231  1551  1605    50    93    16 32744 32744
 53519 10646  3913  1995     5    16   231  1546  1635    80   206    14   308    14
 53529 10759  3906  1995     3     8   231   955  1038   120   130    15 32744 32744
 53529 10759  3906  1995     3    10   231  1710  2000     2   200    14 32744 32744
 53529 10759  3906  1995     3    11   231  2000   236     6   150    14 32744 32744
 53529 10759  3906  1995     4    14   231  1910  2000     7   130     2 32744 32744
 53529 10759  3906  1995     4    15   231  2000  2127    90   130     2 32744 32744
 53529 10759  3906  1995     4    24   231  1535  1643    70   150    14 32744 32744
 53529 10759  3906  1995     5     1   231  1925  2000     9   120    14 32744 32744
 53529 10759  3906  1995     5     2   231  2000  2132   230   110    14 32744 32744
 53529 10759  3906  1995     5     3   231  1430  1447    90   107     1 32744 32744
 53529 10759  3906  1995     5     8   231   809   847   180   150     1 32744 32744
 53529 10759  3906  1995     5    11   231  1902  1913   150   130    16 32744 32744
 53529 10759  3906  1995     5    12   231  1235  2000     4   160    14 32744 32744
 53529 10759  3906  1995     5    13   231  2000  2215   110   130    15 32744 32744
 53529 10759  3906  1995     5    16   231  1656  1826    50   183    15 32744 32744
 53529 10759  3906  1995     5    18   231  1426  1514    70   130    16 32744 32744
 53564 11109  3923  1995     7     6   231  1732  1739   150   106    12 32744 32744
 53602 10540  3850  1995     5    16   231  1501  1549   150   140    14 32744 32744
 53602 10540  3850  1995     5    18   231   128   245    60   150     2 32744 32744
 53614 10613  3829  1995     5    16   231  1546  1623   120   211    15   288    14
 53615 10642  3848  1995     5     1   231  1738  1808   100   113    14   165    14
 53615 10642  3848  1995     5     8   231  1326  1418     8   145    16   215    15
 53615 10642  3848  1995     5    16   231  1558  1718   100   145    14   235    15
 53646 10942  3814  1995     6    28   231  1320  1333   240   137    11 32744 32744
 53723 10724  3747  1995     2    26   231  1318  1609     8   122    13   190    13
 53723 10724  3747  1995     3    10   231  1507  2000     7    91    15   146    16
 53723 10724  3747  1995     3    11   231  2000   218     8   115    13   179    13
 53723 10724  3747  1995     3    16   231   708   731    16    84    15   129     1
 53723 10724  3747  1995     3    17   231  1320  1525     8   107    13   173    12
 53723 10724  3747  1995     3    20   231  1226  1710     4   120    13   192    13
 53723 10724  3747  1995     3    24   231  1438  1712    90    97    15   165    16
 53723 10724  3747  1995     4    10   231  2011  2040   180   111    13   185    15
 53723 10724  3747  1995     4    10   231  1434  1532   180   111    13   185    15
 53723 10724  3747  1995     4    15   231  2103    35    80   100    16   163     1
 53723 10724  3747  1995     4    19   231   843   940   110    98     9   142     9
 53723 10724  3747  1995     4    21   231  1623  1705   150    99     1   171     1
 53723 10724  3747  1995     4    24   231  1427  1515    30    97    13   163    13
 53723 10724  3747  1995     4    29   231  1732  1736    18   100    12 32744 32744
 53723 10724  3747  1995     5     8   231   936  1127   150    97    16   171     1
 53723 10724  3747  1995     5     8   231  1533  1637   150    97    16   171     1
 53723 10724  3747  1995     5    12   231  1409  1940    12   104    13   165    14
 53723 10724  3747  1995     5    16   231  1717  1847    60   142    15   250    14
 53723 10724  3747  1995     5    17   231  1245  1634    16   107     9   156     9
 53723 10724  3747  1995     5    18   231  1234  1328    15    94     1   144     1
 53723 10724  3747  1995     6     1   231  1326  1407     9   100     1   167     1
 53723 10724  3747  1995     6    19   231  1821  1840   120   100     1   179     1
 53723 10724  3747  1995     6    28   231  1328  1529     6   101    16   181    16
 53723 10724  3747  1995     7     5   231  1624  1715   250   108     2   169     1
 53723 10724  3747  1995     7    11   231  1410  1537   200   105     1   171    16
 53723 10724  3747  1995    11    12   231  1422  1637   150   128    13   194    13
 53725 10735  3735  1995     2    26   231  1227  1804     7   160    12 32744 32744
 53725 10735  3735  1995     3    15   231  1138  1206    50   110    16 32744 32744
 53725 10735  3735  1995     3    17   231  1342  1545     8   123    12 32744 32744
 53725 10735  3735  1995     3    20   231  1023  1726     4   170    13 32744 32744
 53725 10735  3735  1995     3    24   231  1420  1641    30   140    16 32744 32744
 53725 10735  3735  1995     4     7   231  1216  1640     7   110    14 32744 32744
 53725 10735  3735  1995     4     8   231  1132  1410     9   127    14 32744 32744
 53725 10735  3735  1995     4    10   231  2031  2145    70   153    14 32744 32744
 53725 10735  3735  1995     4    10   231  1450  1810    70   153    14 32744 32744
 53725 10735  3735  1995     4    15   231  2335   125    70   123    16 32744 32744
 53725 10735  3735  1995     4    21   231  1613  1838    80   123     2 32744 32744
 53725 10735  3735  1995     4    24   231  1233  1426     8   123    16 32744 32744
 53725 10735  3735  1995     4    29   231  1806  1817    40   133    12 32744 32744
 53725 10735  3735  1995     5    12   231  1410  1619    40   130    15 32744 32744
 53725 10735  3735  1995     5    16   231  1735  1843    30   193    16 32744 32744
 53725 10735  3735  1995     5    21   231  1107  1532     6   120    13 32744 32744
 53725 10735  3735  1995     6     1   231  1404  1502    70   123     1 32744 32744
 53725 10735  3735  1995     6     7   231  1445  1523    70   107     6 32744 32744
 53725 10735  3735  1995     6     9   231  1435  1612    60   120     1 32744 32744
 53725 10735  3735  1995     6    19   231  1848  1935    30   107    16 32744 32744
 53725 10735  3735  1995     6    28   231  1416  1543    60   160    16 32744 32744
 53725 10735  3735  1995     6    30   231  1704  1744    40   100    14 32744 32744
 53725 10735  3735  1995     7    11   231  1506  1719   110   133     2 32744 32744
 53738 10810  3655  1995     5    16   231  1901  2000     3    80     1 32744 32744
 53738 10810  3655  1995     5    17   231  2000  2034    30    87    10 32744 32744
 53740 10914  3756  1995     6     1   231  1420  1430   130   147    16 32744 32744
 53740 10914  3756  1995     6     9   231  1251  1303   130   160    16 32744 32744
 53806 10539  3634  1995     3    24   231  1248  1744     6   150    15   210    15
 53806 10539  3634  1995     4     8   231  1030  1510     7   150    14   206    14
 53806 10539  3634  1995     4    10   231  1130  1620     8   133    15   190    15
 54012 11736  4435  1995     4    21   231  1506  1628   300   147    13 32744 32744
 54012 11736  4435  1995     4    30   231   829   941   300 32744 32744 32744 32744
 54026 12054  4434  1995     4     5   231  1540  1710   130    97    14 32744 32744
 54041 12304  4447  1995     5    17   231   645   945     7   190     9 32744 32744
 54063 12600  4458  1995     4    30   231  1831  1841   140   140    12 32744 32744
 54134 12117  4336  1995     4     5   231  1551  1816    40   180    15 32744 32744
 54134 12117  4336  1995     4    24   231  1604  1618   140   173    11 32744 32744
 54134 12117  4336  1995     4    30   231  1618  1734    80   180    14 32744 32744
 54208 11628  4211  1995     4    24   231  1545  1657    80   170    13 32744 32744
 54218 11856  4216  1995     4     5   231  1520  1640   200   120    14 32744 32744
 54218 11856  4216  1995     4     6   231   835   842   200   120    14 32744 32744
 54218 11856  4216  1995     4    24   231  1419  1625   150   130    13 32744 32744
 54218 11856  4216  1995     4    28   231  1343  1345    80   113    12 32744 32744
 54511 11617  3956  1995     3    11   231   640   725    12    99    15   165    15
 54511 11617  3956  1995     4     6   231  1046  1058    10   128    15   242    15
 54606 11544  3814  1995     6    26   231  1513  1522   120   157    15 32744 32744
 54938 11821  3503  1995     6    27   231  2102  2110   100   139    14   242    14
 55228  8005  3230  1995     7     8   231  1929  1935   700 32744 32744 32744 32744
 55228  8005  3230  1995     8     1   231  1631  1641   700 32744 32744 32744 32744
 55228  8005  3230  1995    11    27   231  1540  1630   700 32744 32744 32744 32744
 55228  8005  3230  1995    12    11   231  1348  1350     7 32744 32744 32744 32744
 55248  8425  3209  1995     2    17   231  1720  1723   400 32744 32744 32744 32744
 55248  8425  3209  1995    12    17   231  1805  1818   480 32744 32744 32744 32744
 55294  9106  3221  1995     3     6   231  1358  1710     8   220    12 32744 32744
 55294  9106  3221  1995     5    21   231  1707  1746   300   220    12 32744 32744
 55472  8838  3057  1995     3     6   231  1456  1457   150 32744 32744 32744 32744
 55472  8838  3057  1995     4     2   231  1703  1704   300 32744 32744 32744 32744
 55472  8838  3057  1995    12    12   231  1346  1436     5 32744 32744 32744 32744
 55493  9106  3029  1995     4     4   231  1604  1635   400 32744 32744 32744 32744
 55569  8736  2905  1995     1     2   231  1623  1625   400 32744 32744 32744 32744
 55569  8736  2905  1995     1    21   231  1620  1632   400 32744 32744 32744 32744
 55569  8736  2905  1995     1    22   231  1759  1759   400 32744 32744 32744 32744
 55569  8736  2905  1995     1    23   231  1703  1703   400 32744 32744 32744 32744
 55569  8736  2905  1995     2     1   231  1712  1727   400 32744 32744 32744 32744
 55569  8736  2905  1995     2    20   231  1454  1906   300 32744 32744 32744 32744
 55569  8736  2905  1995     2    21   231  1611  1639   400 32744 32744 32744 32744
 55569  8736  2905  1995     2    23   231  1456  1638   400 32744 32744 32744 32744
 55569  8736  2905  1995     2    24   231  1529  1625   400 32744 32744 32744 32744
 55578  8853  2915  1995    12    15   231  1728  1733   350    80    12 32744 32744
 55598  9146  2915  1995     3     3   231  1647  1840   380   120    14 32744 32744
 55598  9146  2915  1995     3    25   231  1747  1749   400    90     8 32744 32744
 55664  8705  2838  1995     1     2   231  1503  1503   400 32744 32744 32744 32744
 55664  8705  2838  1995     2    21   231  1529  1546   400 32744 32744 32744 32744
 55664  8705  2838  1995     2    23   231  1355  1357     8 32744 32744 32744 32744
 55664  8705  2838  1995     2    23   231  1737  1739     8 32744 32744 32744 32744
 55664  8705  2838  1995     3    12   231  1630  1630   400 32744 32744 32744 32744
 55664  8705  2838  1995     3    31   231  1744  1830   400 32744 32744 32744 32744
 55664  8705  2838  1995     4     4   231  1511  1511   350 32744 32744 32744 32744
 55664  8705  2838  1995    12    15   231  1451  1530   400 32744 32744 32744 32744
 55680  8936  2855  1995     2    15   231  1610  1623   200 32744 32744 32744 32744
 56004  9226  3413  1995     1     9   231  1012  1519     7   303    12 32744 32744
 56004  9226  3413  1995     3    23   231  1803  1808   250   173    16 32744 32744
 56004  9226  3413  1995     3    27   231  1652  1654   250   163    15 32744 32744
 56004  9226  3413  1995     4    17   231  1412  1418   150   170    14 32744 32744
 56004  9226  3413  1995     4    23   231  1313  1524   120   180    14 32744 32744
 56004  9226  3413  1995     4    26   231  1712  1720   400   167    15 32744 32744
 56004  9226  3413  1995     4    30   231  1714  1733   110   217     1 32744 32744
 56004  9226  3413  1995    10     1   231  1719  1720     3   150    16 32744 32744
 56004  9226  3413  1995    11    21   231  1605  1613   150   140    14 32744 32744
 56004  9226  3413  1995    11    30   231  1421  1423   350   147    13 32744 32744
 56004  9226  3413  1995    12     9   231  1547  1554   300   137    14 32744 32744
 56004  9226  3413  1995    12    13   231  1402  1423   120   180    13 32744 32744
 56018  9518  3254  1995    12    12   231  1407  1435   300   133    13 32744 32744
 56018  9518  3254  1995    12    13   231  1448  1448   400   127    12 32744 32744
 56033  9813  3455  1995     1     9   231  1326  1328   120   170    12 32744 32744
 56033  9813  3455  1995     3    12   231  1545  1705   300   160    12 32744 32744
 56033  9813  3455  1995     3    15   231  1449  1510    80   180    12 32744 32744
 56033  9813  3455  1995     3    16   231  1235  1458   180   180    14 32744 32744
 56033  9813  3455  1995     3    23   231  1515  1515   300   130    13 32744 32744
 56033  9813  3455  1995     5    26   231  1642  1643   300   130     3 32744 32744
 56046  9939  3345  1995     1     9   231  1407  1412   350   137    12 32744 32744
