 50425 12011  5015  1987     4    26   231  1420  1446   120   150    14 32744 32744
 50425 12011  5015  1987     6     1   231  2006  2038   200    90    12 32744 32744
 50425 12011  5015  1987     6     8   231  1632  1635   300   137    11 32744 32744
 50425 12011  5015  1987     6     9   231  1421  1803    80   163    11 32744 32744
 50514 11726  4934  1987     4    20   231  1139  1240   180   160    13 32744 32744
 50514 11726  4934  1987     6     8   231  1410  1415   200   150     9 32744 32744
 50514 11726  4934  1987     6     9   231  1108  1127   200   170     9 32744 32744
 50527 11945  4913  1987     6     9   231  1315  1445     8   170    11 32744 32744
 50557 12514  4910  1987     5    28   231  1847  1916   120   150     2 32744 32744
 50603 11649  4840  1987     4     6   231  1837  1906   300   110    15 32744 32744
 50603 11649  4840  1987     5    18   231  1416  1530    90   153     1 32744 32744
 50603 11649  4840  1987     6     1   231  1944  2000     9   140    16 32744 32744
 50603 11649  4840  1987     6     2   231  2000  2148   150   150    14 32744 32744
 50618 11816  4813  1987     5    18   231   925  1105    90   113     8 32744 32744
 50618 11816  4813  1987     5    26   231  1427  1455   150   230     1 32744 32744
 50618 11816  4813  1987     5    28   231  1548  1611    70   107     3 32744 32744
 50618 11816  4813  1987     5    31   231  1558  1612   280   113     9 32744 32744
 50618 11816  4813  1987     6     9   231  1022  1146   300   153    10 32744 32744
 50618 11816  4813  1987     6     9   231  1635  1637   300   153    10 32744 32744
 50775 13020  4722  1987     7    29   231  1319  1321    60   147     2 32744 32744
 50775 13020  4722  1987     8     2   231  1311  1314    90   170    16 32744 32744
 50834 12114  4637  1987     5    10   231  1305  1335    60   130    11 32744 32744
 50844 12325  4624  1987     4    30   231  2154   120    60   163    10 32744 32744
 50854 12519  4623  1987     4    30   231  2313   640     7   180    11 32744 32744
 50915 11658  4531  1987     5    14   231  1229  1235   300   127    12 32744 32744
 50915 11658  4531  1987     6     9   231   738   753     7   140    10 32744 32744
 50948 12401  4500  1987     4    29   231  1817  2000     6   160    10 32744 32744
 50948 12401  4500  1987     4    30   231  2000   625     6   180    10 32744 32744
 51059  8552  4726  1987     4    26   231  1714  1716   500   110    16 32744 32744
 51059  8552  4726  1987     4    28   231  2313  2320   100   190    14 32744 32744
 51059  8552  4726  1987     5     3   231  1940  1944   100   177    14 32744 32744
 51059  8552  4726  1987     6     2   231  2140  2148   100   180    14 32744 32744
 51059  8552  4726  1987     6    19   231  2035  2045   300   137    13 32744 32744
 51059  8552  4726  1987     7    24   231  2155  2200   450   123    13 32744 32744
 51059  8552  4726  1987     7    25   231  2032  2040   300   150    13 32744 32744
 51059  8552  4726  1987     9    25   231  2252  2310   200   190    13 32744 32744
 51059  8552  4726  1987    10     3   231  1725  1732   400   130    15 32744 32744
 51068  8728  4707  1987     7    25   231  2217  2223   300   110    14 32744 32744
 51068  8728  4707  1987     7    26   231  2123  2136   250   130    14 32744 32744
 51068  8728  4707  1987     8    14   231   310   313   350   100    12 32744 32744
 51133  8300  4644  1987     6    18   231  1939  1940    20    97    14 32744 32744
 51156  8543  4647  1987     7    25   231  2104  2112   500 32744 32744 32744 32744
 51156  8543  4647  1987    10     4   231  1608  1628   550 32744 32744 32744 32744
 51186  9023  4640  1987     5    17   231  2150  2153   500   130    13 32744 32744
 51241  8336  4556  1987     6    19   231  2036  2047   300 32744 32744 32744 32744
 51241  8336  4556  1987     6    29   231  1845  1848   500 32744 32744 32744 32744
 51241  8336  4556  1987     7    24   231  1910  1918   500 32744 32744 32744 32744
 51241  8336  4556  1987     9     5   231  1647  1650   500 32744 32744 32744 32744
 51243  8451  4536  1987     7    24   231  1716  1721   600   137    15 32744 32744
 51243  8451  4536  1987     8     8   231  1417  1419   600   157    14 32744 32744
 51243  8451  4536  1987     8    13   231  1819  1823   600    77    12 32744 32744
 51356  8603  4419  1987     6     2   231  1624  1630   200    90    15 32744 32744
 51365  8732  4412  1987     6     2   231  1731  1735   250 32744 32744 32744 32744
 51365  8732  4412  1987     9    16   231  1801  1807    30 32744 32744 32744 32744
 51365  8732  4412  1987     9    21   231   317   341   250 32744 32744 32744 32744
 51379  8934  4401  1987     5     5   231  1725  1813    90   163    14 32744 32744
 51379  8934  4401  1987     6     2   231  1925  2000     8   150    14 32744 32744
 51379  8934  4401  1987     6     3   231  2000  2017   150   240    13 32744 32744
 51431  8120  4357  1987     6     6   231  1918  1926   150   150    13 32744 32744
 51431  8120  4357  1987     7    25   231  2028  2046   200   147    12 32744 32744
 51463  8737  4347  1987     6     2   231  1805  1830    50   130    14 32744 32744
 51477  8819  4321  1987     6     2   231  1855  1925    30   247    14 32744 32744
 51495  9138  4329  1987     6     3   231  2138    15   180 32744 32744 32744 32744
 51526  8813  4214  1987     4    15   231  1415  1458    50   130    12 32744 32744
 51526  8813  4214  1987     4    27   231  1345  1410     8   113    13 32744 32744
 51567  8634  4205  1987     4    17   231  1552  1706   150 32744 32744 32744 32744
 51567  8634  4205  1987     5     5   231  1901  1920    50 32744 32744 32744 32744
 51573  8912  4256  1987     4    29   231  2012  2031    15    93    14 32744 32744
 51573  8912  4256  1987     5    26   231  1953  2000     7   120    13 32744 32744
 51573  8912  4256  1987     5    27   231  2000  2005   120   130    14 32744 32744
 51628  8014  4110  1987     4    29   231  1648  1923    12    97     5 32744 32744
 51628  8014  4110  1987     4    30   231   319   331    80    87     3 32744 32744
 51628  8014  4110  1987     8    18   231  1937  2000     7    73    16 32744 32744
 51628  8014  4110  1987     8    19   231  2000  2020   100    80    13 32744 32744
 51644  8257  4143  1987     9     5   231   552   711   100   130    12 32744 32744
 51709  7559  3928  1987     4     3   231   318   327    50    70    15 32744 32744
 51709  7559  3928  1987     4    29   231  2037  2110   200   143    14 32744 32744
 51709  7559  3928  1987     6    29   231  1658  1728   120    83    12 32744 32744
 51709  7559  3928  1987     9     9   231  2045  2057   120    83    16 32744 32744
 51711  7827  4056  1987     5    18   231  1852  1940   300   133    12 32744 32744
 51711  7827  4056  1987     6    14   231  1547  1554   400   120    11 32744 32744
 51711  7827  4056  1987     6    22   231  1824  1830   400   137    12 32744 32744
 51711  7827  4056  1987     8    18   231  1952  2000     5   100     1 32744 32744
 51711  7827  4056  1987     8    19   231  2000  2013   400   140    16 32744 32744
 51711  7827  4056  1987     8    31   231  1820  1837   300    70    12 32744 32744
 51711  7827  4056  1987     9     1   231    20   120   200   133    13 32744 32744
 51711  7827  4056  1987     9    18   231  1805  1813   300    77    13 32744 32744
 51711  7827  4056  1987    11    16   231  1540  1630   400   140    16 32744 32744
 51711  7827  4056  1987    11    24   231  1104  1106   200   120    12 32744 32744
 51716  7834  3948  1987     4     8   231  1025  1145    15    93     2 32744 32744
 51716  7834  3948  1987     4    30   231  2218  2237    12    87     4 32744 32744
 51716  7834  3948  1987     4    30   231  1720  1729    12    87     4 32744 32744
 51716  7834  3948  1987     6     4   231   705   920     8   100     3 32744 32744
 51716  7834  3948  1987     7     6   231   507   605   150   100    15 32744 32744
 51716  7834  3948  1987     9     1   231   307   324    90    80    16 32744 32744
 51716  7834  3948  1987     9     8   231  1830  1920    25    93    15 32744 32744
 51716  7834  3948  1987    11    16   231  1750  1820    30   107    14 32744 32744
 51716  7834  3948  1987    11    24   231  1627  2000     4   160    14 32744 32744
 51716  7834  3948  1987    11    25   231  2000  2012     8   163    14 32744 32744
 51716  7834  3948  1987    11    25   231   102   607     8   163    14 32744 32744
 51720  7903  4030  1987     3     8   231  1702  2000     8 32744 32744 32744 32744
 51720  7903  4030  1987     3     9   231  2000  2310    12 32744 32744 32744 32744
 51720  7903  4030  1987     4     7   231  1754  1833   220 32744 32744 32744 32744
 51720  7903  4030  1987     4     8   231  1002  1208    11 32744 32744 32744 32744
 51720  7903  4030  1987     4    18   231  2254  2320   110 32744 32744 32744 32744
 51720  7903  4030  1987     4    28   231  1413  1433    80 32744 32744 32744 32744
 51720  7903  4030  1987     4    30   231  2002  2232    30 32744 32744 32744 32744
 51720  7903  4030  1987     5     3   231  1553  1555   200 32744 32744 32744 32744
 51720  7903  4030  1987     5     5   231   728   733   150 32744 32744 32744 32744
 51720  7903  4030  1987     5     5   231  1428  1438   150 32744 32744 32744 32744
 51720  7903  4030  1987     5    20   231  2205  2315    45 32744 32744 32744 32744
 51720  7903  4030  1987     6     1   231   510   516   170 32744 32744 32744 32744
 51720  7903  4030  1987     6     4   231   543  1104    12 32744 32744 32744 32744
 51720  7903  4030  1987     6     7   231  1743  1746    20 32744 32744 32744 32744
 51720  7903  4030  1987     6     9   231  2151  2229   250 32744 32744 32744 32744
 51720  7903  4030  1987     6    13   231  1717  1721   400 32744 32744 32744 32744
 51720  7903  4030  1987     6    30   231  2250  2252   120 32744 32744 32744 32744
 51720  7903  4030  1987     6    30   231  1741  1827   120 32744 32744 32744 32744
 51720  7903  4030  1987     7    11   231  1420  1422   250 32744 32744 32744 32744
 51720  7903  4030  1987     7    13   231   603   652   150 32744 32744 32744 32744
 51720  7903  4030  1987     8     2   231   103   105   110 32744 32744 32744 32744
 51720  7903  4030  1987     8     3   231  1957  2000   170 32744 32744 32744 32744
 51720  7903  4030  1987     8     4   231  2000  2002   400 32744 32744 32744 32744
 51720  7903  4030  1987     8    22   231  1917  1922   250 32744 32744 32744 32744
 51720  7903  4030  1987     8    28   231  1639  1901   250 32744 32744 32744 32744
 51720  7903  4030  1987     9     1   231   128   259   150 32744 32744 32744 32744
 51720  7903  4030  1987     9     3   231  1244  1255   130 32744 32744 32744 32744
 51720  7903  4030  1987     9     5   231  2041  2043   400 32744 32744 32744 32744
 51720  7903  4030  1987     9     8   231  1803  1806   200 32744 32744 32744 32744
 51720  7903  4030  1987     9     9   231   258   322   300 32744 32744 32744 32744
 51720  7903  4030  1987     9    15   231  1934  1938   220 32744 32744 32744 32744
 51720  7903  4030  1987    10     8   231  1710  1927    15 32744 32744 32744 32744
 51720  7903  4030  1987    11    24   231  1718  1840   200 32744 32744 32744 32744
 51730  8103  4030  1987     4     8   231  2045  2219    50 32744 32744 32744 32744
 51730  8103  4030  1987     4     8   231   920  1020    50 32744 32744 32744 32744
 51730  8103  4030  1987     4    17   231  1843  2000     4 32744 32744 32744 32744
 51730  8103  4030  1987     4    18   231  2000  2013    40 32744 32744 32744 32744
 51730  8103  4030  1987     4    29   231  1710  2000     6 32744 32744 32744 32744
 51730  8103  4030  1987     4    30   231  2000  2115    30 32744 32744 32744 32744
 51730  8103  4030  1987     5     6   231  2116  2224    50 32744 32744 32744 32744
 51730  8103  4030  1987     5    29   231  1857  2000     5 32744 32744 32744 32744
 51730  8103  4030  1987     5    30   231  2000  2028    60 32744 32744 32744 32744
 51730  8103  4030  1987     6     4   231   335   428    30 32744 32744 32744 32744
 51730  8103  4030  1987     6     9   231   214   317    80 32744 32744 32744 32744
 51765  8742  4038  1987     2    13   231   313   409    40 32744 32744 32744 32744
 51765  8742  4038  1987     3     8   231  2340   330     6 32744 32744 32744 32744
 51765  8742  4038  1987     3     8   231   805   930     6 32744 32744 32744 32744
 51765  8742  4038  1987     3    23   231  1014  1232    50 32744 32744 32744 32744
 51765  8742  4038  1987     4     7   231  1708  2000     6 32744 32744 32744 32744
 51765  8742  4038  1987     4     8   231  2000  2141    70 32744 32744 32744 32744
 51765  8742  4038  1987     4     9   231  1023  1336    50 32744 32744 32744 32744
 51765  8742  4038  1987     4    17   231  1000  1145    50 32744 32744 32744 32744
 51765  8742  4038  1987     4    29   231  1430  1830    30 32744 32744 32744 32744
 51765  8742  4038  1987     5    19   231  1830  1840    30 32744 32744 32744 32744
 51765  8742  4038  1987     5    27   231  2130  2240   250 32744 32744 32744 32744
 51777  8810  3902  1987     3     8   231   421   520     3   123     4 32744 32744
 51777  8810  3902  1987     4     7   231  1840  2000     3   153     4 32744 32744
 51777  8810  3902  1987     4     8   231  2000  2132    20   170     4 32744 32744
 51777  8810  3902  1987     4    29   231  1448  2000     8   150     3 32744 32744
 51777  8810  3902  1987     4    30   231  2000  2017    70   127     3 32744 32744
 51777  8810  3902  1987     5    19   231  1759  1845    12   150    11 32744 32744
 51777  8810  3902  1987     6     3   231  1744  1814    13   117     4 32744 32744
 51777  8810  3902  1987     6    10   231  2115   320     4   160     4 32744 32744
 51777  8810  3902  1987     6    21   231  1907  2000     6   137    12 32744 32744
 51777  8810  3902  1987     6    22   231  2000  2030    90   107    11 32744 32744
 51777  8810  3902  1987     7     7   231   428  1050     9   183    12 32744 32744
 51777  8810  3902  1987     8     9   231  1631  2000     8   110     2 32744 32744
 51777  8810  3902  1987     8    10   231  2000  2035   150   103     5 32744 32744
 51777  8810  3902  1987     9     2   231  2335    20    50   110     4 32744 32744
 51777  8810  3902  1987    10     9   231   922  1015    60   130     5 32744 32744
 51777  8810  3902  1987    11    25   231   850  1505     7   133     4 32744 32744
 51804  7514  3747  1987     3    28   231  1512  1553   450   200    12 32744 32744
 51811  7716  3826  1987     4    13   231   305   406    80 32744 32744 32744 32744
 51811  7716  3826  1987     4    17   231   846   935    12 32744 32744 32744 32744
 51811  7716  3826  1987     4    22   231  2125   508    60 32744 32744 32744 32744
 51811  7716  3826  1987     4    29   231  2252  2310    40 32744 32744 32744 32744
 51811  7716  3826  1987     5     5   231  1631  1745    60 32744 32744 32744 32744
 51811  7716  3826  1987     5    21   231  1915  2000     1 32744 32744 32744 32744
 51811  7716  3826  1987     5    22   231  2000  2115   120 32744 32744 32744 32744
 51811  7716  3826  1987     6     2   231  1806  2000     4 32744 32744 32744 32744
 51811  7716  3826  1987     6     3   231  2000  2040    90 32744 32744 32744 32744
 51811  7716  3826  1987     6     7   231  1707  1748    90 32744 32744 32744 32744
 51811  7716  3826  1987     6    24   231   107   125    40 32744 32744 32744 32744
 51811  7716  3826  1987     7    26   231  2103  2141   120 32744 32744 32744 32744
 51818  7817  3737  1987     3     8   231   427   511   120 32744 32744 32744 32744
 51818  7817  3737  1987     4    23   231   149  1120     7    90    10 32744 32744
 51818  7817  3737  1987     6     2   231  1941  2000     7    70    14 32744 32744
 51818  7817  3737  1987     6     3   231  2000  2046    80    60    14 32744 32744
 51818  7817  3737  1987     6     5   231   403   444   120    80    15 32744 32744
 51818  7817  3737  1987     6     7   231  1924  2000     5    73    15 32744 32744
 51818  7817  3737  1987     6     8   231  2000  2115    80    73    16 32744 32744
 51818  7817  3737  1987     6    16   231  1853  1903   120    70     9 32744 32744
 51818  7817  3737  1987     6    17   231  2023  2056    80    80    13 32744 32744
 51818  7817  3737  1987     6    21   231  2004    56    20    73    15 32744 32744
 51818  7817  3737  1987     6    23   231  2043  2150   100    77    16 32744 32744
 51818  7817  3737  1987     7     3   231  1848  2000     6    70    10 32744 32744
 51818  7817  3737  1987     7     4   231  2000  2017   100    40    11 32744 32744
 51818  7817  3737  1987     7     6   231   311   342   100    80    14 32744 32744
 51818  7817  3737  1987     7     9   231   345   423   200    57    14 32744 32744
 51818  7817  3737  1987     7    25   231  2132  2153   150    70    11 32744 32744
 51818  7817  3737  1987     7    26   231  2305  2314   150    60    15 32744 32744
 51818  7817  3737  1987     9     9   231   227   256    60    70    16 32744 32744
 51818  7817  3737  1987    10     8   231  1908  2000     8    80    15 32744 32744
 51818  7817  3737  1987    10     9   231  2000  2007   150    50    15 32744 32744
 51828  7956  3708  1987     3     8   231   330   740    11    70    15 32744 32744
 51828  7956  3708  1987     3    23   231  1149  1537     4    73    13 32744 32744
 51828  7956  3708  1987     4     4   231   805   823    20    80    13 32744 32744
 51828  7956  3708  1987     4     7   231   210   518    15   100    14 32744 32744
 51828  7956  3708  1987     4    13   231   812   903    60    60    14 32744 32744
 51828  7956  3708  1987     4    17   231  1026  1426     4    80    14 32744 32744
 51828  7956  3708  1987     4    22   231   212  1720     2   107    13 32744 32744
 51828  7956  3708  1987     4    23   231   404   602     9    80    13 32744 32744
 51828  7956  3708  1987     4    30   231   320   545     4    70    15 32744 32744
 51828  7956  3708  1987     5     5   231  1235  1520     5    60    14 32744 32744
 51828  7956  3708  1987     5    19   231   513   602    50    73    14 32744 32744
 51828  7956  3708  1987     5    22   231  2310    23    20    73    14 32744 32744
 51828  7956  3708  1987     6     3   231  2215   202     9    80    14 32744 32744
 51828  7956  3708  1987     6     8   231  2218  2324    15   103    13 32744 32744
 51828  7956  3708  1987     6    10   231  2101  2130    80   100    14 32744 32744
 51828  7956  3708  1987     6    17   231    15    37    20    80    14 32744 32744
 51828  7956  3708  1987     6    17   231  1419  1515    20    80    14 32744 32744
 51828  7956  3708  1987     6    21   231  2334   327     2   120    13 32744 32744
 51828  7956  3708  1987     6    23   231  2351    57    10    80    14 32744 32744
 51828  7956  3708  1987     7     2   231  2008  2105    40    80    10 32744 32744
 51828  7956  3708  1987     7     6   231   542   654    12    60    13 32744 32744
 51828  7956  3708  1987     7    13   231   535   657    13    77    14 32744 32744
 51828  7956  3708  1987     7    28   231  1706  1719    80    60     3 32744 32744
 51828  7956  3708  1987     8     3   231  1926  2000     9    50    10 32744 32744
 51828  7956  3708  1987     8     4   231  2000  2015    70    60     1 32744 32744
 51828  7956  3708  1987     9     1   231   635   815     8    70    14 32744 32744
 51828  7956  3708  1987     9    21   231   512  1018    15    77    13 32744 32744
 51839  8243  3704  1987     3     4   231  1607  1728    18    67    12 32744 32744
 51839  8243  3704  1987     3     8   231   653   736     8   100    14 32744 32744
 51839  8243  3704  1987     3     8   231  1356  1820     8   100    14 32744 32744
 51839  8243  3704  1987     4     4   231   929  1234    80   110    12 32744 32744
 51839  8243  3704  1987     4     7   231   535  1228     4   107    13 32744 32744
 51839  8243  3704  1987     4    17   231   727  1428     6   100    12 32744 32744
 51839  8243  3704  1987     4    18   231   206   836     3    83    11 32744 32744
 51839  8243  3704  1987     4    18   231  1605  1645     3    83    11 32744 32744
 51839  8243  3704  1987     4    22   231   743  2000     1    93    13 32744 32744
 51839  8243  3704  1987     4    23   231  2000   115     6   107    12 32744 32744
 51839  8243  3704  1987     4    29   231   620   725     9    57    13 32744 32744
 51839  8243  3704  1987     4    30   231  2053  2110     4    70     3 32744 32744
 51839  8243  3704  1987     4    30   231   135   220     4    70     3 32744 32744
 51839  8243  3704  1987     5     2   231    44   310    12    73    13 32744 32744
 51839  8243  3704  1987     5     6   231  2128  2222    15    53    16 32744 32744
 51839  8243  3704  1987     5     7   231   607   711    12    70    12 32744 32744
 51839  8243  3704  1987     5    10   231    17   119    25    60    12 32744 32744
 51839  8243  3704  1987     5    13   231  1010  1320    10    87    12 32744 32744
 51839  8243  3704  1987     5    19   231   820  1107    40    80    12 32744 32744
 51839  8243  3704  1987     5    22   231    34   532    11    83    12 32744 32744
 51839  8243  3704  1987     5    23   231  1931  2000     2    73    10 32744 32744
 51839  8243  3704  1987     5    24   231  2000  2125   120    80    12 32744 32744
 51839  8243  3704  1987     6     3   231   213   845     8   100    12 32744 32744
 51839  8243  3704  1987     6     8   231   328   710     9    60    12 32744 32744
 51839  8243  3704  1987     6     9   231  1320  1412     9    70    16 32744 32744
 51839  8243  3704  1987     6     9   231  1713  1742     9    70    16 32744 32744
 51839  8243  3704  1987     6    17   231   649  1026     3    77    12 32744 32744
 51839  8243  3704  1987     6    17   231  1957  2000     3    77    12 32744 32744
 51839  8243  3704  1987     6    18   231  2000    45    20    93    12 32744 32744
 51839  8243  3704  1987     6    21   231   403   833     6   120    11 32744 32744
 51839  8243  3704  1987     6    23   231   525  1016     6    87    13 32744 32744
 51839  8243  3704  1987     6    24   231   944  1009    80    63    12 32744 32744
 51839  8243  3704  1987     6    30   231   621  1238     8    70    11 32744 32744
 51839  8243  3704  1987     7     6   231   835  1655     6   107    12 32744 32744
 51839  8243  3704  1987     7     8   231  1752  1904    50   110     4 32744 32744
 51839  8243  3704  1987     7    13   231   523  1445     8   103    12 32744 32744
 51839  8243  3704  1987     7    15   231  1929  1942    35    50     7 32744 32744
 51839  8243  3704  1987     7    26   231   633   718    20    70    10 32744 32744
 51839  8243  3704  1987     7    26   231  1610  1735    20    70    10 32744 32744
 51839  8243  3704  1987     8     9   231  1235  1341    12    80    12 32744 32744
 51839  8243  3704  1987     9     1   231   950  1235    10    87    13 32744 32744
 51839  8243  3704  1987     9     2   231   106   232     8    70     1 32744 32744
 51839  8243  3704  1987     9    10   231  1516  1730    40    63    10 32744 32744
 51839  8243  3704  1987     9    21   231   929  1520     6    90    13 32744 32744
 51839  8243  3704  1987     9    22   231  2015  2116    15    53    13 32744 32744
 51839  8243  3704  1987    11    20   231  1706  1836    90    77    12 32744 32744
 51839  8243  3704  1987    11    22   231  1252  1413     7    73    13 32744 32744
 51848  8339  3756  1987     3     8   231  1525  1632    10    80    12 32744 32744
 51848  8339  3756  1987     3    12   231   735   758     8    80     4 32744 32744
 51848  8339  3756  1987     3    23   231  1720  2000     8    90     3 32744 32744
 51848  8339  3756  1987     3    24   231  2000  2033    20    70     4 32744 32744
 51848  8339  3756  1987     4     8   231  2140  2000     2   100     4 32744 32744
 51848  8339  3756  1987     4     9   231  2000  2330     5    90     3 32744 32744
 51848  8339  3756  1987     4    18   231   212   220    15    90    13 32744 32744
 51848  8339  3756  1987     4    29   231  1941  2000     8    73     4 32744 32744
 51848  8339  3756  1987     4    30   231  2000   548     4   110     4 32744 32744
 51848  8339  3756  1987     5     5   231  1908  1939    12    73    16 32744 32744
 51848  8339  3756  1987     5    19   231  1215  1340    40    70    12 32744 32744
 51848  8339  3756  1987     5    22   231  1703  1712    30    73     2 32744 32744
 51848  8339  3756  1987     6     9   231  1542  2000     4    90    16 32744 32744
 51848  8339  3756  1987     6    10   231  2000  2040   100    70     1 32744 32744
 51848  8339  3756  1987     9    10   231  1905  1937    20    67     9 32744 32744
 51855  8533  3809  1987     3    18   231  2013  2027    60 32744 32744 32744 32744
 51855  8533  3809  1987     3    23   231  1545  1837    10 32744 32744 32744 32744
 51855  8533  3809  1987     4     7   231  1825  2000     4 32744 32744 32744 32744
 51855  8533  3809  1987     4     8   231  2000  2338     7 32744 32744 32744 32744
 51855  8533  3809  1987     4     8   231     8   415     7 32744 32744 32744 32744
 51855  8533  3809  1987     4     8   231  1419  2000     7 32744 32744 32744 32744
 51855  8533  3809  1987     4     9   231  2000  2214    12 32744 32744 32744 32744
 51855  8533  3809  1987     4    23   231    24   215     4 32744 32744 32744 32744
 51855  8533  3809  1987     4    29   231  1826  2000     3 32744 32744 32744 32744
 51855  8533  3809  1987     4    30   231  2000   224     7 32744 32744 32744 32744
 51855  8533  3809  1987     5    13   231  1720  1825    12 32744 32744 32744 32744
 51855  8533  3809  1987     5    19   231  1215  1413     5 32744 32744 32744 32744
 51855  8533  3809  1987     5    27   231     7    41    20 32744 32744 32744 32744
 51855  8533  3809  1987     6     3   231   720  1135     4 32744 32744 32744 32744
 51855  8533  3809  1987     6     9   231  1946  2000     7 32744 32744 32744 32744
 51855  8533  3809  1987     6    10   231  2000  2037    20 32744 32744 32744 32744
 51855  8533  3809  1987     6    18   231   225   240     4 32744 32744 32744 32744
 51855  8533  3809  1987     6    18   231  1702  2000     4 32744 32744 32744 32744
 51855  8533  3809  1987     6    19   231  2000  2125    30 32744 32744 32744 32744
 51855  8533  3809  1987     6    21   231   917  1240    20 32744 32744 32744 32744
 51855  8533  3809  1987     7     7   231  2217  2309    12 32744 32744 32744 32744
 51855  8533  3809  1987    10    16   231  2238  2315   120 32744 32744 32744 32744
 51886  9013  3821  1987     1     5   231  1643  1732   150   170    15 32744 32744
 51886  9013  3821  1987     3    31   231  1355  1727     6   190    15 32744 32744
 51886  9013  3821  1987     5    30   231  1333  1334   110   137    14 32744 32744
 51931  8139  3651  1987     3     4   231  1430  1518    40    80    14 32744 32744
 51931  8139  3651  1987     3     8   231   511   645    15   100     9 32744 32744
 51931  8139  3651  1987     3     8   231  1421  1738    15   100     9 32744 32744
 51931  8139  3651  1987     3    14   231  1152  1209     6    63     8 32744 32744
 51931  8139  3651  1987     4     7   231   520   610    30    70    13 32744 32744
 51931  8139  3651  1987     4    17   231  1108  1440     9    80    13 32744 32744
 51931  8139  3651  1987     4    18   231  2139  2300    80   100     9 32744 32744
 51931  8139  3651  1987     4    18   231   328   615    80   100     9 32744 32744
 51931  8139  3651  1987     4    22   231  1332  1939     6    97    14 32744 32744
 51931  8139  3651  1987     4    23   231  2004  2237    20    90    13 32744 32744
 51931  8139  3651  1987     4    23   231   736   743    20    90    13 32744 32744
 51931  8139  3651  1987     5     5   231  1531  1540    25    67    14 32744 32744
 51931  8139  3651  1987     5    17   231  1620  1627    60   103    14 32744 32744
 51931  8139  3651  1987     5    18   231  2008  2036    80    80     7 32744 32744
 51931  8139  3651  1987     5    22   231   311   506    40    73    13 32744 32744
 51931  8139  3651  1987     5    23   231  1636  1815    60   117    14 32744 32744
 51931  8139  3651  1987     6     3   231   223   502    30   107    14 32744 32744
 51931  8139  3651  1987     6    21   231   231   625     9   113    13 32744 32744
 51931  8139  3651  1987     7    15   231  2032  2041    25    40    10 32744 32744
 51931  8139  3651  1987     7    26   231  2153  2214    20    77    14 32744 32744
 51931  8139  3651  1987     7    26   231   432   518    20    77    14 32744 32744
 51931  8139  3651  1987     8    11   231     7    14   120    47     1 32744 32744
 51931  8139  3651  1987     9     9   231   910   935    20    60    14 32744 32744
 52101  9300  4336  1987     4    15   231  1419  1745    90 32744 32744 32744 32744
 52203  9331  4249  1987     3    22   231  1710  1739   300   120    14 32744 32744
 52203  9331  4249  1987     4     7   231  1602  2000     8   107     2 32744 32744
 52203  9331  4249  1987     4     8   231  2000  2010   250    93     3 32744 32744
 52203  9331  4249  1987     4    23   231   330   545    60   117     3 32744 32744
 52203  9331  4249  1987     5    14   231  1303  1322   200   110    13 32744 32744
 52203  9331  4249  1987     5    27   231  2030  2035   250    80    13 32744 32744
 52203  9331  4249  1987     9    27   231   440   448   350    73    16 32744 32744
 52267 10104  4157  1987     1    10   231  1954  1958     4   120    14 32744 32744
 52267 10104  4157  1987     4    14   231  1448  1450   300    77    12 32744 32744
 52267 10104  4157  1987     5    17   231  1516  1849   110   173    14 32744 32744
 52267 10104  4157  1987     5    27   231  1839  1859   200   163    14 32744 32744
 52267 10104  4157  1987     7     5   231  1740  1748   300   117    16 32744 32744
 52267 10104  4157  1987     7     8   231  1109  1123    80   170    15 32744 32744
 52267 10104  4157  1987    10    17   231  1107  1330    15   150    13 32744 32744
 52323  9702  4148  1987     5    14   231  1328  1332   600   170    13 32744 32744
 52378 10222  4122  1987     1     6   231  1032  1121    40   180    13 32744 32744
 52378 10222  4122  1987     2    17   231  2320  2325    80   150     5 32744 32744
 52378 10222  4122  1987     2    21   231  1207  1641     8   157    13 32744 32744
 52378 10222  4122  1987     3    16   231   920   927    30   143    15 32744 32744
 52378 10222  4122  1987     3    29   231  1303  1435    20   140    14 32744 32744
 52378 10222  4122  1987     4     8   231    20    53    30   140    13 32744 32744
 52378 10222  4122  1987     4    21   231  2201  2240   300   153    16 32744 32744
 52378 10222  4122  1987     4    23   231  1836  1936    15   167    15 32744 32744
 52378 10222  4122  1987     4    29   231  1237  1332    12   137    16 32744 32744
 52378 10222  4122  1987     4    29   231  1811  1902    12   137    16 32744 32744
 52378 10222  4122  1987     5     7   231  1102  1830     3   180    14 32744 32744
 52378 10222  4122  1987     5    14   231  1407  1906    20   187    16 32744 32744
 52378 10222  4122  1987     5    15   231  1147  1149   150   133    14 32744 32744
 52378 10222  4122  1987     5    17   231  1122  2000     0   213    14 32744 32744
 52378 10222  4122  1987     5    18   231  2000  2158    60   157    14 32744 32744
 52378 10222  4122  1987     5    21   231  1544  1653    35   150    13 32744 32744
 52378 10222  4122  1987     5    29   231   932   940    80   150    15 32744 32744
 52378 10222  4122  1987     5    29   231  1501  1506    80   150    15 32744 32744
 52378 10222  4122  1987     5    31   231  1648  1652   150   133    12 32744 32744
 52378 10222  4122  1987     6     2   231    15   335     3   160     5 32744 32744
 52378 10222  4122  1987     6     4   231  2130  2157    20   133    15 32744 32744
 52378 10222  4122  1987     6    19   231  1035  1435    30   163     7 32744 32744
 52378 10222  4122  1987     6    27   231  1402  1741   180   160    14 32744 32744
 52378 10222  4122  1987     6    28   231  1252  1731     7   180    14 32744 32744
 52378 10222  4122  1987     7     3   231  1251  1357     3   153    14 32744 32744
 52378 10222  4122  1987     7     8   231  1054  1520     0   163    14 32744 32744
 52378 10222  4122  1987     7    11   231  1625  1658   400   130     3 32744 32744
 52378 10222  4122  1987     7    14   231  2103     4   200   150     5 32744 32744
 52378 10222  4122  1987     7    20   231  1214  1625    70   143    13 32744 32744
 52378 10222  4122  1987     8    16   231  1508  1537     1   160    12 32744 32744
 52378 10222  4122  1987     8    16   231  1903  2000     1   160    12 32744 32744
 52378 10222  4122  1987     8    17   231  2000  2028   180   167    12 32744 32744
 52378 10222  4122  1987     8    23   231   129   134   150   163    16 32744 32744
 52378 10222  4122  1987     9    11   231  1646  1742    50   147    14 32744 32744
 52378 10222  4122  1987    10    11   231   407  1720     1   213     5 32744 32744
 52378 10222  4122  1987    10    12   231   104   220     6   147     5 32744 32744
 52378 10222  4122  1987    10    17   231  1010  1729     2   187    13 32744 32744
 52378 10222  4122  1987    11    17   231  1118  1321    40   170    13 32744 32744
 52418  9441  4009  1987     2     1   231  1422  1718    16   107     4 32744 32744
 52418  9441  4009  1987     2    16   231  1239  1445     8   113     3 32744 32744
 52418  9441  4009  1987     4     8   231  2045  2217    60   110     3 32744 32744
 52418  9441  4009  1987     4    29   231  1641  2000     7   103    16 32744 32744
 52418  9441  4009  1987     4    30   231  2000  2015    70    63    16 32744 32744
 52418  9441  4009  1987     6     3   231  1806  2000     4   110    16 32744 32744
 52418  9441  4009  1987     6     4   231  2000  2105   100   100    16 32744 32744
 52418  9441  4009  1987     7     7   231  1615  1712    80   137    13 32744 32744
 52418  9441  4009  1987     7    27   231  1849  1957     9   117    13 32744 32744
 52418  9441  4009  1987     8     9   231  1851  2000     4   110     1 32744 32744
 52418  9441  4009  1987     8    10   231  2000  2136    80   113    16 32744 32744
 52424  9546  4032  1987     6    23   231  2027  2225    40    93    12 32744 32744
 52424  9546  4032  1987     7     7   231  1908  2000     4   103    12 32744 32744
 52424  9546  4032  1987     7     8   231  2000  2025   150   123     1 32744 32744
 52424  9546  4032  1987     7    27   231  1940  2000     8    87    10 32744 32744
 52424  9546  4032  1987     7    28   231  2000  2148   150   127    12 32744 32744
 52424  9546  4032  1987     8    10   231  2147  2215   300   120    16 32744 32744
 52436  9702  4016  1987     3    15   231  1924  2000     7   143    14 32744 32744
 52436  9702  4016  1987     3    16   231  2000  2005   120   110    14 32744 32744
 52436  9702  4016  1987     7     8   231  2010  2110   150   140    12 32744 32744
 52436  9702  4016  1987     8    10   231  2307    35    30   167    12 32744 32744
 52441  9837  4043  1987     5    14   231  1547  1841   400   200    14 32744 32744
 52441  9837  4043  1987     5    27   231  1522  1537    80   200    15 32744 32744
 52441  9837  4043  1987    10    16   231  1602  1602   250   190    13 32744 32744
 52446  9931  4018  1987     1     5   231  1752  2000     3   170    13 32744 32744
 52446  9931  4018  1987     1     6   231  2000  2147    90   180    14 32744 32744
 52446  9931  4018  1987     1     6   231   341   440    90   180    14 32744 32744
 52446  9931  4018  1987     1    10   231  1220  1525     7   130    13 32744 32744
 52446  9931  4018  1987     1    14   231  1848  2000     4   120    13 32744 32744
 52446  9931  4018  1987     1    15   231  2000  2040   400   110    13 32744 32744
 52446  9931  4018  1987     2    20   231  1835  1910    20   100    13 32744 32744
 52446  9931  4018  1987     2    21   231  1316  1721     7   150    13 32744 32744
 52446  9931  4018  1987     2    22   231  1730  1940    15   123    12 32744 32744
 52446  9931  4018  1987     3    15   231  1713  1930    15   163    14 32744 32744
 52446  9931  4018  1987     3    27   231  1903  2000     8   100    12 32744 32744
 52446  9931  4018  1987     3    28   231  2000  2110   150    83    14 32744 32744
 52446  9931  4018  1987     5    14   231  1725  1733    80   147    14 32744 32744
 52446  9931  4018  1987     5    27   231  1643  1740   120   163    16 32744 32744
 52446  9931  4018  1987     6     4   231  2218    28   120   150    16 32744 32744
 52446  9931  4018  1987     6     7   231  2346     3   120   113    16 32744 32744
 52446  9931  4018  1987    10    16   231  1743  1840   350   123    13 32744 32744
 52446  9931  4018  1987    10    17   231  1203  1448     6   193    13 32744 32744
 52446  9931  4018  1987    12     6   231  1249  1340    10   110    12 32744 32744
 52446  9931  4018  1987    12     8   231  1412  1810    10   120    12 32744 32744
 52495 10430  4045  1987     1     6   231  1202  1214    80   160    14 32744 32744
 52495 10430  4045  1987     3    16   231   959  1405     7   163    14 32744 32744
 52495 10430  4045  1987     5     7   231  1726  2000     3   163    14 32744 32744
 52495 10430  4045  1987     5     8   231  2000  2056   180   187    13 32744 32744
 52495 10430  4045  1987     5    17   231  1322  1714    60   140    13 32744 32744
 52495 10430  4045  1987     5    18   231  2214  2353    70   143    14 32744 32744
 52495 10430  4045  1987     5    20   231  1642  1644   400   113     6 32744 32744
 52495 10430  4045  1987     5    29   231  1516  1525    80   140    15 32744 32744
 52495 10430  4045  1987     7     4   231  1449  1458   160   120    14 32744 32744
 52495 10430  4045  1987     7     6   231  2031  2043   250   110     9 32744 32744
 52495 10430  4045  1987     7    11   231  1800  1850   130   207    16 32744 32744
 52495 10430  4045  1987     7    31   231  1425  1505   400   180    16 32744 32744
 52495 10430  4045  1987     8    16   231  1950  1959     8   103    13 32744 32744
 52495 10430  4045  1987     9     4   231  1542  1626   400   177    14 32744 32744
 52495 10430  4045  1987    12     4   231  1010  1158    50   150    13 32744 32744
 52533  9829  3946  1987     2    21   231  1612  1707   150    97    16 32744 32744
 52533  9829  3946  1987     5    15   231   539   550   150   163    14 32744 32744
 52533  9829  3946  1987     5    20   231  1528  1704    60   173    14 32744 32744
 52533  9829  3946  1987     5    27   231  1754  1824   110   147    14 32744 32744
 52533  9829  3946  1987     8    10   231    52   202     9   110    16 32744 32744
 52546  9950  3922  1987     3     8   231  1655  1812   100   113    15 32744 32744
 52546  9950  3922  1987     3    20   231   828   925    35    87     3 32744 32744
 52546  9950  3922  1987     4    11   231  1423  2000     9   123     4 32744 32744
 52546  9950  3922  1987     4    12   231  2000  2020   110    90     4 32744 32744
 52546  9950  3922  1987     5     7   231    10   321     2   107    12 32744 32744
 52546  9950  3922  1987     5    20   231  1724  1833   100   150    13 32744 32744
 52546  9950  3922  1987     5    27   231  1950  2000    90    97    13 32744 32744
 52546  9950  3922  1987     7     8   231    10    43    30   137    14 32744 32744
 52546  9950  3922  1987     8    10   231   308   327   150   107    14 32744 32744
 52546  9950  3922  1987     8    17   231  1416  1434    60   103    13 32744 32744
 52546  9950  3922  1987     9     7   231  1756  1808   450   110    14 32744 32744
 52546  9950  3922  1987    10    16   231  1635  1738    40    70    14 32744 32744
 52546  9950  3922  1987    10    17   231  1625  1750    20   127    14 32744 32744
 52576 10141  3913  1987     3    20   231   735  1030     7   167     7 32744 32744
 52576 10141  3913  1987     5     7   231  1627  1809    90   150    14 32744 32744
 52576 10141  3913  1987     6    19   231  1309  1624     8   170     7 32744 32744
 52576 10141  3913  1987     8    17   231  1620  1640   300   150    14 32744 32744
 52576 10141  3913  1987    10    17   231  1620  1915    15   137    14 32744 32744
 52602  9323  3850  1987     6     6   231  1533  1540   150   180    11 32744 32744
 52602  9323  3850  1987     8    26   231  2002  2026   300   230    14 32744 32744
 52633  9825  3848  1987     3     2   231  1707  1840   250   210    15 32744 32744
 52633  9825  3848  1987     4     4   231  1629  1708   200   160    15 32744 32744
 52652 10026  3856  1987     1    21   231  1048  1120   150    97    15 32744 32744
 52652 10026  3856  1987     3     8   231  1720  1911    30   147    15 32744 32744
 52652 10026  3856  1987     4     1   231  2220  2242    50   110    14 32744 32744
 52652 10026  3856  1987     5    20   231  1820  1853   180   100    16 32744 32744
 52652 10026  3856  1987     5    28   231  2046  2114   110   117    14 32744 32744
 52652 10026  3856  1987     7     8   231    59   258     3   120    15 32744 32744
 52652 10026  3856  1987     8     5   231  2047  2055   400    83    14 32744 32744
 52652 10026  3856  1987     8    10   231   319   437    80    90    14 32744 32744
 52652 10026  3856  1987     8    17   231  1514  1525   150    73    14 32744 32744
 52652 10026  3856  1987    10     9   231  1550  1640   250   110    16 32744 32744
 52652 10026  3856  1987    10    28   231  2102  2127   110   107    14 32744 32744
 52661 10105  3848  1987     3     8   231  1934  2000     8    80     5 32744 32744
 52661 10105  3848  1987     3     9   231  2000  2115    60    83    12 32744 32744
 52674 10158  3814  1987     3    22   231  1025  1043    20   107    14 32744 32744
 52674 10158  3814  1987    10     9   231  1902  1930    35   127    14 32744 32744
 52674 10158  3814  1987    12     4   231  1151  1425     6   190    14 32744 32744
 52674 10158  3814  1987    12    29   231  2045  2116    19   180    13 32744 32744
 52674 10158  3814  1987    12    31   231   142   310     8   160    14 32744 32744
 52679 10240  3755  1987     3    16   231  1044  1310    50   130    16 32744 32744
 52681 10305  3838  1987     1     1   231  1805  1925    14   107    14 32744 32744
 52681 10305  3838  1987     1     6   231   148  1740     2   200    14 32744 32744
 52681 10305  3838  1987     1    10   231  1323  1840     4   130    15 32744 32744
 52681 10305  3838  1987     3     5   231   857   924   200   113    14 32744 32744
 52681 10305  3838  1987     3     9   231    31   224     8   103    14 32744 32744
 52681 10305  3838  1987     3    16   231  1101  1838    19   150    14 32744 32744
 52681 10305  3838  1987     3    20   231   703   813     8    80     4 32744 32744
 52681 10305  3838  1987     4     8   231   822  1148    40   150    14 32744 32744
 52681 10305  3838  1987     4    20   231  1920  2000     7   110    14 32744 32744
 52681 10305  3838  1987     4    21   231  2000  2030     6   150    14 32744 32744
 52681 10305  3838  1987     4    21   231    27   505     6   150    14 32744 32744
 52681 10305  3838  1987     4    23   231  1103  1233    18   117     6 32744 32744
 52681 10305  3838  1987     4    24   231     4   601     9   140    14 32744 32744
 52681 10305  3838  1987     5     7   231   903  1012     6   197    14 32744 32744
 52681 10305  3838  1987     5     7   231  1802  2000     6   197    14 32744 32744
 52681 10305  3838  1987     5     8   231  2000  2025   300   140    15 32744 32744
 52681 10305  3838  1987     5    15   231   920  1830     3   160    16 32744 32744
 52681 10305  3838  1987     5    17   231  1330  1544     7   150    14 32744 32744
 52681 10305  3838  1987     5    20   231  1933  2000     9    77    15 32744 32744
 52681 10305  3838  1987     5    21   231  2000  2322   120   120    14 32744 32744
 52681 10305  3838  1987     5    28   231    34   245     8   137    14 32744 32744
 52681 10305  3838  1987     5    29   231  1202  1213    60   117    14 32744 32744
 52681 10305  3838  1987     5    31   231  1508  1832   300   113    14 32744 32744
 52681 10305  3838  1987     6     9   231  1521  1545   300    83     5 32744 32744
 52681 10305  3838  1987     6    20   231  2324   130    11   100     7 32744 32744
 52681 10305  3838  1987     7     8   231   651   802     9   100    14 32744 32744
 52681 10305  3838  1987     7    19   231  1103  1240   300   110    14 32744 32744
 52681 10305  3838  1987     7    24   231  1520  1537   300   123    14 32744 32744
 52681 10305  3838  1987     7    31   231   909  1140   300   130    14 32744 32744
 52681 10305  3838  1987     8    10   231   842  1020    18   130    14 32744 32744
 52681 10305  3838  1987     8    10   231  1906  1930    18   130    14 32744 32744
 52681 10305  3838  1987     8    12   231  1946  2000     7   133    14 32744 32744
 52681 10305  3838  1987     8    13   231  2000  2010   300   147    16 32744 32744
 52681 10305  3838  1987     8    17   231  1803  1835   200   143    14 32744 32744
 52681 10305  3838  1987     8    21   231  2025  2035   200   120    11 32744 32744
 52681 10305  3838  1987     8    21   231  1634  1643   200   120    11 32744 32744
 52681 10305  3838  1987     9    10   231  1216  1404     8   110     6 32744 32744
 52681 10305  3838  1987    10    17   231  1839  2000     7   140    14 32744 32744
 52681 10305  3838  1987    10    18   231  2000  2120   200    90    14 32744 32744
 52681 10305  3838  1987    12     4   231  1107  1210    70   147    14 32744 32744
 52681 10305  3838  1987    12    24   231   605   725    20   120    14 32744 32744
 52707  9341  3648  1987     4    18   231  1755  2000     9   130    15 32744 32744
 52707  9341  3648  1987     4    19   231  2000  2008    70   133    14 32744 32744
 52707  9341  3648  1987     4    23   231   613  1220     7   170    14 32744 32744
 52707  9341  3648  1987     5     7   231  2137  2330    60   200    14 32744 32744
 52707  9341  3648  1987     6     6   231  1701  1855   150   183    15 32744 32744
 52707  9341  3648  1987     7     7   231  1849  1950     9   150    16 32744 32744
 52707  9341  3648  1987     7    15   231   945  1017    80   177    14 32744 32744
 52754 10008  3720  1987     1    15   231  1315  1710     7   160    13 32744 32744
 52754 10008  3720  1987     1    25   231  1215  1235   150   120    12 32744 32744
 52754 10008  3720  1987     2     5   231  1404  1407   100   140    13 32744 32744
 52754 10008  3720  1987     2    24   231  1334  1620     7   183    14 32744 32744
 52754 10008  3720  1987     3     2   231  1601  1715   150   137    13 32744 32744
 52754 10008  3720  1987     3    12   231  1220  1430     9   157    13 32744 32744
 52754 10008  3720  1987     3    23   231  1420  1420   150   127    15 32744 32744
 52754 10008  3720  1987     4     9   231  1834  1841    70   117     5 32744 32744
 52754 10008  3720  1987    11    20   231  1325  1420     7   143    12 32744 32744
 52754 10008  3720  1987    12    28   231  1422  1735   150   157    13 32744 32744
 52765 10137  3723  1987     1    15   231  1350  1430     5   160    12 32744 32744
 52765 10137  3723  1987     2     5   231  1747  1750   150    90    12 32744 32744
 52765 10137  3723  1987     2    24   231  1548  1650   300   140    15 32744 32744
 52765 10137  3723  1987     3     2   231  1719  1720   200   113    13 32744 32744
 52765 10137  3723  1987     3    18   231  1521  1526   120   120    15 32744 32744
 52765 10137  3723  1987     3    19   231  1423  1424   200   130    11 32744 32744
 52765 10137  3723  1987     3    21   231  1533  1540   150   130    16 32744 32744
 52765 10137  3723  1987    11    20   231  1433  1445   300   123    13 32744 32744
 52765 10137  3723  1987    12    28   231  1425  1538   200   137    13 32744 32744
 52788 10330  3707  1987     3    16   231  1140  1616     5   183    16 32744 32744
 52788 10330  3707  1987     3    19   231  1807  1906    40   160    16 32744 32744
 52797 10403  3711  1987     3    16   231  1215  1610     9    90    16 32744 32744
 52797 10403  3711  1987     3    19   231  1751  1902    18    97     2 32744 32744
 52797 10403  3711  1987     4    19   231   945  1012   120   103    16 32744 32744
 52797 10403  3711  1987     4    21   231  1315  1503     7   110    16 32744 32744
 52797 10403  3711  1987     5     8   231  2015  2308    70    90    14 32744 32744
 52797 10403  3711  1987     5    15   231  1406  1740    70   110     1 32744 32744
 52797 10403  3711  1987     5    23   231  1749  2000     9   110     1 32744 32744
 52797 10403  3711  1987     5    24   231  2000  2035   120    90    16 32744 32744
 52797 10403  3711  1987     8    31   231  1605  1607   500    63     2 32744 32744
 52818  9454  3625  1987     2    13   231  1433  1530    80   110    14 32744 32744
 52818  9454  3625  1987     3     8   231  2320  2331   100    80    14 32744 32744
 52818  9454  3625  1987     4     8   231  1131  1134    70   100    13 32744 32744
 52818  9454  3625  1987     4    18   231  1919  2000     7   117    14 32744 32744
 52818  9454  3625  1987     4    19   231  2000  2109    70   110    12 32744 32744
 52818  9454  3625  1987     4    23   231   810  1211    40   130    13 32744 32744
 52818  9454  3625  1987     5     1   231  2304  2320   110   140    13 32744 32744
 52818  9454  3625  1987     5     7   231  2318   112    80   150    13 32744 32744
 52818  9454  3625  1987     6     6   231  1628  1630   150   127    14 32744 32744
 52818  9454  3625  1987     7     8   231  2120  2129   120   120    12 32744 32744
 52818  9454  3625  1987     7    28   231  2255    20   150   153    13 32744 32744
 52818  9454  3625  1987     8    20   231    55   120    12   130    13 32744 32744
 52818  9454  3625  1987     9     1   231  1641  1642   120   100    13 32744 32744
 52825  9625  3626  1987     3     8   231    49   215     8   160    12 32744 32744
 52825  9625  3626  1987     4    19   231   247   415   100   160    13 32744 32744
 52836  9806  3618  1987     5    10   231  1753  1804   400   140    13 32744 32744
 52836  9806  3618  1987     5    30   231  1920  1927    50   100    12 32744 32744
 52836  9806  3618  1987     8     1   231  1438  1447   400   100    13 32744 32744
 52836  9806  3618  1987     9     2   231  2023  2027    80    83    11 32744 32744
 52856 10037  3616  1987     2    24   231  1438  1606   200   130    14 32744 32744
 52895 10441  3634  1987     3    16   231  1608  1745    50    90     8 32744 32744
 52895 10441  3634  1987     3    19   231  1806  2000     9    87     3 32744 32744
 52895 10441  3634  1987     3    20   231  2000  2040    40    90     3 32744 32744
 52895 10441  3634  1987     4    16   231  1449  1459   120   113    15 32744 32744
 52895 10441  3634  1987     5    15   231  1620  1740   110    87     2 32744 32744
 52908  9305  3513  1987     1    15   231  1443  1655    80   180    13 32744 32744
 52908  9305  3513  1987     1    16   231  1440  1705    80   170    13 32744 32744
 52908  9305  3513  1987     1    18   231  1415  1536    80    20    13 32744 32744
 52908  9305  3513  1987     1    19   231  1548  1803   200   187    14 32744 32744
 52908  9305  3513  1987     1    20   231  1305  1719    70   207    13 32744 32744
 52908  9305  3513  1987     1    21   231  1315  1827     8   210    13 32744 32744
 52908  9305  3513  1987     1    22   231  1327  2000     8   227    13 32744 32744
 52908  9305  3513  1987     1    23   231  2000  2011   150   180    13 32744 32744
 52908  9305  3513  1987     1    23   231  1420  1722   150   180    13 32744 32744
 52908  9305  3513  1987     1    24   231  1206  1745     8   203    13 32744 32744
 52908  9305  3513  1987     2     7   231  1450  1523    70   200    13 32744 32744
 52908  9305  3513  1987     2     8   231  1438  1507   150   183    13 32744 32744
 52908  9305  3513  1987     2    10   231  1450  1557   150   210    14 32744 32744
 52908  9305  3513  1987     2    13   231  1215  1720     8   267    13 32744 32744
 52908  9305  3513  1987     2    15   231  1335  1805    70   213    13 32744 32744
 52908  9305  3513  1987     2    16   231  1322  1814    80   217    12 32744 32744
 52908  9305  3513  1987     2    18   231  1204  1541   120   230    13 32744 32744
 52908  9305  3513  1987     2    20   231  1405  1638   120   230    14 32744 32744
 52908  9305  3513  1987     3     5   231  1423  1607   150   210    14 32744 32744
 52908  9305  3513  1987     3    22   231  1554  1818    80   247    13 32744 32744
 52908  9305  3513  1987     3    23   231  1534  1541   200   203    13 32744 32744
 52908  9305  3513  1987     3    25   231  1512  1604    80   213    13 32744 32744
 52908  9305  3513  1987     3    26   231  1415  1540   150   203    13 32744 32744
 52908  9305  3513  1987     3    28   231  1424  1539   150   207    13 32744 32744
 52908  9305  3513  1987     3    31   231  1520  1854    80   203    12 32744 32744
 52908  9305  3513  1987     4    18   231  1604  1606   300   180    13 32744 32744
 52908  9305  3513  1987     5    30   231  1637  1713   200   220    16 32744 32744
 52908  9305  3513  1987    11     1   231   537  1115     9   200    13 32744 32744
 52908  9305  3513  1987    11    13   231  1232  1317    50   177    13 32744 32744
 52908  9305  3513  1987    11    24   231  1410  1850    50   217    14 32744 32744
 52908  9305  3513  1987    11    25   231  1227  1537     8   217    13 32744 32744
 52908  9305  3513  1987    12     1   231  1305  1630     8   197    14 32744 32744
 52908  9305  3513  1987    12     2   231  1213  1720     5   250    14 32744 32744
 52908  9305  3513  1987    12     3   231  1141  1809     6   237    14 32744 32744
 52908  9305  3513  1987    12     4   231  1318  1430    50   203    14 32744 32744
 52943  9959  3535  1987     1    15   231  1435  1731   300   167    14 32744 32744
 52943  9959  3535  1987     1    20   231  1516  1650   190   143    12 32744 32744
 52943  9959  3535  1987     1    21   231  1458  1537   200   190    12 32744 32744
 52943  9959  3535  1987     1    25   231  1257  1456     4   160    13 32744 32744
 52943  9959  3535  1987     1    30   231  1336  1337   500   127    13 32744 32744
 52943  9959  3535  1987     2    11   231  1146  1207   250   157    13 32744 32744
 52943  9959  3535  1987     2    12   231  1513  1622   500   163    14 32744 32744
 52943  9959  3535  1987     2    13   231  1640  1641   300   143    12 32744 32744
 52943  9959  3535  1987     2    15   231  1703  1737   200   160    12 32744 32744
 52943  9959  3535  1987     2    16   231  1734  1744   300   150    14 32744 32744
 52943  9959  3535  1987     2    18   231  1418  1824   150   180    13 32744 32744
 52943  9959  3535  1987     2    21   231  1244  1355     8   160    13 32744 32744
 52943  9959  3535  1987     2    23   231  1404  1734   500   150    15 32744 32744
 52943  9959  3535  1987     2    24   231  1316  1727     2   180    14 32744 32744
 52943  9959  3535  1987     3     2   231  1551  1554   400   133    12 32744 32744
 52943  9959  3535  1987     3     5   231  1355  1540     6   193    13 32744 32744
 52943  9959  3535  1987     3     6   231  1311  1740   300   170    14 32744 32744
 52943  9959  3535  1987     3     9   231  1342  1451   300   137    13 32744 32744
 52943  9959  3535  1987     3    10   231  1448  1709   450   150    12 32744 32744
 52943  9959  3535  1987     3    12   231  1232  1727     7   153    14 32744 32744
 52943  9959  3535  1987     3    13   231  1421  1558   450   157    13 32744 32744
 52943  9959  3535  1987     3    14   231  1345  1628     7   183    13 32744 32744
 52943  9959  3535  1987     3    15   231  1512  1733   450   160    14 32744 32744
 52943  9959  3535  1987     3    16   231  1134  1416   300   160    15 32744 32744
 52943  9959  3535  1987     3    18   231  1551  1641    80   160    15 32744 32744
 52943  9959  3535  1987     3    19   231  1306  1458   500   170    14 32744 32744
 52943  9959  3535  1987     3    22   231  1325  1339   250   150    12 32744 32744
 52943  9959  3535  1987     3    22   231  1733  1734   250   150    12 32744 32744
 52943  9959  3535  1987     3    23   231  1103  1326   250   157    14 32744 32744
 52943  9959  3535  1987     3    25   231  1437  1812   350   170    15 32744 32744
 52943  9959  3535  1987     3    26   231  1418  1548   400   183    13 32744 32744
 52943  9959  3535  1987     3    28   231  1345  1550     4   160    14 32744 32744
 52943  9959  3535  1987     3    31   231  1556  1629   100   160    14 32744 32744
 52943  9959  3535  1987     4     1   231  1146  1817   200   180    15 32744 32744
 52943  9959  3535  1987    11    25   231  1400  1623   450   190    12 32744 32744
 52943  9959  3535  1987    12     8   231  1352  1547     8 32744 32744 32744 32744
 52943  9959  3535  1987    12     9   231  1412  1601   500 32744 32744 32744 32744
 52943  9959  3535  1987    12    10   231  1516  1603   500   193    14 32744 32744
 52943  9959  3535  1987    12    11   231  1310  1501     8   180    15 32744 32744
 52943  9959  3535  1987    12    24   231  1452  1453   400   140    13 32744 32744
 52943  9959  3535  1987    12    28   231   410   532   500   150    14 32744 32744
 52943  9959  3535  1987    12    30   231  1632  1822   400   153    11 32744 32744
 52957 10039  3516  1987     1    20   231  1513  1636   200   247    12 32744 32744
 52957 10039  3516  1987     2    18   231  1619  1704   150   180    12 32744 32744
 52957 10039  3516  1987     2    24   231  1436  1602   150   170    15 32744 32744
 52957 10039  3516  1987     3    25   231  1545  1611   200   190    14 32744 32744
 52957 10039  3516  1987     4     8   231  1801  1853    40   170    16 32744 32744
 52968 10128  3502  1987     2    18   231  1523  1525   350   130    12 32744 32744
 52968 10128  3502  1987     2    24   231  1440  1445   100   180    13 32744 32744
 52968 10128  3502  1987     3    25   231  1421  1425    70   167    14 32744 32744
 52993 10505  3541  1987     5    15   231  1827  1846    12   150    14 32744 32744
 53068 11158  4339  1987     3    19   231  1634  1742    17   223    14 32744 32744
 53068 11158  4339  1987     4    22   231  1311  1440     8   177    13 32744 32744
 53068 11158  4339  1987     4    29   231  1801  1815    15   210    14 32744 32744
 53083 11409  4437  1987     4    29   231  1930  2000     9   193    11 32744 32744
 53083 11409  4437  1987     4    30   231  2000  2019   100   147    15 32744 32744
 53083 11409  4437  1987     5    18   231  1209  1221   180   207    14 32744 32744
 53083 11409  4437  1987     6     2   231  2023  2227   200   160    16 32744 32744
 53149 11008  4232  1987     3    19   231  1507  1836   120   187    15 32744 32744
 53149 11008  4232  1987     4    29   231  1601  1642   100   193    12 32744 32744
 53149 11008  4232  1987     5     8   231   501   615   150   150    12 32744 32744
 53149 11008  4232  1987     5    17   231  1637  1710   500   157    13 32744 32744
 53149 11008  4232  1987     7    19   231  1645  1652   600   160    15 32744 32744
 53149 11008  4232  1987    11    17   231  1217  1310    20   177    13 32744 32744
 53149 11008  4232  1987    11    17   231  1638  1650    20   177    13 32744 32744
 53192 11457  4401  1987     4    29   231  1555  1726    80   167    12 32744 32744
 53192 11457  4401  1987     4    30   231  2041  2112   250   153    14 32744 32744
 53192 11457  4401  1987     5     5   231  1518  1518   300   107    14 32744 32744
 53192 11457  4401  1987     5    14   231  1402  1406   200   150    12 32744 32744
 53192 11457  4401  1987     5    15   231  1602  1703    90   160     2 32744 32744
 53192 11457  4401  1987     5    18   231  1231  1507     4   220    14 32744 32744
 53192 11457  4401  1987    11    15   231  1021  1025   210   197    12 32744 32744
 53195 11343  4350  1987     5     8   231   807  1016    50   170    13 32744 32744
 53195 11343  4350  1987    11    25   231  1721  1753    60   167     4 32744 32744
 53231 10624  4124  1987     2    21   231  1416  1557    80   157    12 32744 32744
 53231 10624  4124  1987     3     7   231  1919  2000     7   157     2 32744 32744
 53231 10624  4124  1987     3     8   231  2000  2019   150   150     3 32744 32744
 53231 10624  4124  1987     3    19   231  1402  2000     7   153     2 32744 32744
 53231 10624  4124  1987     3    20   231  2000  2025   300   150     2 32744 32744
 53231 10624  4124  1987     3    29   231  1002  1843     4   180     2 32744 32744
 53231 10624  4124  1987     4     7   231  1152  1448     9   180    10 32744 32744
 53231 10624  4124  1987     4    29   231  1610  1820    70   170    12 32744 32744
 53231 10624  4124  1987     5     7   231   831  1022     2   177    12 32744 32744
 53231 10624  4124  1987     5     7   231  1830  2000     2   177    12 32744 32744
 53231 10624  4124  1987     5     8   231  2000  2310   150   190    12 32744 32744
 53231 10624  4124  1987     5    14   231  1613  1914    20   180    13 32744 32744
 53231 10624  4124  1987     5    17   231  1605  1833    60   180    13 32744 32744
 53231 10624  4124  1987     6    21   231   515   805     8   200     8 32744 32744
 53231 10624  4124  1987     6    27   231  1310  1443     8   177    13 32744 32744
 53231 10624  4124  1987     7     4   231  1420  1755   150   180    13 32744 32744
 53231 10624  4124  1987     7     8   231  1752  1930    20   137     7 32744 32744
 53231 10624  4124  1987     7    11   231  1813  1823   300   170    16 32744 32744
 53231 10624  4124  1987     7    24   231  1325  1330   300   133    13 32744 32744
 53231 10624  4124  1987     7    29   231  1710  1940    30   170    13 32744 32744
 53231 10624  4124  1987     8    17   231  2033  2037   200   200    14 32744 32744
 53231 10624  4124  1987     9    10   231   906  1930     4   227     7 32744 32744
 53231 10624  4124  1987     9    30   231  1413  1730    60   167    13 32744 32744
 53231 10624  4124  1987    10    11   231   723   820     8   153     4 32744 32744
 53231 10624  4124  1987    10    17   231  1430  1910   110   200    12 32744 32744
 53231 10624  4124  1987    11    17   231  1405  1836    20   190    13 32744 32744
 53276 11254  4224  1987     3    16   231   816   833    80   187    12 32744 32744
 53276 11254  4224  1987     3    19   231  1710  1914    50   190    14 32744 32744
 53276 11254  4224  1987     4     8   231   724   904     5   193    10 32744 32744
 53276 11254  4224  1987     4    22   231  1507  1508   200   170    14 32744 32744
 53276 11254  4224  1987     7    20   231  1544  1555   250   210    14 32744 32744
 53336 10831  4134  1987     3    19   231  1505  1920    18   170    16 32744 32744
 53336 10831  4134  1987     3    29   231  1117  1545     7   160    16 32744 32744
 53336 10831  4134  1987     3    30   231  2051  2210   300   170    16 32744 32744
 53336 10831  4134  1987     5     8   231   141   320     5   163    14 32744 32744
 53336 10831  4134  1987     5    14   231  1814  1840   100   130    14 32744 32744
 53336 10831  4134  1987    11    17   231  1713  1830   100   170    14 32744 32744
 53352 11026  4142  1987     3    19   231  1737  2000     8   150    16 32744 32744
 53352 11026  4142  1987     3    20   231  2000  2040   250   130    16 32744 32744
 53352 11026  4142  1987     3    29   231  1517  1624    80   140    16 32744 32744
 53352 11026  4142  1987     7     4   231  1718  1757   100   177    14 32744 32744
 53362 11141  4132  1987     3    19   231  1739  1823   170   137    15 32744 32744
 53391 11400  4154  1987     5    15   231  1216  1630     9   170    15 32744 32744
 53391 11400  4154  1987     5    18   231   945  1310    90   177    14 32744 32744
 53391 11400  4154  1987     5    20   231  1715  1930    70   160    12 32744 32744
 53391 11400  4154  1987     5    21   231  1521  1535   300   167    15 32744 32744
 53446 10951  4040  1987     3    19   231  1736  1800    90   130    16 32744 32744
 53446 10951  4040  1987     3    29   231  1609  1856    90   140    15 32744 32744
 53446 10951  4040  1987     4     9   231  2202    20    90   110     2 32744 32744
 53446 10951  4040  1987     5    15   231  1140  1230    50   157    13 32744 32744
 53446 10951  4040  1987     5    29   231  1504  1506   120   110    13 32744 32744
 53446 10951  4040  1987     6     4   231  1602  1605    90   130    16 32744 32744
 53446 10951  4040  1987     7     4   231  1848  1854    70    97    15 32744 32744
 53446 10951  4040  1987     7    19   231  1554  1637   150   120    11 32744 32744
 53463 11141  4049  1987     3    29   231  1705  1815   120   143    16 32744 32744
 53478 11227  4000  1987     5    15   231  1443  1656   120   177    14 32744 32744
 53480 11304  4102  1987     1    11   231  1105  1115    18   150    15 32744 32744
 53480 11304  4102  1987     5     6   231  1406  1610   300   120    12 32744 32744
 53480 11304  4102  1987     5    15   231  1137  1139   120   147    14 32744 32744
 53480 11304  4102  1987     5    18   231  1135  1310    30   177    14 32744 32744
 53480 11304  4102  1987     5    30   231  1412  1414   300   150    12 32744 32744
 53487 11320  4006  1987     5    15   231  1434  1448    80   150    13 32744 32744
 53502 10545  3947  1987     3    16   231  1609  1830    60   130    15 32744 32744
 53502 10545  3947  1987     3    19   231  1901  2000     3   103     1 32744 32744
 53502 10545  3947  1987     3    20   231  2000  2307    60   110     1 32744 32744
 53502 10545  3947  1987     5     7   231  1944  2000     7   117    14 32744 32744
 53502 10545  3947  1987     5     8   231  2000  2301    80   170    15 32744 32744
 53502 10545  3947  1987     5    15   231  1455  1502    30   143    15 32744 32744
 53502 10545  3947  1987     5    18   231   112   205     8   130    14 32744 32744
 53502 10545  3947  1987     5    20   231  1709  1849    80   120    16 32744 32744
 53502 10545  3947  1987     5    29   231  1519  1622    60   133    16 32744 32744
 53502 10545  3947  1987     7    12   231  2013  2115    90   113     1 32744 32744
 53502 10545  3947  1987    10    11   231   950  1252    18   130     3 32744 32744
 53513 10725  4045  1987     5    20   231  1835  1858   120    73     6 32744 32744
 53519 10646  3913  1987     3    16   231  1531  1833    50   220    14 32744 32744
 53529 10759  3906  1987     1     6   231  1326  1335    18   130    14 32744 32744
 53529 10759  3906  1987     3    16   231  1404  2000     7   143     1 32744 32744
 53529 10759  3906  1987     3    17   231  2000  2125   120    93    14 32744 32744
 53529 10759  3906  1987     3    19   231  1612  2000     9   137    16 32744 32744
 53529 10759  3906  1987     3    20   231  2000   106    80   150     2 32744 32744
 53529 10759  3906  1987     3    29   231  1434  2000     4   160    14 32744 32744
 53529 10759  3906  1987     3    30   231  2000  2314   100   133     2 32744 32744
 53529 10759  3906  1987     5     1   231  1551  1716   200   130    16 32744 32744
 53529 10759  3906  1987     5     8   231    42   153     9   120    16 32744 32744
 53529 10759  3906  1987     5    15   231  1124  1712     2   163    16 32744 32744
 53529 10759  3906  1987     5    16   231  1347  1456     9   107    14 32744 32744
 53529 10759  3906  1987     5    17   231  1711  1722    80    90    13 32744 32744
 53529 10759  3906  1987     5    18   231  1143  1222    50   120    15 32744 32744
 53529 10759  3906  1987     5    20   231  1831  1942    18   130    10 32744 32744
 53529 10759  3906  1987     5    23   231  1723  2000     3   180     1 32744 32744
 53529 10759  3906  1987     5    24   231  2000  2023   200   150    16 32744 32744
 53529 10759  3906  1987     5    29   231  1535  1819   180   160    15 32744 32744
 53529 10759  3906  1987     5    30   231  1214  1620     8   130    14 32744 32744
 53529 10759  3906  1987     6     4   231  1812  2000     5   163     1 32744 32744
 53529 10759  3906  1987     6     5   231  2000  2306    11   160     1 32744 32744
 53529 10759  3906  1987     6     5   231   402   605    11   160     1 32744 32744
 53529 10759  3906  1987     6     9   231  1651  1830   190   130     2 32744 32744
 53529 10759  3906  1987     6    17   231  1546  1652   120   177     1 32744 32744
 53529 10759  3906  1987     7     4   231  1840  1848    40    83     1 32744 32744
 53529 10759  3906  1987    12     4   231   228   320    50   130    15 32744 32744
 53543 10959  3950  1987     3    29   231  1442  2000     9   150    14 32744 32744
 53543 10959  3950  1987     3    30   231  2000  2018   120    80    16 32744 32744
 53545 10944  3934  1987     1     6   231  1313  2000     7   140    14 32744 32744
 53545 10944  3934  1987     1     7   231  2000  2017   150    80    15 32744 32744
 53545 10944  3934  1987     1    11   231  1119  1615     9   127    16 32744 32744
 53545 10944  3934  1987     1    16   231  2306  2347    70   160    14 32744 32744
 53545 10944  3934  1987     3    16   231  1819  1843    50   143    14 32744 32744
 53545 10944  3934  1987     3    20   231  2357   214     9    80    16 32744 32744
 53545 10944  3934  1987     3    29   231  1416  2000     8   187    14 32744 32744
 53545 10944  3934  1987     3    30   231  2000  2023   120   110    16 32744 32744
 53545 10944  3934  1987     4     9   231   117   225     9    93    16 32744 32744
 53545 10944  3934  1987     4    17   231  1409  1520   180    87    10 32744 32744
 53545 10944  3934  1987     4    19   231  1744  1749   180   117    16 32744 32744
 53545 10944  3934  1987     4    21   231   929  1024   250   190    14 32744 32744
 53545 10944  3934  1987     5    15   231  1152  1620     4   173    15 32744 32744
 53545 10944  3934  1987     7     4   231  1855  1900    15   113    16 32744 32744
 53545 10944  3934  1987     7    20   231  1609  1620   250   180    14 32744 32744
 53545 10944  3934  1987    11    17   231  1939  2000     8   130    14 32744 32744
 53545 10944  3934  1987    11    18   231  2000   200     9   160    14 32744 32744
 53545 10944  3934  1987    12     4   231   952  1725     8   130    13 32744 32744
 53545 10944  3934  1987    12    24   231  1253  2000     7   130    14 32744 32744
 53545 10944  3934  1987    12    25   231  2000  2030   120    90    14 32744 32744
 53545 10944  3934  1987    12    29   231   155   340     9   150    14 32744 32744
 53564 11109  3923  1987     3    29   231  1710  2000     8    93    16 32744 32744
 53564 11109  3923  1987     3    30   231  2000  2107   150    90    16 32744 32744
 53564 11109  3923  1987     5    14   231  1415  1419    90    80     9 32744 32744
 53564 11109  3923  1987     5    15   231  1328  1705     9   110    14 32744 32744
 53602 10540  3850  1987     3    16   231  1753  1800    30   127    15 32744 32744
 53602 10540  3850  1987     4    19   231  1053  1141    80   140     2 32744 32744
 53602 10540  3850  1987     5     8   231  2125  2339   150   123    16 32744 32744
 53602 10540  3850  1987     5    15   231  1151  1417     9   130    16 32744 32744
 53602 10540  3850  1987     5    23   231  1644  1832   150   153     1 32744 32744
 53602 10540  3850  1987     5    29   231  1612  1820   120   180    16 32744 32744
 53614 10613  3829  1987     3    16   231  1832  1935    20   180    15 32744 32744
 53614 10613  3829  1987     4    21   231  1236  1250    20   133    15 32744 32744
 53614 10613  3829  1987     5     8   231  2201  2328    20    93    15 32744 32744
 53614 10613  3829  1987     5    29   231  1800  1910    20    73     1 32744 32744
 53615 10642  3848  1987     1    11   231   640   708    30   123    14 32744 32744
 53615 10642  3848  1987     1    16   231     1   223     6    90    16 32744 32744
 53615 10642  3848  1987     2    14   231  2109  2257    80   110     4 32744 32744
 53615 10642  3848  1987     3     8   231   220   402    40   123     4 32744 32744
 53615 10642  3848  1987     3    16   231  1630  1951     9   117    16 32744 32744
 53615 10642  3848  1987     3    20   231  2201   535     7   150     3 32744 32744
 53615 10642  3848  1987     3    29   231  1225  1806     7   140    16 32744 32744
 53615 10642  3848  1987     3    30   231  2240   410     9   130     4 32744 32744
 53615 10642  3848  1987     4     8   231  1252  2000     6   100     8 32744 32744
 53615 10642  3848  1987     4     9   231  2000   215     9    80     2 32744 32744
 53615 10642  3848  1987     4    16   231  1528  1536   100   117    10 32744 32744
 53615 10642  3848  1987     4    19   231  1625  1708    80   103    16 32744 32744
 53615 10642  3848  1987     5    15   231  1321  1410     6   117    16 32744 32744
 53615 10642  3848  1987     5    23   231  1751  1904    40   120     1 32744 32744
 53615 10642  3848  1987     6     9   231  1743  1802    80   103     4 32744 32744
 53646 10942  3814  1987     3    29   231  1852  2000     7   107    16 32744 32744
 53646 10942  3814  1987     3    30   231  2000  2305   140   107    16 32744 32744
 53646 10942  3814  1987     5    15   231  1542  1820   120   143    16 32744 32744
 53698 11425  3802  1987     3    20   231   635   655    50   100     2 32744 32744
 53705 10540  3729  1987     5    29   231  1903  1915    60   110    13 32744 32744
 53723 10724  3747  1987     2    23   231  1018  1740     6   120    12 32744 32744
 53723 10724  3747  1987     3    16   231  1410  1925    15   120    13 32744 32744
 53723 10724  3747  1987     3    19   231  1726  1926    12   107     1 32744 32744
 53723 10724  3747  1987     4     8   231  1238  1548     7   110    12 32744 32744
 53723 10724  3747  1987     4    19   231  1802  1940    12   107     1 32744 32744
 53723 10724  3747  1987     4    21   231  1148  1748     6   123    14 32744 32744
 53723 10724  3747  1987     4    24   231  1105  1144    30   147    16 32744 32744
 53723 10724  3747  1987     5    11   231  1709  1814    50   103     4 32744 32744
 53723 10724  3747  1987     5    15   231  1137  1745     1   143    14 32744 32744
 53723 10724  3747  1987     5    20   231  1616  1702   120   130     9 32744 32744
 53723 10724  3747  1987     5    23   231  1803  2000     0   140     1 32744 32744
 53723 10724  3747  1987     5    24   231  2000  2305    60   150     1 32744 32744
 53723 10724  3747  1987     6     5   231   612   705    15   103     1 32744 32744
 53723 10724  3747  1987     6    25   231  2228  2326    80   107    16 32744 32744
 53723 10724  3747  1987     7     6   231   306   346   200    93    16 32744 32744
 53723 10724  3747  1987     8    18   231  1843  1907   130   167    15 32744 32744
 53723 10724  3747  1987    10    23   231  1151  1404     9   120    14 32744 32744
 53723 10724  3747  1987    12     4   231  1127  1445     9   130    14 32744 32744
 53723 10724  3747  1987    12     7   231  1237  1341    12   117    13 32744 32744
 53723 10724  3747  1987    12    24   231  1123  1324    14   110    13 32744 32744
 53723 10724  3747  1987    12    27   231   415   541    90   100    12 32744 32744
 53723 10724  3747  1987    12    30   231  1048  1441     9   100     8 32744 32744
 53723 10724  3747  1987    12    31   231   704   835     7   100    14 32744 32744
 53740 10914  3756  1987     3    29   231  1628  2000     6   137    16 32744 32744
 53740 10914  3756  1987     3    30   231  2000  2149    20   110    16 32744 32744
 53740 10914  3756  1987     4     8   231  1637  1750    80   107    15 32744 32744
 53740 10914  3756  1987     5    11   231  1559  1602   150   190    14 32744 32744
 53740 10914  3756  1987     5    15   231  1339  1930     8   170    15 32744 32744
 53754 11013  3730  1987     3    16   231  1840  2000     9   170    15 32744 32744
 53754 11013  3730  1987     3    17   231  2000  2010    80   113    16 32744 32744
 53754 11013  3730  1987     5    15   231  1705  1820    20   187    16 32744 32744
 53764 11106  3730  1987     5    15   231  1930  2000     7   137     9 32744 32744
 53764 11106  3730  1987     5    16   231  2000  2018   120    77    16 32744 32744
 53772 11233  3747  1987     5    15   231  1931  2000     2   153    14   227    15
 53772 11233  3747  1987     5    16   231  2000  2110    70   107    14   197    16
 53806 10539  3634  1987     3    16   231  1414  1902    16   200    15 32744 32744
 53806 10539  3634  1987     3    17   231  2036  2115    40   103     6 32744 32744
 53806 10539  3634  1987     3    19   231  1848  2000     5   150    11 32744 32744
 53806 10539  3634  1987     3    20   231  2000  2005     6    90    15 32744 32744
 53806 10539  3634  1987     4    24   231   634   839     8   140    15 32744 32744
 53806 10539  3634  1987     5    15   231  1640  1747    80   190    16 32744 32744
 53806 10539  3634  1987     5    23   231  1901  2000     8   150    16 32744 32744
 53806 10539  3634  1987     5    24   231  2000  2049   150   130    16 32744 32744
 53810 10554  3659  1987     1     6   231  1150  1530     8   123    15 32744 32744
 53810 10554  3659  1987     3    16   231  1340  1430     0   173    16 32744 32744
 53810 10554  3659  1987     3    19   231  1757  1928    20   110    16 32744 32744
 53810 10554  3659  1987     5    15   231  1458  1830    80   150    16 32744 32744
 53810 10554  3659  1987     5    17   231  1338  1341    11   100    16 32744 32744
 53810 10554  3659  1987     6     4   231  1015  1155    50   120    16 32744 32744
 53810 10554  3659  1987     6    17   231  1810  1815   180   100     2 32744 32744
 53810 10554  3659  1987     7    31   231  1602  1640   150   130    16 32744 32744
 53810 10554  3659  1987     8    21   231    47   105   120    90     1 32744 32744
 53817 10616  3600  1987     1     6   231  1126  1224    12   137    16 32744 32744
 53817 10616  3600  1987     3    16   231  1528  1740    25   143    11 32744 32744
 53817 10616  3600  1987     5    15   231  1752  1937    15   143    16 32744 32744
 53882 11304  3603  1987     5    15   231  1834  1846    70   160    16 32744 32744
 53903 10543  3558  1987     3    16   231  1608  1710    17    70     1 32744 32744
 53903 10543  3558  1987     3    20   231  2045  2258    40   107     3 32744 32744
 53903 10543  3558  1987     4    16   231  1704  1718   300   127    16 32744 32744
 53903 10543  3558  1987     5    24   231  2010  2212   300   110     3 32744 32744
 53915 10640  3533  1987     3    16   231  1612  1704    40   133    16 32744 32744
 53986 11353  3519  1987     4     9   231  1550  1600     7    90    14 32744 32744
 54012 11736  4435  1987     4    30   231  2235  2305   200   150    11 32744 32744
 54012 11736  4435  1987     5    10   231  1457  1503   280   120    13 32744 32744
 54026 12054  4434  1987    11    15   231  1545  1932   110   170    14 32744 32744
 54041 12304  4447  1987     4    23   231  1837  1928    60   163     2 32744 32744
 54041 12304  4447  1987     4    27   231  2115  2345   120   157    11 32744 32744
 54041 12304  4447  1987     4    29   231  1612  2000     5   200    10 32744 32744
 54041 12304  4447  1987     4    30   231  2000   615     7   200    10 32744 32744
 54041 12304  4447  1987     5    14   231  1829  2000     8   140    10 32744 32744
 54041 12304  4447  1987     5    15   231  2000  2235   150   150    10 32744 32744
 54041 12304  4447  1987     5    18   231  1232  1328    20   180    10 32744 32744
 54041 12304  4447  1987     5    19   231   926  1034    80   180    15 32744 32744
 54063 12600  4458  1987     1    29   231  1350  1525     7   130    12 32744 32744
 54102 11604  4357  1987     4    28   231  1418  1422   200   120    12 32744 32744
 54102 11604  4357  1987     5     8   231  1145  1240    30   160    12 32744 32744
 54102 11604  4357  1987    11    15   231   906  1236   200   200    12 32744 32744
 54134 12117  4336  1987     3    24   231  1525  1614   200   203    15 32744 32744
 54134 12117  4336  1987     5    12   231  2122  2147   200   170     1 32744 32744
 54134 12117  4336  1987    11    18   231   515   630    30   193    15 32744 32744
 54135 12216  4336  1987     3    20   231   736   751     6   160    14 32744 32744
 54135 12216  4336  1987     3    24   231  1645  1657   300   157    15 32744 32744
 54142 12332  4330  1987     4    29   231   120   425     8   207    10 32744 32744
 54142 12332  4330  1987     4    29   231  1730  2000     8   207    10 32744 32744
 54142 12332  4330  1987     4    30   231  2000  2038    80   190     9 32744 32744
 54208 11628  4211  1987     3    20   231   110   405     9   200    13 32744 32744
 54208 11628  4211  1987     5    18   231  1204  1617     7   190    14 32744 32744
 54213 11902  4257  1987     3    20   231   719  1420     8   150    15 32744 32744
 54213 11902  4257  1987     3    24   231  1520  1930    20   177    16 32744 32744
 54226 12042  4220  1987     3    20   231   820  1125    90   177    14 32744 32744
 54226 12042  4220  1987     3    24   231  1640  2000     5   170    16 32744 32744
 54226 12042  4220  1987     3    25   231  2000  2140   120   183    15 32744 32744
 54226 12042  4220  1987    11    18   231   217   520   120 32744 32744 32744 32744
 54236 12232  4225  1987     3    24   231  1747  1800   200   120    15 32744 32744
 54236 12232  4225  1987     4    28   231  1613  1712    40   210    10 32744 32744
 54237 12139  4202  1987     3    20   231   940  1210    30   110    14 32744 32744
 54401 11453  4047  1987     5    15   231  1628  1709    70   110    14   233     2
 54602 11531  3851  1987     5    15   231  1652  1723    90   187     9   294     8
 54606 11544  3814  1987     4     9   231  1554  1628    80    90     2 32744 32744
 54606 11544  3814  1987     5    15   231  1725  1736   110   110    10 32744 32744
 54624 11721  3822  1987     8     1   231  1339  1352     9   110     2 32744 32744
 54714 11619  3726  1987     4     9   231  1643  1705   110   110     2   217     2
 54714 11619  3726  1987     6     5   231  1454  1502   120   137     2   244     4
 55228  8005  3230  1987     3    19   231  1535  1536   500 32744 32744 32744 32744
 55228  8005  3230  1987     4     8   231  1636  1639   500 32744 32744 32744 32744
 55228  8005  3230  1987     7    24   231  1501  1509   300 32744 32744 32744 32744
 55228  8005  3230  1987     7    25   231  2014  2014   400 32744 32744 32744 32744
 55228  8005  3230  1987     8     2   231  1612  1612   700 32744 32744 32744 32744
 55228  8005  3230  1987     9    25   231  1753  1756   700 32744 32744 32744 32744
 55228  8005  3230  1987    10    18   231  1731  1733   500 32744 32744 32744 32744
 55228  8005  3230  1987    10    19   231  1520  1521    90 32744 32744 32744 32744
 55228  8005  3230  1987    10    30   231  1508  1703   400 32744 32744 32744 32744
 55228  8005  3230  1987    12     1   231  1529  1532   250 32744 32744 32744 32744
 55228  8005  3230  1987    12     2   231  1459  1924   110 32744 32744 32744 32744
 55228  8005  3230  1987    12     3   231  1727  1729   500 32744 32744 32744 32744
 55248  8425  3209  1987     4     2   231  1902  1907   200 32744 32744 32744 32744
 55248  8425  3209  1987     4    18   231  1519  1523   300 32744 32744 32744 32744
 55248  8425  3209  1987     5    18   231  2126  2135   500 32744 32744 32744 32744
 55248  8425  3209  1987    10     4   231  1910  1920   400 32744 32744 32744 32744
 55248  8425  3209  1987    10    31   231  1738  1813   350 32744 32744 32744 32744
 55248  8425  3209  1987    11    17   231  1622  1622   500 32744 32744 32744 32744
 55248  8425  3209  1987    11    24   231  1510  1532   400 32744 32744 32744 32744
 55248  8425  3209  1987    12     1   231  1755  1755   280 32744 32744 32744 32744
 55248  8425  3209  1987    12     2   231  1223  1609     9 32744 32744 32744 32744
 55294  9106  3221  1987    11    13   231  1303  1627     7   237    12 32744 32744
 55299  9204  3129  1987    11    13   231  1308  1312   300   163    13 32744 32744
 55472  8838  3057  1987     1    14   231  1543  1544   400 32744 32744 32744 32744
 55472  8838  3057  1987     1    17   231  1358  1633     6 32744 32744 32744 32744
 55472  8838  3057  1987     1    19   231  1611  1616   500 32744 32744 32744 32744
 55472  8838  3057  1987     2    16   231  1537  1538   800 32744 32744 32744 32744
 55472  8838  3057  1987     4    30   231  1650  1651   700 32744 32744 32744 32744
 55472  8838  3057  1987     6    20   231  1510  1511   900 32744 32744 32744 32744
 55472  8838  3057  1987    12     2   231  1131  1329   300 32744 32744 32744 32744
 55472  8838  3057  1987    12    12   231  1249  1249   600 32744 32744 32744 32744
 55569  8736  2905  1987     1     4   231  1839  1842   150 32744 32744 32744 32744
 55569  8736  2905  1987     1    14   231  1445  1530   400 32744 32744 32744 32744
 55569  8736  2905  1987     1    23   231  1746  1759   400 32744 32744 32744 32744
 55569  8736  2905  1987     5    10   231  1547  1548   400 32744 32744 32744 32744
 55578  8853  2915  1987     6    29   231  1929  1937   300    87    16 32744 32744
 55591  9108  2940  1987     3    27   231  1833  1850   200   103     3 32744 32744
 55591  9108  2940  1987     4    24   231  2050  2112   300   103    13 32744 32744
 55598  9146  2915  1987     3    27   231  1705  1712   380    93     9 32744 32744
 55598  9146  2915  1987     4     4   231  1542  1635   300   113    13 32744 32744
 55664  8705  2838  1987     5    10   231  1423  1440   400 32744 32744 32744 32744
 56004  9226  3413  1987     1    17   231  1257  1440     8   230    12 32744 32744
 56004  9226  3413  1987     1    20   231  1613  1615   300   230    12 32744 32744
 56004  9226  3413  1987     2    14   231  1335  1335   300   120    13 32744 32744
 56004  9226  3413  1987     5    12   231  1506  1508   300   150    12 32744 32744
 56004  9226  3413  1987     5    21   231  1602  1605   300   190    14 32744 32744
 56004  9226  3413  1987     6     8   231  1750  1750   250   120    11 32744 32744
 56004  9226  3413  1987    11    10   231  1606  1609   300   140    15 32744 32744
 56004  9226  3413  1987    11    13   231  1311  1415     3   320    12 32744 32744
 56004  9226  3413  1987    12     2   231  1320  1326    60   250    12 32744 32744
 56016  9536  3351  1987     1    18   231  1514  1517   200   140    13 32744 32744
 56016  9536  3351  1987     1    21   231  1314  1614   400   180    13 32744 32744
 56016  9536  3351  1987     1    23   231  1449  1558   400   130    12 32744 32744
 56016  9536  3351  1987     3    18   231  1433  1435   350   110    15 32744 32744
 56016  9536  3351  1987     3    24   231  1343  1343   300   130    13 32744 32744
 56016  9536  3351  1987     3    31   231  1547  1558   400   103    14 32744 32744
 56016  9536  3351  1987     5    12   231  1657  1705   370   120    13 32744 32744
 56016  9536  3351  1987     5    13   231  1551  1606   300   157    13 32744 32744
 56016  9536  3351  1987    12     2   231  1406  1409   350   173    14 32744 32744
 56016  9536  3351  1987    12     4   231  1523  1526   400   160    13 32744 32744
 56018  9518  3254  1987     1    14   231  1536  1621   400   150    13 32744 32744
 56018  9518  3254  1987     1    17   231  1224  1503     5   137    12 32744 32744
 56018  9518  3254  1987     1    19   231  1610  1802   400   170    13 32744 32744
 56018  9518  3254  1987     1    20   231  1220  1512    90   153    12 32744 32744
 56018  9518  3254  1987     1    21   231  1232  1720   150   150    11 32744 32744
 56018  9518  3254  1987     1    24   231  1405  1405   400   127    11 32744 32744
 56018  9518  3254  1987     2     7   231  1712  1740   400   113    12 32744 32744
 56018  9518  3254  1987     2    15   231  1534  1534   200   113    12 32744 32744
 56018  9518  3254  1987     2    16   231  1501  1508   350   107    12 32744 32744
 56018  9518  3254  1987     2    19   231  1609  1609    70   110    13 32744 32744
 56018  9518  3254  1987     2    20   231  1231  1329   200   140    12 32744 32744
 56018  9518  3254  1987     2    26   231  1239  1514   350   117    12 32744 32744
 56018  9518  3254  1987     3    22   231  1713  1724   350   167    13 32744 32744
 56018  9518  3254  1987     3    26   231  1332  1335   300   120    12 32744 32744
 56018  9518  3254  1987     4     3   231  1220  1220   150   130    12 32744 32744
 56018  9518  3254  1987     5     1   231  1249  1251   300   103    14 32744 32744
 56018  9518  3254  1987     5    10   231  1540  1540    20    97    11 32744 32744
 56018  9518  3254  1987     5    23   231  1633  1641   300   133    12 32744 32744
 56018  9518  3254  1987     5    24   231  1703  1708   400   127    13 32744 32744
 56018  9518  3254  1987    10    30   231  1437  1437   300   100    13 32744 32744
 56018  9518  3254  1987    11    13   231  1317  1505    60   170    13 32744 32744
 56018  9518  3254  1987    11    14   231  1629  1629   400   100    13 32744 32744
 56018  9518  3254  1987    11    24   231  1424  1539   300   117    12 32744 32744
 56018  9518  3254  1987    11    25   231  1204  1509   350   147    12 32744 32744
 56018  9518  3254  1987    11    26   231  1239  1245    80   150    12 32744 32744
 56018  9518  3254  1987    11    29   231  1407  1414   400   137    12 32744 32744
 56018  9518  3254  1987    11    30   231  1519  1519   400   113    13 32744 32744
 56018  9518  3254  1987    12     1   231  1505  1526   400   150    13 32744 32744
 56018  9518  3254  1987    12     2   231  1219  1528   300   143    11 32744 32744
 56018  9518  3254  1987    12     4   231  1320  1625   300   150    11 32744 32744
 56018  9518  3254  1987    12     5   231  1527  1532   300   120    13 32744 32744
 56021  9547  3408  1987     1    21   231  1331  1333   250   183    12 32744 32744
 56029  9701  3301  1987     5     1   231  1452  1459   400   120    14 32744 32744
 56033  9813  3455  1987     1    15   231  1615  1623   300   153    13 32744 32744
 56033  9813  3455  1987     2    10   231  1435  1714   250   153    14 32744 32744
 56033  9813  3455  1987     2    18   231  1347  1447     7   153    13 32744 32744
 56033  9813  3455  1987     6     4   231  1655  1704    50   190    15 32744 32744
 56033  9813  3455  1987    10    15   231  1320  1324   250   130    13 32744 32744
 56033  9813  3455  1987    12     1   231  1434  1507   300   160    14 32744 32744
 56033  9813  3455  1987    12     2   231  1410  1540   250   177    13 32744 32744
 56033  9813  3455  1987    12     3   231  1232  1542     3   207    13 32744 32744
 56038  9806  3259  1987     5     1   231  1615  1620   500   207    14 32744 32744
 56038  9806  3259  1987     5     8   231  1805  1825   100   157    13 32744 32744
 56041  9912  3416  1987     1    24   231  1406  1433   350   177    14 32744 32744
 56041  9912  3416  1987     2    10   231  1548  1553   120   153    14 32744 32744
 56041  9912  3416  1987     2    13   231  1551  1625   180   197    14 32744 32744
 56041  9912  3416  1987     2    18   231  1241  1626   350   187    14 32744 32744
 56041  9912  3416  1987     3    21   231  1156  1205   200   197    16 32744 32744
 56041  9912  3416  1987     3    25   231  1420  1512   120   187    14 32744 32744
 56041  9912  3416  1987     6    10   231  1657  1658   300   193    15 32744 32744
 56041  9912  3416  1987    10    15   231  1500  1503   450   190    14 32744 32744
 56041  9912  3416  1987    12     1   231  1555  1556   400   190    14 32744 32744
 56041  9912  3416  1987    12     2   231  1436  1610    80   250    14 32744 32744
 56046  9939  3345  1987     1    16   231  1347  1350     9   150    13 32744 32744
 56046  9939  3345  1987     1    20   231  1456  1458   400   127    14 32744 32744
 56046  9939  3345  1987     1    21   231  1420  1453   150   133    14 32744 32744
 56046  9939  3345  1987     1    22   231  1327  1333   300   140    14 32744 32744
 56046  9939  3345  1987     2    13   231  1555  1557   350   130    13 32744 32744
 56046  9939  3345  1987     2    16   231  1448  1456   350   153    14 32744 32744
 56046  9939  3345  1987     5    10   231  1944  1946     6   160    15 32744 32744
 56046  9939  3345  1987     5    21   231  1931  1938   200   210    15 32744 32744
 56046  9939  3345  1987    11    13   231  1425  1428   450   110    14 32744 32744
 56046  9939  3345  1987    11    26   231  1322  1324   400   160    10 32744 32744
 56046  9939  3345  1987    12     2   231  1231  1456   350   163    13 32744 32744
 56065 10136  3444  1987     1    20   231  1547  1548    80   120    14 32744 32744
 56065 10136  3444  1987     1    25   231  1537  1539   200   123    15 32744 32744
 56065 10136  3444  1987     2    15   231  1521  1523   350   110    13 32744 32744
 56065 10136  3444  1987     2    18   231  1533  1539   400   153    15 32744 32744
 56065 10136  3444  1987     2    24   231  1405  1609   110   170    14 32744 32744
 56065 10136  3444  1987     3    25   231  1414  1505     8   143    15 32744 32744
 56065 10136  3444  1987     4    19   231  1428  1434    40   180    14 32744 32744
 56065 10136  3444  1987    10    15   231  1748  1751   400   100    16 32744 32744
 56065 10136  3444  1987    11    22   231  1359  1402     4   130    13 32744 32744
 56065 10136  3444  1987    12     2   231  1526  1545   350   143    14 32744 32744
 56065 10136  3444  1987    12     8   231  1252  1258   200   150    14 32744 32744
 56065 10136  3444  1987    12    11   231  1248  1427   250   130    14 32744 32744
 56065 10136  3444  1987    12    29   231  1237  1327    80   153    14 32744 32744
 56074 10205  3400  1987     2    18   231  1622  1645    80   170    14 32744 32744
 56074 10205  3400  1987     3    19   231  1445  1450   300   127    14 32744 32744
 56074 10205  3400  1987     3    21   231  1407  1545   300   133    16 32744 32744
 56074 10205  3400  1987     4    19   231  1507  1531   300   160    13 32744 32744
 56075 10238  3405  1987     2    18   231  1705  1714   100   180    14 32744 32744
 56079 10258  3335  1987     2    18   231  1744  1759   400 32744 32744 32744 32744
 56079 10258  3335  1987     3    21   231  1648  1715   500 32744 32744 32744 32744
 56079 10258  3335  1987     4    19   231  1639  1703   200 32744 32744 32744 32744
 56146 10000  3137  1987     2    19   231  1702  1727   200 32744 32744 32744 32744
 56151 10045  3256  1987     3    21   231  1525  1531   300   153    16 32744 32744
 56151 10045  3256  1987     3    25   231  1305  1306   400   103    14 32744 32744
 56151 10045  3256  1987     5     1   231  1736  1737   350   150    15 32744 32744
 56171 10142  3254  1987     3    15   231  1452  1457   400 32744 32744 32744 32744
 56171 10142  3254  1987     3    21   231  1635  1640   400 32744 32744 32744 32744
 56171 10142  3254  1987     3    31   231  1220  1227   400 32744 32744 32744 32744
