 50425 12011  5015  2001     5    27   231  1552  1640   300   130    15 32744 32744
 50514 11726  4934  2001     4    29   231  1903  2000     5   170     8 32744 32744
 50514 11726  4934  2001     4    30   231  2000  2004   250   150     9 32744 32744
 50527 11945  4913  2001     4     7   231   510   630   160    90     6 32744 32744
 50603 11649  4840  2001     4    29   231  1725  1925   110   163    10 32744 32744
 50603 11649  4840  2001     7    23   231  1503  1513   300   133    12 32744 32744
 50618 11816  4813  2001     4    30   231   551   815     8   110    12 32744 32744
 50658 12553  4803  2001     4     7   231   912  1851     8   113     8 32744 32744
 50742 12429  4748  2001     4     7   231  1010  1610     4   135     8   208     9
 50745 12355  4723  2001     4     7   231   546  1526     3    97     8 32744 32744
 50834 12113  4636  2001     4     7   231   518  1416     1   160    12 32744 32744
 50838 12203  4605  2001     4     7   231   702  1357     1   183    11 32744 32744
 50844 12325  4624  2001     4     7   231  1212  1510     4   167    12 32744 32744
 50854 12519  4623  2001     4    14   231  1244  1247   150   100    16   184    16
 50915 11658  4531  2001     4     7   231  2047  1715     2   200    12 32744 32744
 50915 11658  4531  2001     4    27   231  1820  1831   250   140    12 32744 32744
 50915 11658  4531  2001     5     1   231  1510  1515   200   137    12 32744 32744
 50915 11658  4531  2001     5     3   231  1705  1729   200   157    14 32744 32744
 50915 11658  4531  2001     5     4   231  1206  1538     7   170    12 32744 32744
 50915 11658  4531  2001     5    23   231  1435  1508    70   170     2 32744 32744
 50936 12250  4538  2001     4     7   231   922  2000     4   130    11 32744 32744
 50936 12250  4538  2001     4     8   231  2000  2256   200   137    12 32744 32744
 50948 12401  4500  2001     4    17   231  1705  2000     8 32744 32744 32744 32744
 50948 12401  4500  2001     4    18   231  2000    39   120 32744 32744 32744 32744
 50949 12452  4505  2001     4     8   231  2210   528     9   130    13 32744 32744
 51053  8624  4803  2001     4    16   231  1916  1920   200   180    12 32744 32744
 51059  8552  4726  2001     6     3   231  2054  2112   400   150    13 32744 32744
 51241  8336  4556  2001     4     5   231  1715  1723   300 32744 32744 32744 32744
 51241  8336  4556  2001     6     2   231  2137  2143   500 32744 32744 32744 32744
 51288  9032  4522  2001     4     5   231  1829  1837     1 32744 32744 32744 32744
 51288  9032  4522  2001     5    12   231  2126  2208     1 32744 32744 32744 32744
 51288  9032  4522  2001     6    30   231  2011  2015   500 32744 32744 32744 32744
 51330  8101  4458  2001     4     5   231  1149  1424    30   170    13 32744 32744
 51334  8254  4437  2001     4     1   231  1604  1629    50   117    16 32744 32744
 51346  8440  4426  2001     5    11   231  1637  1725   300   119    13   202    13
 51346  8440  4426  2001     6     2   231  2140  2145   300    91    13   169    13
 51346  8440  4426  2001     6     3   231  2101  2109   200   103    13   175    13
 51346  8440  4426  2001     6    28   231  1731  1735   400    95    14   167    14
 51365  8732  4412  2001     4     5   231  1550  1628   120 32744 32744 32744 32744
 51365  8732  4412  2001     5    11   231  1835  1958     8 32744 32744 32744 32744
 51365  8732  4412  2001     6     3   231     7   158     9 32744 32744 32744 32744
 51379  8934  4401  2001     5    12   231  2032  2140   300   207    14   317    14
 51463  8739  4347  2001     5    11   231  1838  1935    60   159    12   279    12
 51477  8819  4321  2001     5    11   231  1930  2000     8   200    14   298    14
 51477  8819  4321  2001     5    12   231  2000  2059    80   194    14   269    14
 51495  9144  4313  2001     4     7   231  1338  1920     8 32744 32744 32744 32744
 51526  8813  4214  2001     4     8   231  2235   705     7   190     1 32744 32744
 51567  8634  4205  2001     5    11   231  1818  1826   300   120    14 32744 32744
 51573  8912  4256  2001     4     7   231  1818  2000     2   110    13 32744 32744
 51573  8912  4256  2001     4     8   231  2000  2035     4   140    15 32744 32744
 51628  8014  4110  2001     4     8   231   112  1743     6   183    14   302    14
 51628  8014  4110  2001     4    28   231   938  1256    50   142    14   242    14
 51628  8014  4110  2001     6     7   231  1939  1952     8   117    13   181    13
 51633  8154  4147  2001     4     8   231   240   318    50 32744 32744 32744 32744
 51642  8415  4147  2001     9     7   231  1507  1512   250 32744 32744 32744 32744
 51644  8304  4143  2001     4     7   231  1822  2000     5   113    15   202    15
 51644  8304  4143  2001     4     8   231  2000   332     1   197     1   346     1
 51644  8304  4143  2001     5    11   231  1920  1930    80   113    15   206    15
 51705  7515  3943  2001     4     5   231  1310  1331    70   177    13 32744 32744
 51705  7515  3943  2001     4     7   231  1040  1715     3   240    14 32744 32744
 51709  7559  3928  2001     4     2   231  1704  2000     9   100    15   190    16
 51709  7559  3928  2001     4     3   231  2000  2018   200    98    15   165    15
 51709  7559  3928  2001     4     5   231  1730  1923    50   125    15   221    14
 51709  7559  3928  2001     4     7   231  1330  1638     8   165    15   292    15
 51709  7559  3928  2001     4     8   231  2006  2011     1   160    15   279    13
 51709  7559  3928  2001     4     8   231  1914  2000     1   160    15   279    13
 51709  7559  3928  2001     4     9   231  2000  2250     2   111     5   181     3
 51709  7559  3928  2001     7     4   231  1653  1658   300   110    15   210    14
 51709  7559  3928  2001     7    15   231  2005  2037    80    98    13   175    14
 51711  7827  4056  2001     4     5   231  1702  1723   250 32744 32744 32744 32744
 51711  7827  4056  2001     4     7   231  1130  1816     1 32744 32744 32744 32744
 51711  7827  4056  2001     4     8   231  1115  1220     3 32744 32744 32744 32744
 51711  7827  4056  2001     4     8   231  1920  2000     3 32744 32744 32744 32744
 51711  7827  4056  2001     4     9   231  2000  2040     7 32744 32744 32744 32744
 51711  7827  4056  2001     4    28   231   955  1245   250 32744 32744 32744 32744
 51711  7827  4056  2001     6     2   231  1545  1620   400 32744 32744 32744 32744
 51711  7827  4056  2001     8     8   231  1840  1850   300   100    12 32744 32744
 51716  7834  3948  2001     4     5   231  1933  2000     5   102    15   181    14
 51716  7834  3948  2001     4     6   231  2000  2013    70    86    15   150    15
 51716  7834  3948  2001     4     7   231  1602  2000     6   105    13   188    13
 51716  7834  3948  2001     4     8   231  2000  2125    20   106    13   194    13
 51716  7834  3948  2001     4     8   231  1621  1735    20   106    13   194    13
 51716  7834  3948  2001     4    26   231  2016  2041    60    82     3   150     3
 51716  7834  3948  2001     5    13   231  1843  1940    15    80     3   150     3
 51716  7834  3948  2001     5    14   231  2125  2210    60    99     2   198     1
 51716  7834  3948  2001     5    14   231  1702  1717    60    99     2   198     1
 51716  7834  3948  2001     9    12   231  1827  1836    80    81    16   154    16
 51716  7834  3948  2001     6     2   231  1721  1738   120    87    15   142    15
 51720  7903  4030  2001     3     2   231  1428  1532    60 32744 32744 32744 32744
 51720  7903  4030  2001     4     3   231  2103  2226   200 32744 32744 32744 32744
 51720  7903  4030  2001     4     6   231  2012  2108    80 32744 32744 32744 32744
 51720  7903  4030  2001     4     8   231   405   415     6 32744 32744 32744 32744
 51720  7903  4030  2001     4     8   231   715   735     6 32744 32744 32744 32744
 51720  7903  4030  2001     4     8   231  1445  2000     6 32744 32744 32744 32744
 51720  7903  4030  2001     4     9   231  2000  2235    20 32744 32744 32744 32744
 51720  7903  4030  2001     4    18   231  1801  1819    80 32744 32744 32744 32744
 51720  7903  4030  2001     4    25   231  1845  1918    60 32744 32744 32744 32744
 51720  7903  4030  2001     4    27   231  1847  1903   120 32744 32744 32744 32744
 51720  7903  4030  2001     4    28   231   635  1012     9 32744 32744 32744 32744
 51720  7903  4030  2001     5     6   231  2058  2150    90 32744 32744 32744 32744
 51720  7903  4030  2001     5    14   231  2043  2050    80 32744 32744 32744 32744
 51720  7903  4030  2001     6     2   231  1710  1720   250 32744 32744 32744 32744
 51720  7903  4030  2001     7     4   231  2320     5    90 32744 32744 32744 32744
 51720  7903  4030  2001     7     6   231  2051  2310    40 32744 32744 32744 32744
 51720  7903  4030  2001     7    18   231  1806  1810   120 32744 32744 32744 32744
 51720  7903  4030  2001     7    27   231  1817  1830   300 32744 32744 32744 32744
 51720  7903  4030  2001     8    26   231  1554  1608   300 32744 32744 32744 32744
 51720  7903  4030  2001     9    12   231  1726  1738   120 32744 32744 32744 32744
 51730  8103  4030  2001     4     3   231  2110  2153    80 32744 32744 32744 32744
 51730  8103  4030  2001     4     8   231  2150  2230     6 32744 32744 32744 32744
 51730  8103  4030  2001     4     8   231   446   825     6 32744 32744 32744 32744
 51730  8103  4030  2001     4     8   231  1145  1627     6 32744 32744 32744 32744
 51730  8103  4030  2001     4    22   231  2115  2250    30 32744 32744 32744 32744
 51730  8103  4030  2001     4    28   231   640   840    20 32744 32744 32744 32744
 51730  8103  4030  2001     4    28   231  1215  1237    20 32744 32744 32744 32744
 51730  8103  4030  2001     5     5   231  2316    21    80 32744 32744 32744 32744
 51730  8103  4030  2001     5    20   231  1855  2000     6 32744 32744 32744 32744
 51730  8103  4030  2001     5    21   231  2000  2115    80 32744 32744 32744 32744
 51730  8103  4030  2001     6     3   231  2058  2107   200 32744 32744 32744 32744
 51730  8103  4030  2001     7    15   231  2030  2040   120 32744 32744 32744 32744
 51747  8340  3900  2001     3     2   231   840   958    30    90     5 32744 32744
 51747  8340  3900  2001     4     3   231   705  1210     8   117     5 32744 32744
 51747  8340  3900  2001     4     8   231   839  1550     8   130     2 32744 32744
 51747  8340  3900  2001     5     5   231   951  1115    30   130     4 32744 32744
 51747  8340  3900  2001     5    21   231  1451  1815    30   117     4 32744 32744
 51747  8340  3900  2001     6    22   231  1537  1557    90   107     1 32744 32744
 51747  8340  3900  2001     7    22   231  2044  2235    80   140     2 32744 32744
 51747  8340  3900  2001     7    29   231  1806  1832    30   140    16 32744 32744
 51765  8742  4038  2001     3     1   231  1933  2000     8 32744 32744 32744 32744
 51765  8742  4038  2001     3     2   231  2000  2108   250 32744 32744 32744 32744
 51765  8742  4038  2001     3     6   231    45   240     9 32744 32744 32744 32744
 51765  8742  4038  2001     4     3   231  2211  2320    80 32744 32744 32744 32744
 51765  8742  4038  2001     4     3   231   223  1215    80 32744 32744 32744 32744
 51765  8742  4038  2001     4     8   231  2212  1210     3 32744 32744 32744 32744
 51765  8742  4038  2001     4    28   231  1527  1613   200 32744 32744 32744 32744
 51765  8742  4038  2001     6     8   231  1946  2000     3 32744 32744 32744 32744
 51765  8742  4038  2001     6     9   231  2000  2026   250 32744 32744 32744 32744
 51765  8742  4038  2001     7     5   231  1604  1810   250 32744 32744 32744 32744
 51765  8742  4038  2001     8     7   231  1150  1237   150 32744 32744 32744 32744
 51765  8742  4038  2001     9    11   231  1732  1758   300 32744 32744 32744 32744
 51765  8742  4038  2001    10    11   231  1026  1321    20 32744 32744 32744 32744
 51777  8810  3902  2001     3    13   231  1330  2000     4   114     4   192     5
 51777  8810  3902  2001     3    14   231  2000  2315    60    82     4   135     4
 51777  8810  3902  2001     4     3   231   310  1014     4   151     4   258     5
 51777  8810  3902  2001     4     8   231  2201   920     1   205     5   327     5
 51777  8810  3902  2001     4    28   231   935  1633     1   150    12   256    12
 51804  7514  3747  2001     4     8   231  1716  1725   250 32744 32744 32744 32744
 51804  7514  3747  2001     4    18   231  2102  2111   550 32744 32744 32744 32744
 51804  7514  3747  2001     4    26   231  1919  2000     1 32744 32744 32744 32744
 51804  7514  3747  2001     4    27   231  2000  2010   300 32744 32744 32744 32744
 51804  7514  3747  2001    10    21   231  1559  1559   550 32744 32744 32744 32744
 51804  7514  3747  2001    10    24   231  1504  1504   500 32744 32744 32744 32744
 51804  7514  3747  2001    11    27   231  1453  1453   550 32744 32744 32744 32744
 51804  7514  3747  2001    12     7   231  1848  1851   500 32744 32744 32744 32744
 51804  7514  3747  2001    12     9   231  1834  1834   600 32744 32744 32744 32744
 51804  7514  3747  2001    12    14   231  1752  1752   500 32744 32744 32744 32744
 51811  7716  3826  2001     4     2   231  1857  2000     4    97    15   167    15
 51811  7716  3826  2001     4     3   231  2000   520     8   108    15   192    15
 51811  7716  3826  2001     4     5   231  1945  2000     4    87     1   150     1
 51811  7716  3826  2001     4     6   231  2000  2040    70    83     1   148     1
 51811  7716  3826  2001     4     8   231  1346  1420     6    91     3   138     3
 51811  7716  3826  2001     4     9   231  2007  2145     7    62     3   125     5
 51811  7716  3826  2001     4    20   231   647  1108     4    72    15   133    15
 51811  7716  3826  2001     5    14   231  2213    10    30    85     1   179     1
 51811  7716  3826  2001     5    20   231  2201  2304     6   108    15   213    15
 51811  7716  3826  2001     5    20   231  1942  2000     6   108    15   213    15
 51811  7716  3826  2001     5    21   231  2000  2153   100    91    15   171    15
 51811  7716  3826  2001     6     4   231  1625  1635    60    78     8   150     7
 51811  7716  3826  2001     6    15   231  1705  1737    40    75    15   148    15
 51811  7716  3826  2001    10    11   231   340   343    70    92    15   177    16
 51818  7817  3737  2001     4     3   231  2055    35    30    70    13 32744 32744
 51818  7817  3737  2001     5    15   231   226   240    90    74    16   140    15
 51818  7817  3737  2001     5    20   231    10    40    70    75    14   121    15
 51818  7817  3737  2001     5    21   231  2205  2224    80    64    15   115    14
 51818  7817  3737  2001     5    25   231  2015  2042    90    60    13   104    13
 51818  7817  3737  2001     6    15   231  1947  2000     7    75    14   150    14
 51818  7817  3737  2001     6    16   231  2000  2310    70    80    14   144    13
 51818  7817  3737  2001    10    11   231   509   620    70    85    14   156    14
 51828  7956  3708  2001     4     3   231  2317   239     6    87    13   179    13
 51828  7956  3708  2001     4    20   231  1152  1917     6    58    13   108    12
 51828  7956  3708  2001     4    25   231  1035  1128    15    55    13   104    13
 51828  7956  3708  2001     4    28   231  1538  1640    15    72    13   129    15
 51828  7956  3708  2001     5    20   231   226   332    60    75    13   150    12
 51828  7956  3708  2001     5    26   231  1746  1811    70    77     9   123     9
 51828  7956  3708  2001     6     1   231  2120  2325    70    80     9   133    10
 51828  7956  3708  2001     6     8   231  1829  1856    60    78    10   121    16
 51828  7956  3708  2001     6    16   231  2110  2135    15    54     2   100    12
 51828  7956  3708  2001     6    17   231   435   502    60    60    14   123    13
 51828  7956  3708  2001     6    21   231  2054  2112    80    64    11   106    11
 51828  7956  3708  2001     6    22   231  1709  1740    40    68    13   127    14
 51828  7956  3708  2001     6    26   231  1813  1835    90    69    10   117     8
 51828  7956  3708  2001     8     5   231   618   652    20    62    13   117    12
 51828  7956  3708  2001     8    16   231  2340   336     6    65    13   138    13
 51828  7956  3708  2001    10    11   231   730  1205     1    97    13   204    14
 51839  8243  3704  2001     3     3   231  1225  1510     4    79    12   123    13
 51839  8243  3704  2001     4     3   231   227  1420     1   132    12   227    12
 51839  8243  3704  2001     4     6   231  2010  2030    30    80    16   123     1
 51839  8243  3704  2001     4     8   231   544   817     0    73    12   140    13
 51839  8243  3704  2001     4     9   231  1415  1910     6    68     2   106     1
 51839  8243  3704  2001     4    21   231   121   316     6    99    12   158    10
 51839  8243  3704  2001     4    21   231   928  1620     6    99    12   158    10
 51839  8243  3704  2001     4    28   231  1327  1915     1   109    11   210    10
 51839  8243  3704  2001     5     3   231  1010  1234    20    72    12   106    12
 51839  8243  3704  2001     5     5   231  1932  2000     2    63     3   104    16
 51839  8243  3704  2001     5     6   231  2000  2041    10    69     2   133    12
 51839  8243  3704  2001     5    20   231   620  1410     3    90    12   148    12
 51839  8243  3704  2001     5    21   231   433  1535     4    89    12   144    13
 51839  8243  3704  2001     5    24   231  1037  1105    80    87     8   156     8
 51839  8243  3704  2001     5    24   231  1632  1640    80    87     8   156     8
 51839  8243  3704  2001     5    26   231   923  1237    18    84    12   135    12
 51839  8243  3704  2001     6    16   231   812   918    11    69    11   104    11
 51839  8243  3704  2001     6    18   231    10   125     9    87    12   127    11
 51839  8243  3704  2001     6    23   231  2019   318     7    95    12   154    12
 51839  8243  3704  2001     7     4   231   636  1203     6    79    11   138    12
 51839  8243  3704  2001     7    24   231  1943  2000     3    81    16   140    16
 51839  8243  3704  2001     7    25   231  2000  2141    30    83     1   127     1
 51839  8243  3704  2001     7    29   231   243   613     4   108    11   181    11
 51839  8243  3704  2001     7    29   231  1629  2000     4   108    11   181    11
 51839  8243  3704  2001     7    30   231  2000  2032   200    89    11   133    11
 51839  8243  3704  2001     8     5   231  1003  1031     8    67    11   113     3
 51839  8243  3704  2001     8    16   231   710  1437     7    85    11   140    11
 51839  8243  3704  2001     8    16   231  1805  2000     7    85    11   140    11
 51839  8243  3704  2001     8    17   231  2000  2318    11    85    12   131    13
 51839  8243  3704  2001     8    24   231   427   632    17    91    12   133    12
 51839  8243  3704  2001     8    24   231  1820  1838    17    91    12   133    12
 51839  8243  3704  2001     8    28   231  2116   233     9   102    12   165    12
 51839  8243  3704  2001     8    29   231  1910  2000     4    93    11   183    12
 51839  8243  3704  2001     8    30   231  2000  2232    50   110    11   177    11
 51839  8243  3704  2001     9     5   231  2035  2327    50   100    13   165    11
 51839  8243  3704  2001     9    12   231  1137  1232    35    82    12   117    12
 51839  8243  3704  2001     9    20   231  1123  1231    50    76    13   121    13
 51839  8243  3704  2001     9    21   231   823  1205    30    87    13   152    11
 51839  8243  3704  2001    10    11   231  1048  1840     2    97    13   167    12
 51839  8243  3704  2001    10    18   231  1033  1339    15    88    12   140    12
 51855  8533  3809  2001     4     8   231   120  1030     2 32744 32744 32744 32744
 51855  8533  3809  2001     4    28   231  1510  1617     6 32744 32744 32744 32744
 51855  8533  3809  2001     6    24   231  2340   120     3 32744 32744 32744 32744
 51855  8533  3809  2001     7    30   231  2140  2336    25 32744 32744 32744 32744
 51886  9051  3815  2001     1    11   231  1430  1828   300   257    14 32744 32744
 51886  9051  3815  2001     3     4   231  1808  1812    80   190    14 32744 32744
 51886  9051  3815  2001     4     4   231  1227  1235    40   200    14 32744 32744
 51886  9051  3815  2001     4     4   231  1605  1916    40   200    14 32744 32744
 51886  9051  3815  2001     4     7   231  1920  1922    70   177    14 32744 32744
 51886  9051  3815  2001     4     8   231   423  2000     2   220    15 32744 32744
 51886  9051  3815  2001     4     9   231  2000   330    12   210    14 32744 32744
 51886  9051  3815  2001     4     9   231  1533  1718    12   210    14 32744 32744
 51886  9051  3815  2001     4    28   231  1645  2000     1   220    13 32744 32744
 51886  9051  3815  2001     4    29   231  2000   111    20   227    13 32744 32744
 51886  9051  3815  2001     5    12   231  1615  1823   120   163    16 32744 32744
 51886  9051  3815  2001     5    13   231  1511  1641   120   170    15 32744 32744
 51886  9051  3815  2001    10     7   231  1224  1504   300   170    14 32744 32744
 51886  9051  3815  2001    12    31   231  1521  1703   350   210    14 32744 32744
 51931  8139  3651  2001     4     3   231   121   830     2   100    13   167    13
 51931  8139  3651  2001     4     8   231  1233  1248     1    80    10   117    11
 51931  8139  3651  2001    10    11   231  1204  1610     7    91    14   144    15
 52101  9300  4336  2001     4     5   231  1927  2000     1 32744 32744 32744 32744
 52101  9300  4336  2001     4     6   231  2000  2117   350 32744 32744 32744 32744
 52118  9442  4316  2001     4     6   231  2127  2216   150 32744 32744 32744 32744
 52118  9442  4316  2001     4     6   231   345   425   150 32744 32744 32744 32744
 52203  9331  4249  2001     4     8   231  2024  2342    90   149     3   235     3
 52267 10104  4157  2001     4     6   231   825  1617     3   177    16 32744 32744
 52267 10104  4157  2001     4     8   231   252  1115     1   170    15 32744 32744
 52267 10104  4157  2001     4    22   231  1049  1816     4   100     4 32744 32744
 52267 10104  4157  2001     4    29   231  2216   136     9   157    14 32744 32744
 52267 10104  4157  2001     4    29   231   615  1814     9   157    14 32744 32744
 52267 10104  4157  2001     5    22   231   227   510    12   127    16 32744 32744
 52267 10104  4157  2001     5    29   231   808  1034    20   103     6 32744 32744
 52267 10104  4157  2001     6    17   231  1548  1558   300    97     2 32744 32744
 52267 10104  4157  2001     6    19   231  1531  1542   300   120     1 32744 32744
 52323  9702  4148  2001     4     7   231  1905  2000     6   193    16 32744 32744
 52323  9702  4148  2001     4     8   231  2000  2108    70   210    15 32744 32744
 52378 10222  4122  2001     1    30   231  1310  1646    60   180    14 32744 32744
 52378 10222  4122  2001     2     5   231  1310  1520     8   163     5 32744 32744
 52378 10222  4122  2001     3     4   231  1110  1115   150   187    14 32744 32744
 52378 10222  4122  2001     3     4   231  1455  1730   150   187    14 32744 32744
 52378 10222  4122  2001     3    13   231  1210  1835     8   177    14 32744 32744
 52378 10222  4122  2001     3    23   231  1328  1830     6   167    14 32744 32744
 52378 10222  4122  2001     3    26   231  1156  1434     8   157     6 32744 32744
 52378 10222  4122  2001     4     6   231   842  1820     6   197    13 32744 32744
 52378 10222  4122  2001     4     8   231   830  1911     8   190    14 32744 32744
 52378 10222  4122  2001     4     9   231   924  1904     6   170    13 32744 32744
 52378 10222  4122  2001     4    19   231  2015   516     4   217     6 32744 32744
 52378 10222  4122  2001     4    22   231  1416  1820    60   173     5 32744 32744
 52378 10222  4122  2001     4    29   231  2347  1720     4   207    14 32744 32744
 52378 10222  4122  2001     5     1   231  1752  1834    60   180    15 32744 32744
 52378 10222  4122  2001     5    13   231  2328  2346     4   200    14 32744 32744
 52378 10222  4122  2001     5    13   231  1208  1710     4   200    14 32744 32744
 52378 10222  4122  2001     5    22   231   732   932     8   177    14 32744 32744
 52378 10222  4122  2001     5    22   231  1242  1315     8   177    14 32744 32744
 52378 10222  4122  2001     5    29   231   710  1208     8   197     6 32744 32744
 52378 10222  4122  2001     6    13   231  1915  1932    20   153    15 32744 32744
 52378 10222  4122  2001     6    30   231   104   130    40   203    13 32744 32744
 52378 10222  4122  2001     6    30   231  1551  1832    40   203    13 32744 32744
 52378 10222  4122  2001     7    15   231  1737  2000     8   173    16 32744 32744
 52378 10222  4122  2001     7    16   231  2000  2006   300   103    16 32744 32744
 52378 10222  4122  2001     8    12   231  2030  2210   300   163    14 32744 32744
 52378 10222  4122  2001     9    13   231  1408  1455    40   157     6 32744 32744
 52378 10222  4122  2001    12    17   231  1110  1420     8   183     6 32744 32744
 52418  9441  4009  2001     2    23   231  1233  2000     8   113     4 32744 32744
 52418  9441  4009  2001     2    24   231  2000  2243    50    93     3 32744 32744
 52418  9441  4009  2001     3     5   231  1510  1615    60   140    12 32744 32744
 52418  9441  4009  2001     4     8   231  2215  2240     8    73    15 32744 32744
 52418  9441  4009  2001     4     8   231   110   210     8    73    15 32744 32744
 52418  9441  4009  2001     4    19   231   806  1112    40   107     4 32744 32744
 52418  9441  4009  2001     4    28   231  1534  1633    40   120    13 32744 32744
 52418  9441  4009  2001     6    29   231  1830  1910    80   123    14 32744 32744
 52424  9546  4032  2001     2    23   231  1251  1840     8   140     6 32744 32744
 52424  9546  4032  2001     4    20   231  1451  1730    20   113     5 32744 32744
 52424  9546  4032  2001     4    28   231  1650  1720   200    83    14 32744 32744
 52424  9546  4032  2001     6    29   231  1912  1920   200    83    15 32744 32744
 52424  9546  4032  2001     7    30   231  1251  1958     8   127     6 32744 32744
 52436  9702  4016  2001     4    28   231  1810  2000     7   120    14 32744 32744
 52436  9702  4016  2001     4    29   231  2000   451     6   200    14 32744 32744
 52436  9702  4016  2001     4    29   231  1522  1758     6   200    14 32744 32744
 52436  9702  4016  2001     6    30   231  2018  2035   200   120    13 32744 32744
 52446  9931  4018  2001     1    11   231  1408  1426    80   120    12 32744 32744
 52446  9931  4018  2001     3     4   231  1009  1448     6   177    13 32744 32744
 52446  9931  4018  2001     3     9   231  1811  1910    80   100    13 32744 32744
 52446  9931  4018  2001     3    26   231  1935  2000     7   113    16 32744 32744
 52446  9931  4018  2001     3    27   231  2000  2020   120   100     4 32744 32744
 52446  9931  4018  2001     4     6   231   417   912     7   197    16 32744 32744
 52446  9931  4018  2001     4     8   231  2302   427     7   203    16 32744 32744
 52446  9931  4018  2001     4    29   231  2252   545    50   200    14 32744 32744
 52446  9931  4018  2001     4    29   231  1140  1148    50   200    14 32744 32744
 52446  9931  4018  2001     4    29   231  1617  1740    50   200    14 32744 32744
 52446  9931  4018  2001     5    13   231  2025  2045   120   117    13 32744 32744
 52446  9931  4018  2001     6    25   231  1820  2000     6   130    12 32744 32744
 52446  9931  4018  2001     6    26   231  2000  2025   150   110    14 32744 32744
 52446  9931  4018  2001     6    30   231  2215  2220   250   137    16 32744 32744
 52446  9931  4018  2001     7     6   231   403   421   120   137    16 32744 32744
 52446  9931  4018  2001    12    30   231  1423  1444    80   113    12 32744 32744
 52447  9854  4000  2001     1    12   231  1706  1716   300   110    13 32744 32744
 52447  9854  4000  2001     1    30   231  1609  1845    70   113    14 32744 32744
 52447  9854  4000  2001     3     1   231  1807  1906   150   100    14 32744 32744
 52447  9854  4000  2001     3     4   231  1132  1827     2   173    13 32744 32744
 52447  9854  4000  2001     4    19   231   653   805     9   107     2 32744 32744
 52447  9854  4000  2001     4    24   231  1707  1743   200   120    15 32744 32744
 52447  9854  4000  2001     4    29   231  2143   647     1   193    13 32744 32744
 52447  9854  4000  2001     4    29   231  1437  2000     1   193    13 32744 32744
 52447  9854  4000  2001     4    30   231  2000  2030    20   100    13 32744 32744
 52447  9854  4000  2001     6    30   231  2201  2231   250   107    15 32744 32744
 52447  9854  4000  2001     7     6   231   713  1031     9   123    14 32744 32744
 52447  9854  4000  2001     8    11   231  1535  1605   400   137    14 32744 32744
 52495 10448  4010  2001     3     5   231  1118  1733     6   197    13 32744 32744
 52495 10448  4010  2001     3    23   231  1604  1704   150   173    13 32744 32744
 52495 10448  4010  2001     4     6   231   947  1642     3   200    14 32744 32744
 52495 10448  4010  2001     4     8   231   927  1728     4   230    14 32744 32744
 52495 10448  4010  2001     4    23   231  2055     4   120   200     1 32744 32744
 52495 10448  4010  2001     4    29   231   504  1108     4   207    14 32744 32744
 52495 10448  4010  2001     5    19   231  1528  1536   200   147    13 32744 32744
 52495 10448  4010  2001    12    11   231  1253  1312    70   190    14 32744 32744
 52533  9829  3946  2001     1    30   231  1438  1620   120    92    15   131    16
 52533  9829  3946  2001     3     4   231  1132  1142   120   136    15   215    14
 52533  9829  3946  2001     4     8   231   424   605    80   125    16   194    16
 52533  9829  3946  2001     4    29   231  2203  2224     3   142    14   240    14
 52533  9829  3946  2001     4    29   231    10   315     3   142    14   240    14
 52533  9829  3946  2001     5     1   231  1735  1822   120   134    15   223    15
 52533  9829  3946  2001     7    27   231  1907  1931   200   117    13   235    12
 52546  9950  3922  2001     1    11   231  1416  1514    60   110    14 32744 32744
 52546  9950  3922  2001     1    30   231  1810  1900     8    77    15 32744 32744
 52546  9950  3922  2001     4     8   231   424   540    25   120    14 32744 32744
 52546  9950  3922  2001     4    19   231   741  1620     3    90     5 32744 32744
 52546  9950  3922  2001     4    29   231  2302   732     2   160    15 32744 32744
 52546  9950  3922  2001     6    30   231  2328  2350    60   110    14 32744 32744
 52546  9950  3922  2001     7     6   231  1109  1215    30    80    15 32744 32744
 52576 10141  3913  2001     4    12   231  1327  1616     8   150    14 32744 32744
 52576 10141  3913  2001     4    29   231   515  1015    30   160    14 32744 32744
 52576 10141  3913  2001     6    12   231  2035  2152   120   140     6 32744 32744
 52576 10141  3913  2001     6    26   231  2008  2050   200   100    14 32744 32744
 52576 10141  3913  2001     6    30   231   736   751     9   137    15 32744 32744
 52576 10141  3913  2001     6    30   231  1426  1432     9   137    15 32744 32744
 52576 10141  3913  2001     7    15   231   938  1037    15   110    14 32744 32744
 52576 10141  3913  2001     8    11   231  1933  2000     7   120     6 32744 32744
 52576 10141  3913  2001     8    12   231  2000  2153   300   113    16 32744 32744
 52602  9320  3845  2001     1    11   231  1419  1605   300   200    15 32744 32744
 52602  9320  3845  2001     3     5   231  1502  1504   150   160    14 32744 32744
 52602  9320  3845  2001     3    15   231  1547  1818    70   180    14 32744 32744
 52602  9320  3845  2001     4     4   231  1305  1507    70   200    15 32744 32744
 52602  9320  3845  2001     4     8   231   725  2000     1   213    14 32744 32744
 52602  9320  3845  2001     4     9   231  2000  2027   110   210    13 32744 32744
 52602  9320  3845  2001     4    21   231  1848  1955     6   190     1 32744 32744
 52602  9320  3845  2001     4    22   231  2008  2130   120   180     1 32744 32744
 52602  9320  3845  2001     4    23   231  1455  1522   120   197    15 32744 32744
 52602  9320  3845  2001     4    28   231  1942  1948     7   190    15 32744 32744
 52602  9320  3845  2001     4    29   231  2016   130    80   230    15 32744 32744
 52602  9320  3845  2001     6    24   231  1824  1835    70   170    14 32744 32744
 52602  9320  3845  2001     6    29   231  1646  1653   150   160    14 32744 32744
 52602  9320  3845  2001     9    28   231  1548  1555   200   200    14 32744 32744
 52602  9320  3845  2001    10     1   231  1506  1513   300   170    15 32744 32744
 52602  9320  3845  2001    10     7   231  1452  1546   300   200    15 32744 32744
 52633  9825  3848  2001     1    11   231  1407  1420   200   223    14 32744 32744
 52633  9825  3848  2001     5    13   231  1614  1628   300   210    14 32744 32744
 52652 10026  3856  2001     1    11   231  1445  1541   200   123    15   188    15
 52652 10026  3856  2001     4     4   231  1911  1917    50   103    15   169    15
 52652 10026  3856  2001     4     8   231   730   942     6    97    15   156    15
 52652 10026  3856  2001     4    19   231  1019  1038    18    74    12   131     9
 52652 10026  3856  2001     4    29   231  2355   228     4   123    15   194    15
 52652 10026  3856  2001     8    11   231  1854  1936    15   101    15   175    15
 52661 10105  3848  2001     3    26   231  1226  1231    90   140    14 32744 32744
 52661 10105  3848  2001     4     8   231   828  1138    20   130    12 32744 32744
 52674 10158  3814  2001     1    30   231  1004  1035    90   147    14 32744 32744
 52674 10158  3814  2001     3    26   231  1605  1736    60   190    14 32744 32744
 52674 10158  3814  2001     4     6   231  1006  1210    30   140    14 32744 32744
 52674 10158  3814  2001     4     8   231   713  1312     1   160    14 32744 32744
 52674 10158  3814  2001     4    29   231   223   640    14   180    14 32744 32744
 52674 10158  3814  2001     6    30   231  1546  1640    20   120    14 32744 32744
 52679 10240  3755  2001     3    26   231  1506  1722    50   108    15   175    15
 52679 10240  3755  2001     4     6   231   934  1042    15    75    15   160    13
 52679 10240  3755  2001     4     8   231 32744 32744     8    66    15   133    15
 52679 10240  3755  2001     4    12   231  1641  1916    12    60     2   106     2
 52679 10240  3755  2001     4    29   231   812   835    30    98    15   165    15
 52679 10240  3755  2001     6    11   231  1855  1908    18    63     3   152     4
 52681 10305  3838  2001     1     2   231  1128  1139    80   120    14 32744 32744
 52681 10305  3838  2001     1    11   231  1940  2000     8   140    14 32744 32744
 52681 10305  3838  2001     1    12   231  2000  2130   120   130    14 32744 32744
 52681 10305  3838  2001     3     4   231  1112  1236    17   120    14 32744 32744
 52681 10305  3838  2001     3    19   231  1256  1640     7   127    14 32744 32744
 52681 10305  3838  2001     4     6   231   916  1117    70   120    14 32744 32744
 52681 10305  3838  2001     4     8   231   722  1328     8   147    14 32744 32744
 52681 10305  3838  2001     4     9   231  1435  1621    15   123    14 32744 32744
 52681 10305  3838  2001     4    12   231  1505  1620    60   127    14 32744 32744
 52681 10305  3838  2001     4    29   231   410  1307     4   170    14 32744 32744
 52681 10305  3838  2001     6    11   231  1705  1811    15   110     4 32744 32744
 52681 10305  3838  2001     6    30   231  1528  1543   150   110    15 32744 32744
 52681 10305  3838  2001     8    12   231  2125  2336   200   113    14 32744 32744
 52681 10305  3838  2001     9    15   231  1508  1923    17   137    14 32744 32744
 52681 10305  3838  2001    12    30   231  1456  1538   150    87    14 32744 32744
 52707  9341  3648  2001     4    18   231  1930  2000     6   123    14 32744 32744
 52707  9341  3648  2001     4    19   231  2000  2011   120   103    14 32744 32744
 52707  9341  3648  2001     4    21   231  1938  2000     6   100     1 32744 32744
 52707  9341  3648  2001     4    22   231  2000  2347    30   130    15 32744 32744
 52707  9341  3648  2001     4    29   231  2056  2152    90   137     1 32744 32744
 52707  9341  3648  2001     5    22   231  2017  2119    40   113     1 32744 32744
 52707  9341  3648  2001     7     5   231  2045  2153   200   130    14 32744 32744
 52707  9341  3648  2001     7     6   231  2024  2210   150   140    15 32744 32744
 52713  9522  3751  2001     4     8   231  1549  2000     5   140    15 32744 32744
 52713  9522  3751  2001     4     9   231  2000   320     8   150    13 32744 32744
 52713  9522  3751  2001     4    29   231   120   610     5   153    15 32744 32744
 52754 10008  3720  2001     1    11   231  1439  1508   250   170    12 32744 32744
 52754 10008  3720  2001     1    29   231  1506  1525   200   200    14 32744 32744
 52754 10008  3720  2001     3     2   231  1516  1728   180   170    12 32744 32744
 52754 10008  3720  2001     3     5   231  1236  1711   100   193    12 32744 32744
 52754 10008  3720  2001     3    22   231  1433  1435   200   140    12 32744 32744
 52754 10008  3720  2001     4    10   231  1628  1629   150   140    12 32744 32744
 52754 10008  3720  2001     5     2   231  1503  1505   200   130    14 32744 32744
 52754 10008  3720  2001     5    13   231  1406  1535   200   187    12 32744 32744
 52765 10137  3723  2001     1    12   231  1644  1645   250   130    12 32744 32744
 52765 10137  3723  2001     3     5   231  1429  1529   150   160    12 32744 32744
 52765 10137  3723  2001     3     5   231  1913  1915   150   160    12 32744 32744
 52787 10252  3712  2001     4     8   231  1338  1602     8   230     1 32744 32744
 52787 10252  3712  2001     4    12   231  1905  2000     6   200     1 32744 32744
 52787 10252  3712  2001     4    13   231  2000  2220    20   207     1 32744 32744
 52797 10403  3711  2001     3    26   231  1710  2000     9   100    16 32744 32744
 52797 10403  3711  2001     3    27   231  2000  2010   150    57    16 32744 32744
 52797 10403  3711  2001     4     6   231  1116  1710     4   100    16 32744 32744
 52797 10403  3711  2001     4     8   231   952  1030     2   107    16 32744 32744
 52797 10403  3711  2001     4     8   231  1506  1930     2   107    16 32744 32744
 52797 10403  3711  2001     4    12   231  1852  2000     4    73    16 32744 32744
 52797 10403  3711  2001     4    13   231  2000  2210   150    87    16 32744 32744
 52797 10403  3711  2001     4    29   231   606  1120     2    90    16 32744 32744
 52818  9454  3625  2001     4    29   231  2237  2252   100    90    14 32744 32744
 52818  9454  3625  2001     5    21   231  1920  1929    80   100    14 32744 32744
 52825  9625  3626  2001     4     4   231  1204  1750     4   117    14 32744 32744
 52825  9625  3626  2001     4     8   231  1730  1925    20   153    14 32744 32744
 52825  9625  3626  2001     4    29   231   225   315   150   160    14 32744 32744
 52833  9829  3655  2001     3     2   231  1639  1910    70   110    13 32744 32744
 52833  9829  3655  2001     4     9   231  2050   452     4   133    11 32744 32744
 52833  9829  3655  2001     4    29   231   516  1005     6   137    12 32744 32744
 52836  9806  3618  2001     1    12   231  2151  2242   120   100    11 32744 32744
 52836  9806  3618  2001     4     8   231  1912  2000     6   110    12 32744 32744
 52836  9806  3618  2001     4     9   231  2000  2124    70   120    12 32744 32744
 52856 10037  3616  2001     3     5   231  1309  1410     7   240    14 32744 32744
 52866 10145  3643  2001     4     8   231  1920  2000     6   109    10 32744 32744
 52866 10145  3643  2001     4     9   231  2000  2135    70    78     7 32744 32744
 52889 10353  3603  2001     4     8   231  1535  2000     4    67     3 32744 32744
 52889 10353  3603  2001     4     9   231  2000  2050    60    40     2 32744 32744
 52895 10441  3634  2001     4     8   231  1410  2000     6   167     2 32744 32744
 52895 10441  3634  2001     4     9   231  2000  2208    50   140     2 32744 32744
 52895 10441  3634  2001     4    29   231   835  1038    40   100    15 32744 32744
 52908  9305  3513  2001     1    28   231  1516  1618    80   200    13 32744 32744
 52908  9305  3513  2001     1    29   231  1510  1528   120   190    13 32744 32744
 52908  9305  3513  2001     1    30   231  1232  1810     6   220    12 32744 32744
 52908  9305  3513  2001     1    31   231  1228  1748     4   260    12 32744 32744
 52908  9305  3513  2001     2     2   231  1446  1656   200   220    13 32744 32744
 52908  9305  3513  2001     4     7   231  1249  1734   120   210    13 32744 32744
 52908  9305  3513  2001     4     8   231  1223  1830    80   230    13 32744 32744
 52908  9305  3513  2001     4     9   231  1506  1820    90   230    13 32744 32744
 52908  9305  3513  2001    12     3   231  1520  1532   250   210    13 32744 32744
 52908  9305  3513  2001    12    25   231  1530  1533   400   190    13 32744 32744
 52943  9959  3535  2001     1    12   231  1122  1522     7   220    13 32744 32744
 52943  9959  3535  2001     3     2   231  1508  1516   350   140    14 32744 32744
 52943  9959  3535  2001     3     5   231   947  1619     3   200    13 32744 32744
 52943  9959  3535  2001     3     6   231  1308  1638   200   163    13 32744 32744
 52943  9959  3535  2001     3    26   231  1142  1142   350   130    15 32744 32744
 52943  9959  3535  2001     4     8   231  1410  1531   250   177    12 32744 32744
 52955 10045  3535  2001     2    16   231  1749  1819   250    80    16 32744 32744
 52955 10045  3535  2001     3     2   231  1640  1702   400   107    14 32744 32744
 52955 10045  3535  2001     3     5   231   936  1740     9   103    14 32744 32744
 52955 10045  3535  2001     4     8   231  1418  1418   200    87    10 32744 32744
 52983 10409  3552  2001     4    29   231   850   921    20    74    15   104    16
 52984 10311  3535  2001     4     8   231  1727  2000     8   140     1 32744 32744
 52984 10311  3535  2001     4     9   231  2000  2142    40    90     1 32744 32744
 52996 10500  3523  2001     4     8   231  1821  2000     2   183     1 32744 32744
 52996 10500  3523  2001     4     9   231  2000    12     8   200     1 32744 32744
 52996 10500  3523  2001     4    29   231  1015  1510     0   200     2 32744 32744
 53068 11158  4339  2001     1     1   231  2352   637     4   207    14 32744 32744
 53068 11158  4339  2001     3    19   231  1131  1543     8   150    14 32744 32744
 53068 11158  4339  2001     3    21   231   850  1217   200   170    16 32744 32744
 53068 11158  4339  2001     4     6   231  1123  2000     0   203    13 32744 32744
 53068 11158  4339  2001     4     7   231  2000   327     0   230    13 32744 32744
 53068 11158  4339  2001     4     7   231  1130  1455     0   230    13 32744 32744
 53068 11158  4339  2001     4     9   231  1308  2000     3   187    13 32744 32744
 53068 11158  4339  2001     4    10   231  2000    47    90   160    13 32744 32744
 53068 11158  4339  2001     4    27   231  1424  1818   180   143    13 32744 32744
 53068 11158  4339  2001     4    29   231  1236  1245     0   120    13 32744 32744
 53068 11158  4339  2001     4    29   231  1656  1826     0   120    13 32744 32744
 53068 11158  4339  2001     5     1   231  1425  1832    10   150    13 32744 32744
 53068 11158  4339  2001     5     3   231  1206  1825     6   170    15 32744 32744
 53068 11158  4339  2001     6    26   231   108   135    90   130     2 32744 32744
 53068 11158  4339  2001    12    12   231   840  1648     6   190    13 32744 32744
 53083 11409  4437  2001     3    13   231  1530  1600   200   160     2 32744 32744
 53083 11409  4437  2001     3    21   231  1001  1230   300   177    14 32744 32744
 53083 11409  4437  2001     4     6   231  1731  2000     2   190    13 32744 32744
 53083 11409  4437  2001     4     7   231  2000  1619     2   220    13 32744 32744
 53083 11409  4437  2001     4     9   231  1544  2000     7   160    12 32744 32744
 53083 11409  4437  2001     4    10   231  2000  2340   200   167    12 32744 32744
 53083 11409  4437  2001     4    27   231  1420  1507   150   150    12 32744 32744
 53083 11409  4437  2001     5     3   231  1420  1440   200   137    14 32744 32744
 53149 11008  4232  2001     1     1   231  2040   520     1   230    13 32744 32744
 53149 11008  4232  2001     1    28   231  1220  1427     8   177    14 32744 32744
 53149 11008  4232  2001     1    30   231  1247  1357     8   190    14 32744 32744
 53149 11008  4232  2001     2    28   231  1207  1400     9   150    12 32744 32744
 53149 11008  4232  2001     3     1   231  1420  1742   150   170    12 32744 32744
 53149 11008  4232  2001     3     4   231  1421  1806   110   150    12 32744 32744
 53149 11008  4232  2001     3     5   231   932  1737     8   200    12 32744 32744
 53149 11008  4232  2001     3    12   231  1407  1758    30   160 32744 32744 32744
 53149 11008  4232  2001     3    21   231   908  1220   300   180    15 32744 32744
 53149 11008  4232  2001     3    23   231   851  1437     8   200    13 32744 32744
 53149 11008  4232  2001     4     6   231   820  2000     0   260    13 32744 32744
 53149 11008  4232  2001     4     7   231  2000  2042   110   163    13 32744 32744
 53149 11008  4232  2001     4     8   231  1011  1120    12   160    14 32744 32744
 53149 11008  4232  2001     4     8   231  1635  1932    12   160    14 32744 32744
 53149 11008  4232  2001     4     9   231   823  1903    30   190    13 32744 32744
 53149 11008  4232  2001     4    17   231   923   931   150   133    12 32744 32744
 53149 11008  4232  2001     4    29   231  1015  2000     3   220    13 32744 32744
 53149 11008  4232  2001     4    30   231  2000  2048     7   200    13 32744 32744
 53149 11008  4232  2001     4    30   231  1153  1412     7   200    13 32744 32744
 53149 11008  4232  2001     5     1   231  1025  2000     8   230    13 32744 32744
 53149 11008  4232  2001     5     7   231  1623  1713   200   137    16 32744 32744
 53149 11008  4232  2001     5    22   231  1637  1826    60   160    10 32744 32744
 53149 11008  4232  2001     6     6   231   751   821     6   150    13 32744 32744
 53149 11008  4232  2001     6     9   231  1855  1918   300   180     6 32744 32744
 53149 11008  4232  2001     6    29   231  1120  1238   200   190    12 32744 32744
 53149 11008  4232  2001     6    30   231  1437  1440   200   137    16 32744 32744
 53149 11008  4232  2001    12    12   231  2352   417     8   207    13 32744 32744
 53192 11457  4401  2001     3    21   231  1020  1441     6   190    15 32744 32744
 53192 11457  4401  2001     4     6   231  1527  2000     0   190    13 32744 32744
 53192 11457  4401  2001     4     7   231  2000  1821     0   200    13 32744 32744
 53192 11457  4401  2001     4    22   231  1004  1120    70   143    13 32744 32744
 53192 11457  4401  2001     4    27   231  1705  1714   200   113    12 32744 32744
 53192 11457  4401  2001     5     3   231  1452  1730   150   197    13 32744 32744
 53192 11457  4401  2001     5     4   231  1125  1220    12   150    13 32744 32744
 53192 11457  4401  2001    12    12   231   730  1438     6   173    12 32744 32744
 53195 11338  4352  2001     3     2   231  1034  1650    50   180    13 32744 32744
 53195 11338  4352  2001     3     5   231  1421  1510   100   160    12 32744 32744
 53195 11338  4352  2001     3    13   231  1630  1741    15   143     3 32744 32744
 53195 11338  4352  2001     3    19   231  1145  1538     6   200    13 32744 32744
 53195 11338  4352  2001     3    21   231   915  1405     8   230    13 32744 32744
 53195 11338  4352  2001     3    23   231  1244  1550     4   190    12 32744 32744
 53195 11338  4352  2001     4     6   231  1247  2000     0   240    12 32744 32744
 53195 11338  4352  2001     4     7   231  2000  1726     0   220 32744 32744 32744
 53195 11338  4352  2001     4     9   231  2325   110     4   150    12 32744 32744
 53195 11338  4352  2001     4     9   231  1253  2000     4   150    12 32744 32744
 53195 11338  4352  2001     4    10   231  2000   230     4   183    11 32744 32744
 53195 11338  4352  2001     4    10   231  1526  1751     4   183    11 32744 32744
 53195 11338  4352  2001     4    15   231   840  1025   150   150    12 32744 32744
 53195 11338  4352  2001     4    17   231   837  1721     9   183    11 32744 32744
 53195 11338  4352  2001     4    22   231   816  1310    60   180    12 32744 32744
 53195 11338  4352  2001     4    22   231  1830  1910    60   180    12 32744 32744
 53195 11338  4352  2001     4    27   231  1251  2000     4   167    13 32744 32744
 53195 11338  4352  2001     4    28   231  2000  2010   120   123    14 32744 32744
 53195 11338  4352  2001     4    29   231  1407  1555    80   170    11 32744 32744
 53195 11338  4352  2001     4    30   231    20   413     4   180    12 32744 32744
 53195 11338  4352  2001     4    30   231  1250  1620     4   180    12 32744 32744
 53195 11338  4352  2001     5     1   231  1020  2000     0   200    13 32744 32744
 53195 11338  4352  2001     5     2   231  2000  2010   120   170    14 32744 32744
 53195 11338  4352  2001     5     3   231   545   630     1   233    14 32744 32744
 53195 11338  4352  2001     5     3   231  1302  2000     1   233    14 32744 32744
 53195 11338  4352  2001     5     4   231  2000  2106     3   150    14 32744 32744
 53195 11338  4352  2001     5     4   231  1320  1841     3   150    14 32744 32744
 53195 11338  4352  2001     5     6   231  1705  1750   180   160    13 32744 32744
 53195 11338  4352  2001     5    12   231  1250  1256    60   153    12 32744 32744
 53195 11338  4352  2001     5    13   231   825  1625     6   200    12 32744 32744
 53195 11338  4352  2001     5    14   231  1456  1703   120   167    13 32744 32744
 53195 11338  4352  2001     5    15   231  1037  1808     9   173    15 32744 32744
 53195 11338  4352  2001     5    19   231  1310  1710     8   153    12 32744 32744
 53195 11338  4352  2001     5    21   231  1439  1446    90   140    12 32744 32744
 53195 11338  4352  2001     5    22   231   742  1058     8   150     5 32744 32744
 53195 11338  4352  2001     5    28   231  1046  1432   300   187    14 32744 32744
 53195 11338  4352  2001     7    16   231  1925  1936    12   110     9 32744 32744
 53195 11338  4352  2001     8    14   231  2005  2020   300   207    10 32744 32744
 53195 11338  4352  2001    12    12   231   558  1520     3   190    12 32744 32744
 53231 10624  4124  2001     1     1   231  2000    20   120   197    14 32744 32744
 53231 10624  4124  2001     3     1   231  1410  1540    70   157    13 32744 32744
 53231 10624  4124  2001     3     4   231  1220  1850    60   160    13 32744 32744
 53231 10624  4124  2001     3     5   231   935  1443     7   187    14 32744 32744
 53231 10624  4124  2001     3    23   231  1604  1739    60   170    12 32744 32744
 53231 10624  4124  2001     4     6   231   838  1752     3   203    13 32744 32744
 53231 10624  4124  2001     4     8   231   906  1826     3   140    12 32744 32744
 53231 10624  4124  2001     4     9   231   723  1815     8   177    13 32744 32744
 53231 10624  4124  2001     4    22   231  1632  2000     8   197     3 32744 32744
 53231 10624  4124  2001     4    23   231  2000    45    70   183     3 32744 32744
 53231 10624  4124  2001     4    29   231   709  1413     8   177    13 32744 32744
 53231 10624  4124  2001     5     1   231  1450  1530    60   150    13 32744 32744
 53231 10624  4124  2001     5    13   231  1310  1530     7   150    13 32744 32744
 53231 10624  4124  2001     5    22   231  1426  1544    30   143    13 32744 32744
 53231 10624  4124  2001     6     9   231  1725  2000     7   213     8 32744 32744
 53231 10624  4124  2001     6    10   231  2000  2140   120   190     8 32744 32744
 53231 10624  4124  2001     7     6   231   810  1410     9   193     9 32744 32744
 53231 10624  4124  2001     7    12   231  1756  1828    50   200     2 32744 32744
 53231 10624  4124  2001     8    24   231  1622  1745   200   193     3 32744 32744
 53231 10624  4124  2001     9    21   231   820  1225    80   200     8 32744 32744
 53231 10624  4124  2001    12    11   231  1210  1718     6   157    12 32744 32744
 53276 11254  4224  2001     1     1   231   211  1619     4   202    14   288    14
 53276 11254  4224  2001     2    28   231  1350  1702     8   150    13   215    12
 53276 11254  4224  2001     3     5   231  1225  1935     4   157    13   225    12
 53276 11254  4224  2001     3     6   231  2048  2306    50   155    14   202    14
 53276 11254  4224  2001     3    19   231  1348  1643     8   149    14   227    15
 53276 11254  4224  2001     3    21   231   823  1318    30   179    15   244    14
 53276 11254  4224  2001     3    23   231  1055  1718     3   155    12   215    13
 53276 11254  4224  2001     4     6   231  1309  2000     0   180    11   267    11
 53276 11254  4224  2001     4     7   231  2000    15     7   140    13   213    11
 53276 11254  4224  2001     4    22   231  1512  1618   110   150     1   208    12
 53276 11254  4224  2001     4    27   231  1427  1740    15   125    13   200    14
 53276 11254  4224  2001     4    30   231  1607  1802    50   133    12   198    14
 53276 11254  4224  2001     5     1   231  1338  1841     7   142    12   225    12
 53276 11254  4224  2001     5     2   231    43    58    20   114    15   169    16
 53276 11254  4224  2001     5     3   231  1220  1732     3   155    14   227    14
 53276 11254  4224  2001     5     7   231  1806  1832   150   151    16   219    15
 53276 11254  4224  2001     5    13   231   847   940   120   151    11   217    11
 53276 11254  4224  2001     5    13   231  1841  1843   120   151    11   217    11
 53276 11254  4224  2001     5    14   231  1622  1628   110   151    14   219    14
 53276 11254  4224  2001     6    29   231  1536  1638    60   161    12   235    13
 53276 11254  4224  2001     7     1   231  1524  1532   150   146    14   196    16
 53276 11254  4224  2001    12    12   231   948  1823     0   172    13   252    15
 53276 11254  4224  2001    12    28   231  1120  1503    30   160    12   219    12
 53336 10831  4134  2001     1     1   231  2310    30   120   167    13 32744 32744
 53336 10831  4134  2001     4     6   231  1451  1935    40   147    14 32744 32744
 53336 10831  4134  2001     4     8   231  1639  1915    50   187    14 32744 32744
 53336 10831  4134  2001     4    29   231  1130  1326    20   143    14 32744 32744
 53336 10831  4134  2001     5     3   231   955  1420     7   153    14 32744 32744
 53336 10831  4134  2001     5     7   231  1752  1833   100   127     1 32744 32744
 53352 11026  4142  2001     1     1   231  2209   216     9   150    13 32744 32744
 53352 11026  4142  2001     2    28   231  1458  1738   150   150    14 32744 32744
 53352 11026  4142  2001     3     3   231  1330  1625     9   130    14 32744 32744
 53352 11026  4142  2001     3     5   231   857  1833     4   147    14 32744 32744
 53352 11026  4142  2001     3    23   231  1509  1936    20   140    14 32744 32744
 53352 11026  4142  2001     4     6   231  1227  2000     2   140    13 32744 32744
 53352 11026  4142  2001     4     7   231  2000   235     9   120 32744 32744 32744
 53352 11026  4142  2001     4     8   231  1857  2000     3   120    15 32744 32744
 53352 11026  4142  2001     4     9   231  2000  2105   160   127    13 32744 32744
 53352 11026  4142  2001     4    29   231  1425  1734    60   120    13 32744 32744
 53352 11026  4142  2001     5     3   231  1140  1437     9   147    14 32744 32744
 53352 11026  4142  2001     6    14   231  1405  1546   200   170    15 32744 32744
 53362 11141  4132  2001     3     5   231  1425  1605   150   130    13 32744 32744
 53391 11400  4154  2001     1     1   231   447  1715     7   137    12 32744 32744
 53391 11400  4154  2001     3     5   231  1619  1759   150   103    12 32744 32744
 53391 11400  4154  2001     3    21   231  1205  1510     9   143    14 32744 32744
 53391 11400  4154  2001     3    23   231  1745  1959     9   100    12 32744 32744
 53391 11400  4154  2001     4     7   231  2052   520     9   100    13 32744 32744
 53391 11400  4154  2001     5     3   231  1430  1930    50   117    14 32744 32744
 53399 11442  4109  2001     1     1   231  1112  1625     8   147    14 32744 32744
 53399 11442  4109  2001     3    21   231  1235  1720     7   140    14 32744 32744
 53399 11442  4109  2001     5    15   231   905  1615     8   170    15 32744 32744
 53446 10951  4040  2001     3     3   231  1228  1610     8   103    12 32744 32744
 53446 10951  4040  2001     3     5   231  1152  1748    30   130    12 32744 32744
 53446 10951  4040  2001     3    13   231  1848  1855   120    67    14 32744 32744
 53446 10951  4040  2001     3    14   231  2319    10   100    80    16 32744 32744
 53446 10951  4040  2001     3    14   231   344   441   100    80    16 32744 32744
 53446 10951  4040  2001     3    23   231  1539  1611   100   103    12 32744 32744
 53446 10951  4040  2001     4     6   231  1751  2000     6    90    12 32744 32744
 53446 10951  4040  2001     4     7   231  2000  2011    80    73    11 32744 32744
 53446 10951  4040  2001     4    19   231  2215  2305   180    83     3 32744 32744
 53446 10951  4040  2001     4    22   231  1753  2000     6   100     5 32744 32744
 53446 10951  4040  2001     4    23   231  2000  2247   150    97     2 32744 32744
 53446 10951  4040  2001     5    13   231  1540  1630   200    90    11 32744 32744
 53446 10951  4040  2001     5    23   231  1758  1816   160    90    13 32744 32744
 53446 10951  4040  2001     6    11   231  1708  1742   150    93    13 32744 32744
 53446 10951  4040  2001     6    14   231  1745  1811   150   130    13 32744 32744
 53463 11141  4049  2001     3     5   231  1433  1740    50   100    15 32744 32744
 53463 11141  4049  2001     4     7   231  2112    53    70    77    11 32744 32744
 53463 11141  4049  2001     4     9   231  2223  2356   100    93    16 32744 32744
 53463 11141  4049  2001     4    22   231  1753  2000     8    90    16 32744 32744
 53463 11141  4049  2001     4    23   231  2000  2033   200    70     2 32744 32744
 53463 11141  4049  2001     5     3   231  1320  1428     5   130    14 32744 32744
 53463 11141  4049  2001     6    14   231  1615  1757   200   100    15 32744 32744
 53478 11227  4000  2001     3     5   231  1520  2000     7   160    13 32744 32744
 53478 11227  4000  2001     3     6   231  2000  2345    30   123    14 32744 32744
 53478 11227  4000  2001     3    24   231  1307  1610     6   160    14 32744 32744
 53478 11227  4000  2001     6    14   231  1843  2000     5    93    12 32744 32744
 53478 11227  4000  2001     6    15   231  2000  2046   150   123    14 32744 32744
 53480 11304  4102  2001     3    21   231  1151 32744     9   127    15 32744 32744
 53480 11304  4102  2001     4    22   231  1753  1808   150    60    12 32744 32744
 53502 10545  3947  2001     3     5   231  1214  1523     6   147    14 32744 32744
 53502 10545  3947  2001     4     6   231  1037  1223    30   147    14 32744 32744
 53502 10545  3947  2001     4     8   231  1111  1725     3   150    15 32744 32744
 53502 10545  3947  2001     4    22   231  1820  2000     4   113     3 32744 32744
 53502 10545  3947  2001     4    23   231  2000  2036    60   110     4 32744 32744
 53513 10725  4045  2001     4     6   231  1736  1942    15   100    14 32744 32744
 53513 10725  4045  2001     4    29   231  1236  1332    15    87    14 32744 32744
 53513 10725  4045  2001     5     7   231  1903  1915   120    83    15 32744 32744
 53519 10646  3913  2001     3    24   231  1410  1507    60   161    15   321    15
 53519 10646  3913  2001     4     8   231  1333  2000     3   216    16   306    16
 53519 10646  3913  2001     4     9   231  2000   208     4   219    16   313    15
 53519 10646  3913  2001     4    29   231   820  1332    70   210    15   348    15
 53529 10759  3906  2001     1    31   231  2051  2216   200   103    15 32744 32744
 53529 10759  3906  2001     2    14   231  1255  1615     9   130    14 32744 32744
 53529 10759  3906  2001     3     2   231  1541  1732   120   133    15 32744 32744
 53529 10759  3906  2001     3     5   231  1332  1518     8   140    14 32744 32744
 53529 10759  3906  2001     3    14   231    19   221     9   117    14 32744 32744
 53529 10759  3906  2001     3    21   231  1006  1111    40   127    14 32744 32744
 53529 10759  3906  2001     3    24   231  1252  1715     6   150    14 32744 32744
 53529 10759  3906  2001     4     6   231  1436  1901     7   110    15 32744 32744
 53529 10759  3906  2001     4     7   231  2011  2017   150    70    14 32744 32744
 53529 10759  3906  2001     4     8   231  1541  2000     1   130    16 32744 32744
 53529 10759  3906  2001     4     9   231  2000    10     5   147    16 32744 32744
 53529 10759  3906  2001     4    18   231  1751  1824   170    90     1 32744 32744
 53529 10759  3906  2001     4    29   231  1016  1425     3   120    14 32744 32744
 53529 10759  3906  2001     5    24   231  1838  1912    90   100     2 32744 32744
 53529 10759  3906  2001     6    12   231  1918  1954     8   173    16 32744 32744
 53529 10759  3906  2001     7    21   231  1801  1830   200   110    14 32744 32744
 53529 10759  3906  2001     7    24   231  2003  2024   200    93     2 32744 32744
 53529 10759  3906  2001    12    20   231  2109  2216   150   140    14 32744 32744
 53543 10959  3950  2001     3     5   231  1418  1735    30   150    12 32744 32744
 53543 10959  3950  2001     4     6   231  1624  2000     7   120    14 32744 32744
 53543 10959  3950  2001     4     7   231  2000  2120    25    97    13 32744 32744
 53602 10540  3850  2001     3     5   231   955  1210    20   110    16 32744 32744
 53602 10540  3850  2001     3    24   231  1432  1702    90   110    16 32744 32744
 53602 10540  3850  2001     4     6   231  1220  1444     8    93    16 32744 32744
 53602 10540  3850  2001     4     8   231  1044  1830     3   120    10 32744 32744
 53602 10540  3850  2001     4    19   231   354   512     3    97     2 32744 32744
 53602 10540  3850  2001     4    29   231   813   832    20   120    16 32744 32744
 53602 10540  3850  2001     5    22   231  1613  1703    12   123    16 32744 32744
 53602 10540  3850  2001     6     5   231  1935  1958     9   103     6 32744 32744
 53602 10540  3850  2001     6    11   231  1643  1908    12   140    16 32744 32744
 53602 10540  3850  2001     6    12   231  1710  1747   150   120    16 32744 32744
 53602 10540  3850  2001     7    20   231  1656  1714   300   133    16 32744 32744
 53602 10540  3850  2001     7    21   231  1703  1720   300    80     2 32744 32744
 53602 10540  3850  2001     7    23   231  1749  1826   150   150    16 32744 32744
 53614 10613  3829  2001     4     6   231  1508  1540    50   127    15   181    15
 53614 10613  3829  2001     4     8   231  1355  1617     8    99    16   163    16
 53614 10613  3829  2001     4    29   231  1050  1410     6   150    15   215    15
 53614 10613  3829  2001     6    12   231  1828  1838    40   116    14   183    14
 53614 10613  3829  2001     7     1   231  2028  2037    90   183    13   273    13
 53615 10642  3848  2001     1    30   231  1537  1615   120   117    16   181    16
 53615 10642  3848  2001     3     2   231   908  1120   150   123    16   194    16
 53615 10642  3848  2001     3     5   231  1144  1309    40   131    15   215    13
 53615 10642  3848  2001     3    14   231  2151   212     9   129    16   215    15
 53615 10642  3848  2001     3    24   231  1553  1610   120   110    14   171    12
 53615 10642  3848  2001     4     6   231  1510  1608   120   108    16   171    15
 53615 10642  3848  2001     4     8   231  1402  2000     8   150    16   248    16
 53615 10642  3848  2001     4     9   231  2000    26   120   132    15   213    15
 53615 10642  3848  2001     4    19   231  2251   120    40   156     4   208     4
 53615 10642  3848  2001     4    29   231  1015  1130   120   130    16   217    16
 53615 10642  3848  2001     8    25   231  1635  1803   120   105     5   150     5
 53646 10942  3814  2001     3     5   231  1404  1530    20   137    13 32744 32744
 53646 10942  3814  2001     3    24   231  1752  2000     9   120    12 32744 32744
 53646 10942  3814  2001     3    25   231  2000  2033   180    73    14 32744 32744
 53646 10942  3814  2001     4     9   231  2011   135    15   100    15 32744 32744
 53663 11149  3855  2001     3     5   231  1250  1920     9   180    13 32744 32744
 53663 11149  3855  2001     3    24   231  1205  1542     5   157    14 32744 32744
 53705 10540  3729  2001     4     8   231  1138  2000     8   142    14   248    11
 53705 10540  3729  2001     4     9   231  2000  2021    60   136    14   206    14
 53723 10724  3747  2001     1    13   231  2120  2319   120   114    13   190    13
 53723 10724  3747  2001     1    27   231  1144  1553     6   127    13 32744 32744
 53723 10724  3747  2001     1    30   231  1006  1139    15    91    13 32744 32744
 53723 10724  3747  2001     2    14   231  1304  1641     7   150    15 32744 32744
 53723 10724  3747  2001     2    21   231  1232  1543     8   106    11   175    11
 53723 10724  3747  2001     3     5   231  1219  1540     9    90    15   148    15
 53723 10724  3747  2001     3    19   231  1419  1518    12   124    14   196    14
 53723 10724  3747  2001     3    21   231  1122  1419     9   122    14   190    14
 53723 10724  3747  2001     3    24   231  1118  1618     9   112    14   213    15
 53723 10724  3747  2001     4     6   231  1340  1839     9    87    15   135    15
 53723 10724  3747  2001     4     8   231   904  1831    11   126    14   213    15
 53723 10724  3747  2001     4    17   231   827  1106    20    98    11   150    11
 53723 10724  3747  2001     6     4   231  2009  2124   150   132    11   225    10
 53723 10724  3747  2001     7    24   231  2013  2116   180    73    15   125    15
 53725 10735  3735  2001     1     2   231  1510  1612    40   122    13   181 32744
 53725 10735  3735  2001     1    27   231  1320  1734     7   120    13   183    13
 53725 10735  3735  2001     2    14   231  1512  1620    20   110    13   173    15
 53725 10735  3735  2001     2    21   231  1111  1631     6   109    11   175 32744
 53725 10735  3735  2001     3    21   231  1158  1534     9   101    13   175    11
 53725 10735  3735  2001     3    24   231  1102  1624     6   108    15   169 32744
 53725 10735  3735  2001     3    28   231  1314  1612     8   116    15   173    15
 53725 10735  3735  2001     4     6   231  1709  1827    70   108     1   154     1
 53725 10735  3735  2001     4     8   231  1440  1935    21   134    12   185    12
 53725 10735  3735  2001     4    17   231   912  1218    30   101    11   171 32744
 53725 10735  3735  2001     6    21   231  1732  1806   150   118    15   183 32744
 53738 10810  3655  2001     2    23   231  1633  2000     7   100    14 32744 32744
 53738 10810  3655  2001     2    24   231  2000  2126   240    70     1 32744 32744
 53738 10810  3655  2001     3     2   231  1743  2000     8    83    14 32744 32744
 53738 10810  3655  2001     3     3   231  2000  2048    17   100    16 32744 32744
 53738 10810  3655  2001     4     6   231  1918  2000     8    70    16 32744 32744
 53738 10810  3655  2001     4     7   231  2000  2042    20    60     2 32744 32744
 53738 10810  3655  2001     4     8   231  1753  2000     2   100     1 32744 32744
 53738 10810  3655  2001     4     9   231  2000   255     4   103     1 32744 32744
 53740 10914  3756  2001     4     8   231  1758  2000     4   127    14 32744 32744
 53740 10914  3756  2001     4     9   231  2000   120    20   143    14 32744 32744
 53772 11233  3747  2001     5    21   231  1536  1543    80    67     4 32744 32744
 53798 11430  3704  2001     4    19   231   824   920    20   110     2 32744 32744
 53806 10539  3634  2001     3    26   231  1312  1910     6   146    15   206    15
 53806 10539  3634  2001     4     8   231  1506  2000     4   135    15   194    14
 53806 10539  3634  2001     4    29   231   810  1137    70   136    15   198    15
 53810 10554  3659  2001     4     8   231  1234  2000     4   115    15   198    15
 53810 10554  3659  2001     4     9   231  2000  2045   120   106    15   179    15
 53810 10554  3659  2001     7    23   231  1935  2000     8    84    15   185    16
 53810 10554  3659  2001     7    24   231  2000  2030   200    97    15   165    16
 53817 10616  3600  2001     4     8   231  1603  2000     8    93    16   167     1
 53817 10616  3600  2001     4     9   231  2000  2025    25   116    15   181    15
 53817 10616  3600  2001     4    29   231  1116  1141    15   128    16   200    16
 53821 10718  3635  2001     4     8   231  1640  2000     2    90    16 32744 32744
 53821 10718  3635  2001     4     9   231  2000    12    60   100    16 32744 32744
 53853 11057  3642  2001     4    29   231  1717  1725    30   137    16 32744 32744
 53898 11422  3607  2001     4    19   231   954  1043    80   125     2   190     2
 53903 10543  3558  2001     4     8   231  1728  2000     6   110     2   177     2
 53903 10543  3558  2001     4     9   231  2000  2045   200    79    15   140    16
 53915 10640  3533  2001     4     8   231  1738  2000     4   117    15 32744 32744
 53915 10640  3533  2001     4     9   231  2000  2336    40   127    15 32744 32744
 53986 11353  3519  2001     4    19   231  1025  1143    60   119     3   196     3
 54012 11736  4435  2001     4     7   231  2050  1759     1   210    13 32744 32744
 54026 12054  4434  2001     4     7   231   517  2000     4   133    13 32744 32744
 54026 12054  4434  2001     4     8   231  2000  2345   110    93    14 32744 32744
 54026 12054  4434  2001     4    17   231  1120  1443     6   100    12 32744 32744
 54027 11924  4359  2001     4     7   231   723  2000     5   210    13 32744 32744
 54027 11924  4359  2001     4     8   231  2000  2058   300   133    13 32744 32744
 54041 12304  4447  2001     4     7   231   828  2000     3   127    10 32744 32744
 54041 12304  4447  2001     4     8   231  2000  2335    60   117    12 32744 32744
 54041 12304  4447  2001     4    17   231  1139  2000     4   173    11 32744 32744
 54041 12304  4447  2001     4    18   231  2000    31    30   143    10 32744 32744
 54041 12304  4447  2001     5    13   231  1648  2000     6   157    10 32744 32744
 54041 12304  4447  2001     5    14   231  2000  2130   150   133    10 32744 32744
 54041 12304  4447  2001     5    17   231  1819  1914    40   137    16 32744 32744
 54102 11604  4357  2001     3    21   231  1153  1356     8   139    13   210    13
 54102 11604  4357  2001     4     6   231  1745  2000     4   141    13   263    13
 54102 11604  4357  2001     4     7   231  2000  1920     2   144    13   256    13
 54102 11604  4357  2001     5     3   231  1603  1720   150   134    13   210    13
 54102 11604  4357  2001    12    12   231   952  1420     9   130    12 32744 32744
 54115 11804  4336  2001     4     7   231   720  2000     4   190    13 32744 32744
 54115 11804  4336  2001     4     8   231  2000  2120   200    93    13 32744 32744
 54115 11804  4336  2001     5     3   231  1855  1935    30   130    12 32744 32744
 54134 12117  4336  2001     3    21   231  1818  1930    40   190    14 32744 32744
 54134 12117  4336  2001     4     7   231  1910  2000     8   143    13 32744 32744
 54134 12117  4336  2001     4     8   231  2000  2030    90   140    13 32744 32744
 54135 12216  4336  2001     4    30   231   837   905   180   123    14 32744 32744
 54208 11628  4211  2001     3    21   231  1122  1747     2   190    14 32744 32744
 54208 11628  4211  2001     4     7   231   951  1820     8   170    14 32744 32744
 54208 11628  4211  2001     4    22   231  1835  2000     9   120    16 32744 32744
 54208 11628  4211  2001     4    23   231  2000  2030   300   110    16 32744 32744
 54208 11628  4211  2001     5     3   231  1358  1920     1   190    14 32744 32744
 54213 11902  4257  2001     3    21   231  1556  1719   150   140    14 32744 32744
 54213 11902  4257  2001     4     7   231   845  2000     5   130    13 32744 32744
 54213 11902  4257  2001     4     8   231  2000  2035   200    67    12 32744 32744
 54218 11856  4216  2001     3    21   231  1718  1828   200   117    14 32744 32744
 54218 11856  4216  2001     5     3   231  1643  1657   150   127    13 32744 32744
 54226 12042  4220  2001     3    21   231  1800  2000     8   160    16 32744 32744
 54226 12042  4220  2001     3    22   231  2000  2220   200   150    15 32744 32744
 54308 11638  4113  2001     3    21   231  1422  1906    20   120    15 32744 32744
 54308 11638  4113  2001     5     3   231  1914  2000     4    80    10 32744 32744
 54308 11638  4113  2001     5     4   231  2000  2022    40    60     1 32744 32744
 54308 11638  4113  2001    12    13   231  2052  2226   100   100    16 32744 32744
 54311 11745  4156  2001     5     3   231  1547  1558    15    83    15 32744 32744
 54326 11942  4123  2001     3    21   231  1642  1814   120    77    15 32744 32744
 54333 12250  4159  2001     4     4   231  1051  1540     5   137     8 32744 32744
 54335 12205  4141  2001     3    21   231  1952  2000     9   157    15 32744 32744
 54335 12205  4141  2001     3    22   231  2000  2140   100   167    14 32744 32744
 54423 11757  4059  2001     3    21   231  1557  1905    30   150    14 32744 32744
 54454 12021  4021  2001     5    17   231  1746  1756   150    97    10 32744 32744
 54623 11743  3903  2001     5    29   231   810  1105    15   197     5 32744 32744
 54705 11523  3722  2001     6    11   231  1655  1701    80   190    14 32744 32744
 55228  8005  3230  2001     1    25   231  1853  1855   700 32744 32744 32744 32744
 55228  8005  3230  2001     2    11   231  1715  1720   700 32744 32744 32744 32744
 55248  8425  3209  2001     1    25   231  1411  1907   480 32744 32744 32744 32744
 55248  8425  3209  2001     1    26   231  1353  1735     9 32744 32744 32744 32744
 55248  8425  3209  2001     1    31   231  1541  1756   500 32744 32744 32744 32744
 55248  8425  3209  2001     2     2   231  1534  1534   500 32744 32744 32744 32744
 55248  8425  3209  2001     2     7   231  1640  1921   500 32744 32744 32744 32744
 55248  8425  3209  2001     2    10   231  1501  1825    98 32744 32744 32744 32744
 55279  9001  3123  2001     1    26   231  1747  2000     7   203    13 32744 32744
 55279  9001  3123  2001     1    27   231  2000  2146   400   130    13 32744 32744
 55294  9106  3221  2001     1    26   231  1425  2000     3   263    13 32744 32744
 55294  9106  3221  2001     1    27   231  2000  2028   300   193    13 32744 32744
 55299  9204  3129  2001     1    26   231  1438  1743    50   243    13 32744 32744
 55472  8838  3057  2001     1    21   231  1831  1837   150 32744 32744 32744 32744
 55472  8838  3057  2001     1    22   231  1411  1503   200 32744 32744 32744 32744
 55472  8838  3057  2001     1    25   231  1325  1810     8 32744 32744 32744 32744
 55472  8838  3057  2001     1    26   231  1248  1704   110 32744 32744 32744 32744
 55472  8838  3057  2001     1    27   231  1513  1538   150 32744 32744 32744 32744
 55472  8838  3057  2001     2     2   231  1605  1633   150 32744 32744 32744 32744
 55472  8838  3057  2001     2     7   231  1233  1623     9 32744 32744 32744 32744
 55472  8838  3057  2001     2    10   231  1527  1847    80 32744 32744 32744 32744
 55472  8838  3057  2001     2    11   231  2119  2329    70 32744 32744 32744 32744
 55472  8838  3057  2001     3     1   231  1402  1410   250 32744 32744 32744 32744
 55472  8838  3057  2001    12     2   231  1613  1617   300 32744 32744 32744 32744
 55598  9146  2915  2001     2    12   231  1632  1719   400    93 32744 32744 32744
 55664  8705  2838  2001     1    24   231  1613  1718   400 32744 32744 32744 32744
 55664  8705  2838  2001    12     8   231  1817  1854   400 32744 32744 32744 32744
 56004  9226  3413  2001     1     5   231  1524  1530   200   163    14 32744 32744
 56004  9226  3413  2001     1    10   231  1702  1724   300   150    14 32744 32744
 56004  9226  3413  2001     1    11   231  1627  1857   200   160    14 32744 32744
 56004  9226  3413  2001     1    20   231  1507  1520   300   140    14 32744 32744
 56004  9226  3413  2001     1    22   231  1242  1245   400   140    13 32744 32744
 56004  9226  3413  2001     1    26   231  1640  1748   300   153    14 32744 32744
 56004  9226  3413  2001     1    28   231  1415  1750   150   200    14 32744 32744
 56004  9226  3413  2001     1    29   231  1403  1407   200   190    15 32744 32744
 56004  9226  3413  2001     1    30   231  1604  1739   200   197    13 32744 32744
 56004  9226  3413  2001     4     8   231  1930  2000     7   207    12 32744 32744
 56004  9226  3413  2001     4     9   231  2000  2145   300   163    14 32744 32744
 56033  9813  3455  2001     1    30   231  1718  1814    70   187    13 32744 32744
 56033  9813  3455  2001     1    31   231  1443  1604    95   157    13 32744 32744
 56033  9813  3455  2001     4     8   231  1542  1552    40   170    12 32744 32744
 56046  9939  3345  2001     1    30   231  1426  1535   150   200    14 32744 32744
 56065 10136  3444  2001     3    26   231  1257  1257   120   137    14 32744 32744
 56065 10136  3444  2001     4    13   231  1104  1110    80   123    14 32744 32744
 56074 10205  3400  2001     2    16   231  1605  1630   500   147    14 32744 32744
 56106  9347  3153  2001     1    26   231  1510  2000     3   200    14 32744 32744
 56106  9347  3153  2001     1    27   231  2000  2045   400   133    13 32744 32744
 56109  9347  3129  2001     1    26   231  1520  2000     6 32744 32744 32744 32744
 57206 10551  3226  2001     4    30   231  2027  2144    30    70    16 32744 32744
