 50425 12011  5015  2002     4    28   231  1518  1912    80   130    11 32744 32744
 50527 11945  4913  2002     4    28   231  1405  1650    50   120    10 32744 32744
 50618 11816  4813  2002     3    20   231   852  1028    80   147    10 32744 32744
 50618 11816  4813  2002     5     7   231  1326  1445   150    97    11 32744 32744
 50742 12429  4748  2002     3    20   231  1957  2000     8    96     8   138    10
 50742 12429  4748  2002     3    21   231  2000  2042   120    92     1   138    16
 50745 12355  4723  2002     8    16   231  2343  2355    70   190     2 32744 32744
 50838 12203  4605  2002     3    20   231  1145  1633     4   120    12 32744 32744
 50844 12325  4624  2002     3    20   231  1230  1815    50   140    12 32744 32744
 50854 12519  4623  2002     3    20   231  1745  2000     9    80     9   117     9
 50854 12519  4623  2002     3    21   231  2000  2223   200   101    12   141    12
 50854 12519  4623  2002     5    28   231  1536  1545   150   147    14   210    15
 50915 11658  4531  2002     3    20   231   620   939     7   160    13 32744 32744
 50915 11658  4531  2002     3    31   231  1422  1430   200   150    12 32744 32744
 50936 12250  4538  2002     3    20   231  1228  1809     3 32744 32744 32744 32744
 50936 12250  4538  2002     4     2   231   858  1113   180   117 32744 32744 32744
 50949 12452  4505  2002     3    20   231  1436  1909    30   100 32744 32744 32744
 51346  8440  4426  2002     6     1   231  1732  1737   300   105    13   175    13
 51365  8732  4412  2002     6     2   231  2115  2128   300 32744 32744 32744 32744
 51379  8934  4401  2002     8    22   231    20    59   120   150    15   225    15
 51463  8739  4347  2002     6     2   231  2158  2220   200   104    15   206    15
 51628  8014  4110  2002     3    19   231  2340   157     8   103    13   204    14
 51628  8014  4110  2002     5    15   231  1803  1812   100   117    14   210    15
 51628  8014  4110  2002     7     2   231  1634  1652   100   118    14   235    13
 51711  7827  4056  2002     3    18   231  1740  2000     6    93    12 32744 32744
 51711  7827  4056  2002     3    19   231  2000  2030   150    87 32744 32744 32744
 51716  7834  3948  2002     3    21   231  1115  1630     2    82     3   138     3
 51716  7834  3948  2002     4    14   231   725  1138     2    79     3   129     3
 51716  7834  3948  2002     4    21   231  1221  1431     8    69     1   119     2
 51716  7834  3948  2002     4    22   231   115   741     4    90     2   163     2
 51716  7834  3948  2002     5    11   231    15   230     7 32744 32744 32744 32744
 51716  7834  3948  2002     5    15   231  1940  2000     7 32744 32744 32744 32744
 51716  7834  3948  2002     5    16   231  2000  2330   150 32744 32744 32744 32744
 51716  7834  3948  2002     6     3   231  1912  1930    70    71     1   127     1
 51716  7834  3948  2002     6    10   231  2129  2242    50    77     3   146     3
 51716  7834  3948  2002     6    15   231  1857  2000     4    84     1   150     1
 51716  7834  3948  2002     6    16   231  2000  2047    90   122    15   227    16
 51720  7903  4030  2002     3    14   231  2015  2025   150 32744 32744 32744 32744
 51720  7903  4030  2002     4    12   231  1606  1613    90 32744 32744 32744 32744
 51720  7903  4030  2002     4    13   231  1448  1555    70 32744 32744 32744 32744
 51720  7903  4030  2002     4    20   231  1805  1845    60 32744 32744 32744 32744
 51720  7903  4030  2002     4    21   231  1514  2000     8 32744 32744 32744 32744
 51720  7903  4030  2002     4    22   231  2000   212     7 32744 32744 32744 32744
 51720  7903  4030  2002     5    10   231  2007  2019   200 32744 32744 32744 32744
 51720  7903  4030  2002     5    10   231   430   433   200 32744 32744 32744 32744
 51720  7903  4030  2002     5    15   231  1807  1842    70 32744 32744 32744 32744
 51720  7903  4030  2002     6     1   231  2111  2223   200 32744 32744 32744 32744
 51720  7903  4030  2002     6    10   231  1844  1859   150 32744 32744 32744 32744
 51720  7903  4030  2002     6    15   231  1737  1739   120 32744 32744 32744 32744
 51720  7903  4030  2002     7     6   231  1735  1752   400 32744 32744 32744 32744
 51720  7903  4030  2002     7     8   231  1948  1958    60 32744 32744 32744 32744
 51720  7903  4030  2002     7    14   231  2254  2307   300 32744 32744 32744 32744
 51720  7903  4030  2002     7    21   231  1213  1250    50 32744 32744 32744 32744
 51720  7903  4030  2002     7    26   231  1825  1834   300 32744 32744 32744 32744
 51720  7903  4030  2002     9    25   231  2040  2115   200 32744 32744 32744 32744
 51730  8103  4030  2002     3    19   231   110   258     8 32744 32744 32744 32744
 51730  8103  4030  2002     4    21   231  1520  2000     6 32744 32744 32744 32744
 51730  8103  4030  2002     4    22   231  2000  2110    30 32744 32744 32744 32744
 51730  8103  4030  2002     5    11   231  2206  2253   150 32744 32744 32744 32744
 51730  8103  4030  2002     6    15   231  1930  1940   200 32744 32744 32744 32744
 51730  8103  4030  2002     6    16   231  2110  2140   200 32744 32744 32744 32744
 51747  8340  3900  2002     3    21   231  1239  1715     9    90     3 32744 32744
 51747  8340  3900  2002     4    21   231  1602  2000     5   133     4 32744 32744
 51747  8340  3900  2002     4    22   231  2000  2231    20   113     4 32744 32744
 51747  8340  3900  2002     5    17   231  2014  2021   120   107    16 32744 32744
 51747  8340  3900  2002     5    18   231   308   342    15   100    16 32744 32744
 51747  8340  3900  2002     6     6   231  1756  2000     2   137    15 32744 32744
 51747  8340  3900  2002     6     7   231  2000  2215    80   140    16 32744 32744
 51747  8340  3900  2002     6    30   231  1952  2000     8   143    16 32744 32744
 51747  8340  3900  2002     7     1   231  2000  2131    30   153    11 32744 32744
 51747  8340  3900  2002     7     3   231  1733  1821    50   137    16 32744 32744
 51747  8340  3900  2002     7    30   231  2135  2321    40   120     1 32744 32744
 51765  8742  4038  2002     4     1   231  1250  1823     8 32744 32744 32744 32744
 51765  8742  4038  2002     4     5   231  1327  1810     8 32744 32744 32744 32744
 51765  8742  4038  2002     4    13   231  1314  1456     8 32744 32744 32744 32744
 51765  8742  4038  2002     4    21   231  1030  2000     3 32744 32744 32744 32744
 51765  8742  4038  2002     4    22   231  2000  2136   200 32744 32744 32744 32744
 51765  8742  4038  2002     6     7   231  1445  1817   200 32744 32744 32744 32744
 51765  8742  4038  2002     6    13   231  1245  1330    40 32744 32744 32744 32744
 51765  8742  4038  2002     6    27   231  2040  2224   300 32744 32744 32744 32744
 51777  8810  3902  2002     4     1   231  1230  1720     3   106     4   200     5
 51777  8810  3902  2002     4     2   231  2244    20    40    85     4   158     4
 51777  8810  3902  2002     4    13   231  1810  2000     3   105     5   204     4
 51777  8810  3902  2002     4    14   231  2000    22    20   117     4   204     3
 51777  8810  3902  2002     4    21   231  1046  2000     2   125     5   221     5
 51777  8810  3902  2002     4    22   231  2000  2225   120   130     5   215     4
 51777  8810  3902  2002     5    10   231  1838  2000     4   109     1   200     1
 51777  8810  3902  2002     5    11   231  2000  2130   150    79     4   142     4
 51777  8810  3902  2002     5    18   231  1836  2000     8   123     4   217     4
 51777  8810  3902  2002     5    19   231  2000  2056   180    70     4   123     4
 51777  8810  3902  2002     6     7   231   733   858     8   117    12   194    11
 51777  8810  3902  2002     6    18   231   230   526   150   134    11   219    11
 51804  7514  3747  2002     3    12   231  1314  1316   500 32744 32744 32744 32744
 51804  7514  3747  2002     3    12   231  1755  1920   500 32744 32744 32744 32744
 51804  7514  3747  2002     3    21   231  1959  1959     8 32744 32744 32744 32744
 51804  7514  3747  2002     4     4   231  1644  1855   300 32744 32744 32744 32744
 51804  7514  3747  2002     4    13   231  1444  1508   500 32744 32744 32744 32744
 51811  7716  3826  2002     5    15   231    18   213     3   102    15   175    15
 51811  7716  3826  2002     5    18   231  2106  2341    20    83    15   163    15
 51811  7716  3826  2002     6    15   231  1933  1958     3    81    16   156    16
 51818  7817  3737  2002     5    15   231   207   342    60    82    14   148    14
 51818  7817  3737  2002     5    16   231  2225  2310    70    75    16   177     1
 51818  7817  3737  2002     5    18   231  2013  2235    60    87    16   167    16
 51818  7817  3737  2002     6     6   231  2002  2042    80   101    10   202    10
 51818  7817  3737  2002     6    14   231  2115  2141    80    79    12   140    12
 51818  7817  3737  2002     6    16   231  2153  2207    80    81     1   152    16
 51818  7817  3737  2002     6    17   231  2309     6    90   104    14   198    13
 51818  7817  3737  2002     6    29   231   135   142    20    70    13   173     6
 51818  7817  3737  2002     9    17   231  1819  1844    30    84    14   158    15
 51828  7956  3708  2002     3    25   231  1527  1640     8    60    15   113    13
 51828  7956  3708  2002     4     1   231   512  1740     3    80    13   144    13
 51828  7956  3708  2002     4     2   231   142   310     7    83    13   156    13
 51828  7956  3708  2002     4     6   231  1938  2000     8    56     3   102     1
 51828  7956  3708  2002     4     7   231  2000  2250    15    64     3   110     3
 51828  7956  3708  2002     4    25   231  1232  1324    12    56    14   106    14
 51828  7956  3708  2002     5     3   231  2125  2345    10    84    13   158    13
 51828  7956  3708  2002     5    15   231   339   540     8    77    13   160    13
 51828  7956  3708  2002     5    16   231   130   210     4    62    13   140    13
 51828  7956  3708  2002     5    18   231  2305   213     4    98    13   175    13
 51828  7956  3708  2002     6     6   231  2206  2220    20    91    13   167    13
 51828  7956  3708  2002     6     6   231  1720  1727    20    91    13   167    13
 51828  7956  3708  2002     6    17   231   205   230    15    90    15   167    15
 51828  7956  3708  2002     9    18   231  2102  2230    25    75    13   123    15
 51839  8243  3704  2002     4     1   231   807  1532     3    95    12   158    12
 51839  8243  3704  2002     4     2   231   621  1543     6    90    13   152    12
 51839  8243  3704  2002     4     5   231  1903  2000     3    81     3   131     3
 51839  8243  3704  2002     4     6   231  2000  2236     5    73     3   110     3
 51839  8243  3704  2002     4     6   231  1455  1619     5    73     3   110     3
 51839  8243  3704  2002     4     8   231   732   941     8    72    12   121    12
 51839  8243  3704  2002     4    14   231  1043  1115     6    68    16   110    11
 51839  8243  3704  2002     4    14   231  1711  1805     6    68    16   110    11
 51839  8243  3704  2002     4    26   231   732  1134     6    81    11   146    12
 51839  8243  3704  2002     4    28   231   234  1034     5    98    13   158    13
 51839  8243  3704  2002     4    29   231  2131  2340    20   107    12   198    11
 51839  8243  3704  2002     4    29   231    15   127    20   107    12   198    11
 51839  8243  3704  2002     4    29   231  1115  1324    20   107    12   198    11
 51839  8243  3704  2002     5    10   231  1027  1320    12    84    12   146    16
 51839  8243  3704  2002     5    10   231  1723  1842    12    84    12   146    16
 51839  8243  3704  2002     5    15   231  1028  1243     7    64    12   113    13
 51839  8243  3704  2002     5    17   231  2220  2242    40    83    16   127    16
 51839  8243  3704  2002     5    18   231  1241  1308     4    85    16   125     2
 51839  8243  3704  2002     6     6   231  1710  1725    15    79    11   115    12
 51839  8243  3704  2002     6     7   231  2203  2214   120    92    11   156    12
 51839  8243  3704  2002     6    16   231   840   923    40    76    12   129    12
 51839  8243  3704  2002     6    17   231   649  1006     2    98    12   158    12
 51839  8243  3704  2002     6    24   231  1020  1114    20    68    12   108    12
 51839  8243  3704  2002     6    25   231  2235  2338    12    81    12   131    11
 51839  8243  3704  2002     6    30   231   307   843     4    85    12   144    12
 51839  8243  3704  2002     7     3   231  1910  1935     7    68     1   117     1
 51839  8243  3704  2002     7     6   231  1837  2000     5    82    12   125    11
 51839  8243  3704  2002     7     7   231  2000  2028   100    87    12   140    11
 51839  8243  3704  2002     7    10   231  1716  2000     2    96    12   152    12
 51839  8243  3704  2002     7    11   231  2000   235     4   115    12   192    12
 51839  8243  3704  2002     7    18   231  1205  1233    20    70    12   119    12
 51839  8243  3704  2002     7    19   231     5   305     8    82    12   135    12
 51839  8243  3704  2002     7    29   231   217   938     6    97    11   156    12
 51839  8243  3704  2002     7    29   231  1910  2000     6    97    11   156    12
 51839  8243  3704  2002     7    30   231  2000  2108   150   100    11   156    11
 51839  8243  3704  2002     8     1   231  2055   113    20   101    12   165    12
 51839  8243  3704  2002     8    13   231  1904  2000     7    85    12   127    12
 51839  8243  3704  2002     8    14   231  2000  2018    32    77    12   119    12
 51855  8533  3809  2002     5    11   231   815   846    60 32744 32744 32744 32744
 51855  8533  3809  2002     5    16   231   850   916    30 32744 32744 32744 32744
 51855  8533  3809  2002     5    17   231  2341  2354   200 32744 32744 32744 32744
 51886  9051  3815  2002     2    28   231  1726  1730   250   170    14 32744 32744
 51886  9051  3815  2002     3    13   231  1756  1845   200   187    15 32744 32744
 51886  9051  3815  2002     3    15   231  1420  1423    80   177    15 32744 32744
 51886  9051  3815  2002     3    19   231  1012  1448     6   203    14 32744 32744
 51886  9051  3815  2002     3    19   231  1748  1818     6   203    14 32744 32744
 51886  9051  3815  2002     3    20   231  1621  1827   150   220    14 32744 32744
 51886  9051  3815  2002     3    26   231  1628  1638    90   177    14 32744 32744
 51886  9051  3815  2002     4     5   231  1701  1702   300   163    15 32744 32744
 51886  9051  3815  2002     4     6   231  1521  1857    70   220    14 32744 32744
 51886  9051  3815  2002     4    13   231  1743  1958     4   180    15 32744 32744
 51886  9051  3815  2002     4    14   231  2003  2007   120   170    14 32744 32744
 51886  9051  3815  2002     4    20   231  1716  1743   200   207    15 32744 32744
 51886  9051  3815  2002     4    21   231  1516  1955     3   210    14 32744 32744
 51886  9051  3815  2002     4    29   231  1811  1817    40   120     1 32744 32744
 51886  9051  3815  2002     5     7   231  1804  1812   320   163    13 32744 32744
 51886  9051  3815  2002    10     9   231  1635  1729   300   220    15 32744 32744
 51886  9051  3815  2002    11    22   231  1449  1619   230   200    14 32744 32744
 51931  8139  3651  2002     4     1   231  1235  1737    12    74    15   125    15
 51931  8139  3651  2002     4     2   231   420   612    30    77    15   125    14
 51931  8139  3651  2002     4    28   231  2033  2335     6    76    15   129    14
 51931  8139  3651  2002     4    28   231   121   255     6    76    15   129    14
 51931  8139  3651  2002     5    11   231  2226  2346    20    81     9   138     9
 51931  8139  3651  2002     5    18   231   223   245    35    77    15   150    15
 51931  8139  3651  2002     6    19   231  1646  1653   200    75     9   115     9
 52118  9442  4316  2002     4    13   231  1213  1643   300 32744 32744 32744 32744
 52267 10104  4157  2002     2    22   231  1252  1610     9   100     6 32744 32744
 52267 10104  4157  2002     3    19   231  1134  1706     8   170    15 32744 32744
 52267 10104  4157  2002     4    13   231  1615  1930    20   170    15 32744 32744
 52378 10222  4122  2002     2    22   231   134  2000     6   193     5 32744 32744
 52378 10222  4122  2002     2    23   231  2000  2223   200   197     5 32744 32744
 52378 10222  4122  2002     3     1   231  1008  2000     4   213     6 32744 32744
 52378 10222  4122  2002     3     2   231  2000  2000     3   197     6 32744 32744
 52378 10222  4122  2002     3     3   231  2000    18    30   140     6 32744 32744
 52378 10222  4122  2002     3    16   231  1410  1812    90   187    14 32744 32744
 52378 10222  4122  2002     3    19   231  1051  2000     4   210    15 32744 32744
 52378 10222  4122  2002     3    20   231  2000  2120   200   150    15 32744 32744
 52378 10222  4122  2002     3    28   231  1947  1955     8   183    14 32744 32744
 52378 10222  4122  2002     4    13   231  1512  2000     8   170    15 32744 32744
 52378 10222  4122  2002     4    14   231  2000  2240   150   187    13 32744 32744
 52378 10222  4122  2002     4    15   231  1320  1455     9   160    15 32744 32744
 52378 10222  4122  2002     6     6   231  1940  2000     6   180     4 32744 32744
 52378 10222  4122  2002     6     7   231  2000  1705     6   193     5 32744 32744
 52378 10222  4122  2002     6    19   231  1551  1602   300   140    13 32744 32744
 52378 10222  4122  2002     8     5   231   255   715    30   200     5 32744 32744
 52378 10222  4122  2002     8     9   231  1812  2000     8   170     3 32744 32744
 52378 10222  4122  2002     8    10   231  2000  2010   300   137     5 32744 32744
 52378 10222  4122  2002     9    18   231  2052  2134   250   157     3 32744 32744
 52378 10222  4122  2002    10    11   231  1420  1735    80   183    14 32744 32744
 52378 10222  4122  2002    10    22   231  1154  1540     8   167    13 32744 32744
 52378 10222  4122  2002    11    10   231   939  1042   300   170    13 32744 32744
 52418  9441  4009  2002     3    28   231  1005  1143    90   117    13 32744 32744
 52418  9441  4009  2002     4    26   231  1814  2000     6   127    12 32744 32744
 52418  9441  4009  2002     4    27   231  2000  2110   150    83    14 32744 32744
 52418  9441  4009  2002     4    29   231  1904  2000     8   100    14 32744 32744
 52418  9441  4009  2002     4    30   231  2000  2115    60   100    13 32744 32744
 52418  9441  4009  2002     5     5   231  1355  1420     1   160    13 32744 32744
 52418  9441  4009  2002     5    19   231  2103  2120    90    87    16 32744 32744
 52424  9546  4032  2002     4    23   231  1024  1603     8   130     6 32744 32744
 52424  9546  4032  2002     5     5   231  1518  1538   400   100    14 32744 32744
 52436  9702  4016  2002     3    28   231  1141  1626     8   157    12 32744 32744
 52436  9702  4016  2002     5     5   231  1609  1624   200   170    12 32744 32744
 52436  9702  4016  2002     6     8   231  1946  2000     3    83    13 32744 32744
 52436  9702  4016  2002     6     9   231  2000  2009   200    73    14 32744 32744
 52446  9931  4018  2002     3    19   231   533   811     8   197    16 32744 32744
 52446  9931  4018  2002     3    28   231  1625  1748   200   180    13 32744 32744
 52446  9931  4018  2002     4    30   231  1802  1814   200   157    14 32744 32744
 52447  9854  4000  2002     3    27   231  1611  1746    80   140    14 32744 32744
 52447  9854  4000  2002     3    28   231  1453  1747   300   180    14 32744 32744
 52447  9854  4000  2002     4    27   231   628   703    18   140    14 32744 32744
 52495 10448  4010  2002     3    16   231  1711  1744   120   183    15 32744 32744
 52495 10448  4010  2002     3    19   231  1110  1954     7   227    16 32744 32744
 52495 10448  4010  2002     3    29   231  1339  1707     7   190    15 32744 32744
 52495 10448  4010  2002     4    14   231  2034  2219   110   160     8 32744 32744
 52495 10448  4010  2002     4    21   231  1219  1411     9   140     1 32744 32744
 52533  9829  3946  2002     3    28   231  1605  1815    80   160    14   269    14
 52533  9829  3946  2002     4    10   231  1648  1815    60   117    14   194    14
 52546  9950  3922  2002     3    28   231  1807  1921    12   150    14 32744 32744
 52576 10141  3913  2002     2    19   231  1047  1305    40   150     7 32744 32744
 52576 10141  3913  2002     3    28   231  1932  2000     2   140    14 32744 32744
 52576 10141  3913  2002     3    29   231  2000  2055   150   130    14 32744 32744
 52576 10141  3913  2002     4     3   231   857  1012   120   140    14 32744 32744
 52576 10141  3913  2002     4    10   231  1724  1742   120   133    13 32744 32744
 52602  9320  3845  2002     3    15   231  1535  1740   120   210    15 32744 32744
 52602  9320  3845  2002     3    19   231  1541  1750   150   203    15 32744 32744
 52602  9320  3845  2002     3    26   231  1500  1537   200   200    14 32744 32744
 52602  9320  3845  2002     4     2   231  1728  1750   120   220    15 32744 32744
 52602  9320  3845  2002     4     6   231  1309  1823     6   267    15 32744 32744
 52602  9320  3845  2002     4    21   231  1643  1913   110   200    15 32744 32744
 52602  9320  3845  2002     5    17   231  2057  2110   150   180     1 32744 32744
 52602  9320  3845  2002     6     8   231  1451  1525   400   153    15 32744 32744
 52602  9320  3845  2002    10     9   231  1648  1712   350   240    15 32744 32744
 52633  9825  3848  2002     3    26   231  1808  1828   150   140    14 32744 32744
 52633  9825  3848  2002     4    22   231  1502  1502   300   150    14 32744 32744
 52633  9825  3848  2002     4    30   231  1625  1637   200   140    14 32744 32744
 52633  9825  3848  2002    12     7   231  1603  1631   300   170    13 32744 32744
 52652 10026  3856  2002     2     6   231  1418  1505    80   110    15   169    16
 52652 10026  3856  2002     3    19   231   738   743    50    81    15   121    16
 52652 10026  3856  2002     3    28   231  1837  2000     6   132    15   213    16
 52652 10026  3856  2002     3    29   231  2000  2015    80    88    15   150    14
 52652 10026  3856  2002     4    27   231   811   926    50    85    15   138    16
 52652 10026  3856  2002     4    30   231   912  1035    45   102    15   167    15
 52652 10026  3856  2002     5     1   231  1845  1908    70   101    15   167    14
 52652 10026  3856  2002    12     3   231  1108  1115   150    89    15   150     1
 52661 10105  3848  2002     3    19   231   927   940    50    97    12 32744 32744
 52661 10105  3848  2002     3    28   231  1939  2000     7   103    14 32744 32744
 52661 10105  3848  2002     3    29   231  2000  2112   120   160    14 32744 32744
 52661 10105  3848  2002     4    27   231   939  1029    60   130    12 32744 32744
 52674 10158  3814  2002     3    19   231   923  1120    12   137    14 32744 32744
 52674 10158  3814  2002     3    21   231  1230  1707     8   167    14 32744 32744
 52674 10158  3814  2002     3    29   231  2132  2240    60   153    14 32744 32744
 52674 10158  3814  2002     3    29   231  1545  1630    60   153    14 32744 32744
 52679 10240  3755  2002     3    19   231  1001  1221    18    85    16   163    16
 52679 10240  3755  2002     3    27   231   117   236     8   127    14   213    14
 52679 10240  3755  2002     3    29   231  2143  2310    40   111    15   196    15
 52679 10240  3755  2002     4     3   231  1046  1120    20    95    14   158    15
 52679 10240  3755  2002     4     3   231  1430  1608    20    95    14   158    15
 52681 10305  3838  2002     3    16   231  1406  1538   220   117    13 32744 32744
 52681 10305  3838  2002     3    19   231  1005  1140    60   120    15 32744 32744
 52681 10305  3838  2002     3    21   231  1517  1839    90   130    14 32744 32744
 52681 10305  3838  2002     3    27   231   405   417   200   107    14 32744 32744
 52681 10305  3838  2002     3    29   231  2129    23     3   143    14 32744 32744
 52681 10305  3838  2002     3    29   231  1314  1517     3   143    14 32744 32744
 52681 10305  3838  2002     4     3   231  1136  1426     4   120    14 32744 32744
 52681 10305  3838  2002     4    10   231  1902  2000     9   113    14 32744 32744
 52681 10305  3838  2002     4    11   231  2000  2012   200   110    14 32744 32744
 52681 10305  3838  2002     4    27   231  1621  2000     9   113    14 32744 32744
 52681 10305  3838  2002     4    28   231  2000  2034   250   110    14 32744 32744
 52681 10305  3838  2002     4    30   231  1807  2000     4   103    14 32744 32744
 52681 10305  3838  2002     5     1   231  2000  2122   150   130    14 32744 32744
 52681 10305  3838  2002     6    29   231  1616  1620   300   100    12 32744 32744
 52707  9341  3648  2002     4    26   231  1830  1912    40   140    16 32744 32744
 52707  9341  3648  2002     5    11   231  1749  1834    60   140    14 32744 32744
 52707  9341  3648  2002     5    17   231  1712  1720   120   127    16 32744 32744
 52707  9341  3648  2002     5    28   231  2110  2140   120   117    15 32744 32744
 52707  9341  3648  2002     7     5   231  2130  2141   200   137    14 32744 32744
 52754 10008  3720  2002     2    15   231  1514  1542   200   150    12 32744 32744
 52754 10008  3720  2002     3    15   231  1542  1551   150   137    14 32744 32744
 52754 10008  3720  2002     3    16   231  1131  1629     5   160    14 32744 32744
 52754 10008  3720  2002     3    19   231  1654  1713   120   160    14 32744 32744
 52754 10008  3720  2002     3    21   231  1218  1418     6   203    14 32744 32744
 52754 10008  3720  2002     3    29   231  1242  1410    70   167    14 32744 32744
 52754 10008  3720  2002     4     6   231  1710  1743   200   193    16 32744 32744
 52754 10008  3720  2002     4     7   231  1450  1454   120   147    14 32744 32744
 52797 10403  3711  2002     3    19   231  1251  1825     6    83     1 32744 32744
 52797 10403  3711  2002     3    21   231  1752  2000     3    90    16 32744 32744
 52797 10403  3711  2002     3    22   231  2000  2110   120    60    16 32744 32744
 52797 10403  3711  2002     3    29   231  1852  1935    16   103    16 32744 32744
 52797 10403  3711  2002     4     3   231  1551  1815   120    80    16 32744 32744
 52797 10403  3711  2002     4    14   231  2252   106    60   103    14 32744 32744
 52797 10403  3711  2002     4    27   231  1852  2000     9    77    16 32744 32744
 52797 10403  3711  2002     4    28   231  2000  2018   200    63    14 32744 32744
 52825  9625  3626  2002     3    13   231  1205  1212   200   140    12 32744 32744
 52825  9625  3626  2002     6    19   231  2058  2107   200    93    13 32744 32744
 52833  9829  3655  2002     3    19   231  1431  1456   120   110    13 32744 32744
 52833  9829  3655  2002     3    21   231  1402  1520    70   140    12 32744 32744
 52836  9806  3618  2002     3    21   231  1130  1215    60   110    12 32744 32744
 52856 10037  3616  2002     3    21   231  1529  1552    80   220    13 32744 32744
 52889 10353  3603  2002     3    19   231  1540  1920     7    57     2 32744 32744
 52908  9305  3513  2002     1    30   231  1402  1407    90   210    14 32744 32744
 52908  9305  3513  2002     2     7   231  1416  1612   300   227    13 32744 32744
 52908  9305  3513  2002     2    12   231  1415  1737   300   227    13 32744 32744
 52908  9305  3513  2002     3    19   231  1515  1530   150   220    13 32744 32744
 52908  9305  3513  2002    12     1   231  1312  1324   200   180    13 32744 32744
 52908  9305  3513  2002    12     3   231  1456  1747   200   200    12 32744 32744
 52908  9305  3513  2002    12     4   231  1306  1603   120   200    12 32744 32744
 52908  9305  3513  2002    12     5   231  1153  1631     4   220    12 32744 32744
 52908  9305  3513  2002    12     6   231  1204  1638     6   220    12 32744 32744
 52943  9959  3535  2002     1    13   231  1442  1501   400   150    11 32744 32744
 52943  9959  3535  2002     3    20   231  1104  1618     8   200    13 32744 32744
 52943  9959  3535  2002     3    21   231  1116  1554     8   177    13 32744 32744
 52943  9959  3535  2002     3    29   231  1508  1521   300   170    14 32744 32744
 52943  9959  3535  2002     4    15   231  1333  1711     8   190    13 32744 32744
 52943  9959  3535  2002    12     4   231  1308  1310   250   140    12 32744 32744
 52943  9959  3535  2002    12     5   231  1350  1415     8   167    12 32744 32744
 52943  9959  3535  2002    12     6   231  1251  1254   120   180    12 32744 32744
 52943  9959  3535  2002    12    22   231  1458  1500   450   137    14 32744 32744
 52943  9959  3535  2002    12    24   231  1233  1508     6   160    13 32744 32744
 52955 10045  3535  2002     3    13   231  1703  1716   300    80    15 32744 32744
 52955 10045  3535  2002     3    20   231  1232  1420    80    90    14 32744 32744
 52955 10045  3535  2002     3    21   231  1209  1835    60   130    13 32744 32744
 52955 10045  3535  2002     3    26   231  1822  1831   450    60    12 32744 32744
 52955 10045  3535  2002     3    29   231  1300  1306   300    83    14 32744 32744
 52955 10045  3535  2002     4    15   231  1407  1856   200   110    15 32744 32744
 52955 10045  3535  2002     4    27   231  1835  1850   150   100    14 32744 32744
 52955 10045  3535  2002    12    24   231  1446  1552   400   100    13 32744 32744
 52984 10311  3535  2002     3    19   231  1810  1908    30   130     2 32744 32744
 53068 11158  4339  2002     3    15   231   927  1755     6   160    13 32744 32744
 53068 11158  4339  2002     3    19   231  1835  2000     6   147    13 32744 32744
 53068 11158  4339  2002     3    20   231  2000   721     4   220    13 32744 32744
 53068 11158  4339  2002     3    20   231  1130  1842     4   220    13 32744 32744
 53068 11158  4339  2002     3    21   231  1445  1821   180   140    15 32744 32744
 53068 11158  4339  2002     3    24   231  1103  1629     9   153    13 32744 32744
 53068 11158  4339  2002     4     6   231   540  2000     0   210 32744 32744 32744
 53068 11158  4339  2002     4     7   231  2000    18     1   230    13 32744 32744
 53068 11158  4339  2002     4     7   231   932  2000     1   230    13 32744 32744
 53068 11158  4339  2002     4     8   231  2000  2023   250   123    15 32744 32744
 53068 11158  4339  2002     4    15   231  1436  1528    90   133    13 32744 32744
 53068 11158  4339  2002     4    19   231  1722  2000     9   140    13 32744 32744
 53068 11158  4339  2002     4    20   231  2000  2014   250   130    13 32744 32744
 53068 11158  4339  2002     5    10   231  1424  1820    70   140    13 32744 32744
 53068 11158  4339  2002    11    10   231  1317  2000     1   220    13 32744 32744
 53068 11158  4339  2002    11    11   231  2000  2128   300   190    14 32744 32744
 53083 11409  4437  2002     3    20   231  2250  1820     1 32744 32744 32744 32744
 53083 11409  4437  2002     3    24   231  1215  1312   250 32744 32744 32744 32744
 53083 11409  4437  2002     3    31   231  1307  1550     3   160    11 32744 32744
 53083 11409  4437  2002     4     6   231  1120  2000     1   190    12 32744 32744
 53083 11409  4437  2002     4     7   231  2000    30   100   167    12 32744 32744
 53083 11409  4437  2002     4    19   231  1850  1917   150   117    12 32744 32744
 53083 11409  4437  2002     4    20   231  1432  1445   180   160    12 32744 32744
 53149 11008  4232  2002     1     5   231  1154  1737     6   240    13 32744 32744
 53149 11008  4232  2002     2     5   231  1019  1049   300   173    13 32744 32744
 53149 11008  4232  2002     3    15   231  1344  1857     7   180    13 32744 32744
 53149 11008  4232  2002     3    19   231  1523  1528   120   210    14 32744 32744
 53149 11008  4232  2002     3    20   231  2318   611     8   210    14 32744 32744
 53149 11008  4232  2002     4     6   231  1328  1337    80   187    14 32744 32744
 53149 11008  4232  2002     4     6   231  1725  1904    80   187    14 32744 32744
 53149 11008  4232  2002     4     7   231  1446  1640    60   220    14 32744 32744
 53149 11008  4232  2002     4    15   231  1309  1838     6   217    13 32744 32744
 53149 11008  4232  2002     4    19   231  1613  1721    80   207    13 32744 32744
 53149 11008  4232  2002     6     7   231  2038  2214   300   130     2 32744 32744
 53149 11008  4232  2002    10    11   231  1440  1522   200   173    13 32744 32744
 53149 11008  4232  2002    11    10   231  1554  1958     9   180    14 32744 32744
 53192 11457  4401  2002     3    15   231  1510  1857    90   137    11 32744 32744
 53192 11457  4401  2002     3    20   231  2208  2000     0   173    13 32744 32744
 53192 11457  4401  2002     3    21   231  2000  2125     6   157    13 32744 32744
 53192 11457  4401  2002     3    21   231  1120  1420     6   157    13 32744 32744
 53192 11457  4401  2002     3    24   231  1130  1718     3   147    11 32744 32744
 53192 11457  4401  2002     3    31   231  1406  1710    20   150    12 32744 32744
 53192 11457  4401  2002     4     6   231  1115  2000     0   180    13 32744 32744
 53192 11457  4401  2002     4     7   231  2000  1842     4   180    12 32744 32744
 53192 11457  4401  2002     4    20   231  1353  1411     3   160    12 32744 32744
 53192 11457  4401  2002    11    11   231  2015  2325   200   180    14 32744 32744
 53195 11338  4352  2002     1    19   231  1310  1550     3   170    12 32744 32744
 53195 11338  4352  2002     3     8   231  1025  1250    48   160    12 32744 32744
 53195 11338  4352  2002     3    15   231  1115  1807     8   190    13 32744 32744
 53195 11338  4352  2002     3    20   231  2010  2000     3   213    13 32744 32744
 53195 11338  4352  2002     3    21   231  2000  2031     4   183    14 32744 32744
 53195 11338  4352  2002     3    21   231   951  1751     4   183    14 32744 32744
 53195 11338  4352  2002     3    24   231   908  1550     3   210    12 32744 32744
 53195 11338  4352  2002     3    31   231   935  1708    40   180    12 32744 32744
 53195 11338  4352  2002     4     6   231   655  2000     1   213    13 32744 32744
 53195 11338  4352  2002     4     7   231  2000  2000     0   220    14 32744 32744
 53195 11338  4352  2002     4     8   231  2000  2043   110   173    13 32744 32744
 53195 11338  4352  2002     4    15   231  1410  1557    80   150    12 32744 32744
 53195 11338  4352  2002     4    16   231   635   825     7   147    14 32744 32744
 53195 11338  4352  2002     4    18   231  1543  1552   200   140    12 32744 32744
 53195 11338  4352  2002     4    19   231  1858  2000     5   150    11 32744 32744
 53195 11338  4352  2002     4    20   231  2000  2037     4   200    13 32744 32744
 53195 11338  4352  2002     4    20   231  1149  1431     4   200    13 32744 32744
 53195 11338  4352  2002     4    23   231   650   720   120   150    16 32744 32744
 53195 11338  4352  2002     4    28   231   914   931   120 32744 32744 32744 32744
 53195 11338  4352  2002     5     1   231  1411  2000     4 32744 32744 32744 32744
 53195 11338  4352  2002     5     2   231  2000  2010    40 32744 32744 32744 32744
 53195 11338  4352  2002     5     2   231  1411  1414    40 32744 32744 32744 32744
 53195 11338  4352  2002     5     7   231  1452  1541    60   160    11 32744 32744
 53195 11338  4352  2002     5    10   231  1318  1930     8   200    13 32744 32744
 53195 11338  4352  2002     8    31   231  1545  1904   150   140    13 32744 32744
 53195 11338  4352  2002     9    30   231  1338  1456     7   180    13 32744 32744
 53195 11338  4352  2002    10     4   231   810  1620     2   177    12 32744 32744
 53195 11338  4352  2002    10    10   231  1225  1520    15   167    12 32744 32744
 53195 11338  4352  2002    10    11   231  1755  1802   200   167    11 32744 32744
 53195 11338  4352  2002    11    10   231  1346  2000     0   257    13 32744 32744
 53195 11338  4352  2002    11    11   231  2000  2213   250   257    14 32744 32744
 53231 10624  4124  2002     2    19   231   854  1116    60   170     7 32744 32744
 53231 10624  4124  2002     3     1   231   950  2000     6   190     3 32744 32744
 53231 10624  4124  2002     3     2   231  2000  2035   120   170     4 32744 32744
 53231 10624  4124  2002     3    19   231  1115  2000     3   180    13 32744 32744
 53231 10624  4124  2002     3    20   231  2000   236     8   170    13 32744 32744
 53231 10624  4124  2002     4    13   231  1640  1835    50   160    13 32744 32744
 53231 10624  4124  2002     4    15   231  1203  1530     7   183    13 32744 32744
 53231 10624  4124  2002     4    27   231   925  1639     5   187     7 32744 32744
 53231 10624  4124  2002     6     7   231   850   945    50   210     3 32744 32744
 53231 10624  4124  2002     7     2   231  1822  1833   200   113    15 32744 32744
 53231 10624  4124  2002    10     3   231  1628  1732    50   163    13 32744 32744
 53231 10624  4124  2002    10    11   231  1425  1831    50   170    14 32744 32744
 53231 10624  4124  2002    10    22   231  1510  1540    80   177    14 32744 32744
 53231 10624  4124  2002    11    10   231  1020  1530     6   180    14 32744 32744
 53276 11254  4224  2002     1     3   231  1445  1637    40   142    13   204    12
 53276 11254  4224  2002     1    19   231  1247  1405     2   153    13   223    11
 53276 11254  4224  2002     2     5   231  1509  1713    70   144    14   204    13
 53276 11254  4224  2002     3    15   231  1052  1915     0   147    13   219    14
 53276 11254  4224  2002     3    16   231   840  1445     8   134    14   231    14
 53276 11254  4224  2002     3    18   231   936  1031    30   121    13   177    14
 53276 11254  4224  2002     3    19   231  1547  1935    40   145    13   213    16
 53276 11254  4224  2002     3    20   231   327  1934     1   172    13   244    13
 53276 11254  4224  2002     3    21   231  1203  1905     2   150    15   213    14
 53276 11254  4224  2002     3    24   231   905  1657     2   143    12   204    12
 53276 11254  4224  2002     3    25   231   957  1020    80   128    14   173    14
 53276 11254  4224  2002     3    30   231  1052  1736     1   152    14   215    13
 53276 11254  4224  2002     3    31   231  1114  1353     8   136    12   210    12
 53276 11254  4224  2002     4     6   231   809  2000     0   168    13   242    13
 53276 11254  4224  2002     4     7   231  2000    40     0   158    13   231    14
 53276 11254  4224  2002     4     7   231   816  2000     0   158    13   231    14
 53276 11254  4224  2002     4     8   231  2000   321     7   158    14   221    14
 53276 11254  4224  2002     4    11   231  1132  1442     8   151    14   213    14
 53276 11254  4224  2002     4    13   231   738  1127     7   153    13   229 32744
 53276 11254  4224  2002     4    14   231    52   146     6   147    13   215    13
 53276 11254  4224  2002     4    14   231   453  1121     6   147    13   215    13
 53276 11254  4224  2002     4    19   231  1447  1723   150   137    12   210    12
 53276 11254  4224  2002     4    20   231  1327  1728     7   154    14   225    14
 53276 11254  4224  2002     4    21   231  1241  1248   130   124    15   173    16
 53276 11254  4224  2002     4    28   231   644   703    90   148     8   179     9
 53276 11254  4224  2002     5     5   231  1343  1723     7   209     9   250     9
 53276 11254  4224  2002     5     7   231  1427  1443    70   141    12   208    14
 53276 11254  4224  2002     6    10   231  1704  1705   120   146    15   233    16
 53276 11254  4224  2002    11    10   231  1812  2000     3   171    14   250    14
 53276 11254  4224  2002    11    11   231  2000  2213   110   176    14   244    14
 53336 10831  4134  2002     3    19   231  1651  2000     8   130    14 32744 32744
 53336 10831  4134  2002     3    20   231  2000   320     7   153    14 32744 32744
 53336 10831  4134  2002     4     8   231  1155  1620     6   137    15 32744 32744
 53336 10831  4134  2002     4    14   231   150   336     6   150    14 32744 32744
 53336 10831  4134  2002    11    10   231  1408  1943    60   157    14 32744 32744
 53352 11026  4142  2002     3    19   231  1756  2000     8   113    13 32744 32744
 53352 11026  4142  2002     3    20   231  2000  2025    30   140    13 32744 32744
 53352 11026  4142  2002     4     6   231  1617  1925    13   123    14 32744 32744
 53352 11026  4142  2002     4     7   231  1411  2000     9   150    13 32744 32744
 53352 11026  4142  2002     4     8   231  2000  2005   300   120    14 32744 32744
 53352 11026  4142  2002     4    15   231  1615  1912   120   113    13 32744 32744
 53352 11026  4142  2002    11    10   231  1458  2000     9   153    13 32744 32744
 53352 11026  4142  2002    11    11   231  2000  2015   400   100    15 32744 32744
 53362 11141  4132  2002     1    13   231  1451  1535   110   133     8 32744 32744
 53362 11141  4132  2002     3    15   231  1415  1920    80   123    13 32744 32744
 53362 11141  4132  2002     3    20   231   256   824     7   110    13 32744 32744
 53362 11141  4132  2002     3    20   231  1322  1723     7   110    13 32744 32744
 53362 11141  4132  2002     4     6   231  1710  1925    60   123    14 32744 32744
 53362 11141  4132  2002     4     7   231  1510  2000     9   117    14 32744 32744
 53362 11141  4132  2002     4     8   231  2000  2023   250   117    14 32744 32744
 53391 11400  4154  2002     3    16   231  1152  1720     8   140    14 32744 32744
 53391 11400  4154  2002     3    20   231   653  2000     4   127    14 32744 32744
 53391 11400  4154  2002     3    21   231  2000  2120     6   147    14 32744 32744
 53391 11400  4154  2002     3    21   231   952  2000     6   147    14 32744 32744
 53391 11400  4154  2002     3    22   231  2000  2215   200   113    14 32744 32744
 53391 11400  4154  2002     4     6   231  1255  2000     3   123    14 32744 32744
 53391 11400  4154  2002     4     7   231  2000  2000     2   143    14 32744 32744
 53391 11400  4154  2002     4     8   231  2000   505     2   137    14 32744 32744
 53391 11400  4154  2002     4    11   231  1316  1725     6   120    14 32744 32744
 53391 11400  4154  2002     4    20   231  1255  1915     8   117    11 32744 32744
 53399 11442  4109  2002     3    15   231  1432  1603    17   133    14 32744 32744
 53399 11442  4109  2002     3    16   231  1418  1715    20   140    14 32744 32744
 53399 11442  4109  2002     3    20   231   815  2000     2   137    14 32744 32744
 53399 11442  4109  2002     3    21   231  2000  2218     6   140    14 32744 32744
 53399 11442  4109  2002     3    21   231   952  1810     6   140    14 32744 32744
 53399 11442  4109  2002     4     6   231  1753  2000     9   130    14 32744 32744
 53399 11442  4109  2002     4     7   231  2000   137     6   140    14 32744 32744
 53399 11442  4109  2002     4     7   231  1425  2000     6   140    14 32744 32744
 53399 11442  4109  2002     4     8   231  2000   531     8   147    13 32744 32744
 53399 11442  4109  2002     4    11   231  1350  1530     8   130    14 32744 32744
 53446 10951  4040  2002     3    20   231   125   543     9    83    13 32744 32744
 53446 10951  4040  2002    11    10   231  1650  1710   120   100    13 32744 32744
 53463 11141  4049  2002     3    20   231   248   716    40   123    13 32744 32744
 53480 11304  4102  2002     3    15   231  1444  1951     9    90    15 32744 32744
 53480 11304  4102  2002     3    20   231   726   912     8   107    14 32744 32744
 53480 11304  4102  2002     3    20   231  1552  2000     8   107    14 32744 32744
 53480 11304  4102  2002     3    21   231  2000  2038    70   113    14 32744 32744
 53480 11304  4102  2002     4     7   231  1756  2000     9   127    14 32744 32744
 53480 11304  4102  2002     4     8   231  2000  2045    30   143    14 32744 32744
 53502 10545  3947  2002     3    19   231  1322  2000     5   150    14 32744 32744
 53502 10545  3947  2002     3    20   231  2000  2127    40   113    12 32744 32744
 53502 10545  3947  2002     3    29   231  2258    17    60   203    14 32744 32744
 53502 10545  3947  2002     4    14   231  2136  2310    70   170    15 32744 32744
 53513 10725  4045  2002     3    19   231  1848  2000     8    77    14 32744 32744
 53513 10725  4045  2002     3    20   231  2000    30    30   110    14 32744 32744
 53513 10725  4045  2002    11    10   231  1623  1743   140   110    14 32744 32744
 53519 10646  3913  2002     3    19   231  1604  2000     4   220    16   306    15
 53519 10646  3913  2002     3    20   231  2000  2121    50   209    15   310    15
 53519 10646  3913  2002     4    14   231  2342   440     4   213    16   308    16
 53529 10759  3906  2002     2     9   231  1252  1606     9   130    14 32744 32744
 53529 10759  3906  2002     3    19   231  1555  2000     4   130    16 32744 32744
 53529 10759  3906  2002     3    20   231  2000  2359     6   140    15 32744 32744
 53529 10759  3906  2002     3    20   231   953  1414     6   140    15 32744 32744
 53529 10759  3906  2002     3    29   231    45   121    30   130    15 32744 32744
 53529 10759  3906  2002     3    29   231  1425  1725    30   130    15 32744 32744
 53543 10959  3950  2002     3    20   231   140   310     9   110    14 32744 32744
 53602 10540  3850  2002     2    19   231   935  1030   150   130     7 32744 32744
 53602 10540  3850  2002     3     1   231  1613  1840    18   110     2 32744 32744
 53602 10540  3850  2002     3    19   231  1338  1936     8   120    16 32744 32744
 53602 10540  3850  2002     3    21   231  1625  1920    60   110    14 32744 32744
 53602 10540  3850  2002     4    21   231  1822  2000     8   127    16 32744 32744
 53602 10540  3850  2002     4    22   231  2000  2040   150   133     2 32744 32744
 53602 10540  3850  2002     8    24   231  1856  1925    90    97     3 32744 32744
 53614 10613  3829  2002     3    19   231  1602  1710    20   143    15   208    15
 53615 10642  3848  2002     3     1   231  1852  2000     8   103     3   144     4
 53615 10642  3848  2002     3     2   231  2000  2018   120    94     3   131     3
 53615 10642  3848  2002     3    19   231  1620  2000     5   135    16   221    16
 53615 10642  3848  2002     3    20   231  2000   605     9   126    16   202    16
 53615 10642  3848  2002     4    21   231  1827  2000     6   131     3   185     3
 53615 10642  3848  2002     4    22   231  2000    22   100   121     3   171     2
 53646 10942  3814  2002     3    20   231  2043   808     7   100    13 32744 32744
 53646 10942  3814  2002     4    14   231   711  1212     8    60    15 32744 32744
 53646 10942  3814  2002     6     5   231  1710  1735   200   140    13 32744 32744
 53663 11149  3855  2002     2     9   231  1428  1645   150   117    14 32744 32744
 53663 11149  3855  2002     3    20   231  1240  1827     8   127    13 32744 32744
 53663 11149  3855  2002     3    27   231  1415  1447   200   140    11 32744 32744
 53663 11149  3855  2002     3    29   231  1523  1856    20   110    13 32744 32744
 53663 11149  3855  2002     4     4   231    20   238     7   130     8 32744 32744
 53663 11149  3855  2002     4    11   231  1250  1453    60   157    14 32744 32744
 53663 11149  3855  2002     4    16   231  1418  1607    50   123    14 32744 32744
 53663 11149  3855  2002     4    22   231   228   423    50   140     4 32744 32744
 53723 10724  3747  2002     2     7   231   927  1208    60   144    13   217    14
 53723 10724  3747  2002     3    19   231  1624  2000     6    93    15   165    16
 53723 10724  3747  2002     3    20   231  2000  2312    70   113    13   163    13
 53723 10724  3747  2002     3    22   231  2005  2047    90    77    14   133    16
 53723 10724  3747  2002     3    29   231  1239  1910     6   128    13   213    13
 53723 10724  3747  2002     4    22   231  2034    26    60    71     1   135     1
 53723 10724  3747  2002     5    25   231  1818  1845   120   115    15   198    15
 53725 10735  3735  2002     3    19   231  1643  1837    20   123     1   188 32744
 53725 10735  3735  2002     3    29   231  1452  1627    40   115    13   204    13
 53740 10914  3756  2002     3    19   231  1849  2000     8   157    15 32744 32744
 53740 10914  3756  2002     3    20   231  2000  2237    30   140    16 32744 32744
 53810 10554  3659  2002     3    19   231  1441  1611    50   111    15   204    15
 53817 10616  3600  2002     3    19   231  1648  2000     8    99    16   167    15
 53817 10616  3600  2002     3    20   231  2000  2019    70    94    16   156     1
 53821 10718  3635  2002     4    15   231  1617  1640   200    80    14 32744 32744
 53853 11057  3642  2002     4    14   231  1452  1618    15    83    15 32744 32744
 53903 10543  3558  2002     3    21   231  1845  2000     9   100    16   167    16
 53903 10543  3558  2002     3    22   231  2000  2050   120    88    16   146    16
 53986 11353  3519  2002     6     1   231  1714  1719    80   123     2   238     1
 54012 11736  4435  2002     3    20   231   234  2000     3   140    12 32744 32744
 54012 11736  4435  2002     3    21   231  2000  2353    12   130    13 32744 32744
 54012 11736  4435  2002     3    24   231  1316  1756     8   130    12 32744 32744
 54012 11736  4435  2002     3    31   231  1526  1818    30   160    12 32744 32744
 54012 11736  4435  2002     4     6   231  1320  1750     3   140    11 32744 32744
 54026 12054  4434  2002     3    20   231   610  1850     3    93    14 32744 32744
 54026 12054  4434  2002     4     6   231  1728  2000     8   123    14 32744 32744
 54026 12054  4434  2002     4     7   231  2000  2032   180   113    14 32744 32744
 54027 11924  4359  2002     3    20   231   627  2000     3   143    13 32744 32744
 54027 11924  4359  2002     3    21   231  2000   336     3   160    14 32744 32744
 54027 11924  4359  2002     4     6   231  1534  2000     3   127    13 32744 32744
 54027 11924  4359  2002     4     7   231  2000   852     3   143    14 32744 32744
 54041 12304  4447  2002     3    24   231  1745  2000     7   160    10 32744 32744
 54041 12304  4447  2002     3    25   231  2000  2043   120   153    10 32744 32744
 54041 12304  4447  2002     4     2   231  1113  1315    80   140     4 32744 32744
 54049 12358  4415  2002     3    20   231  1606  2000     9    70 32744 32744 32744
 54049 12358  4415  2002     3    21   231  2000  2036    30   130 32744 32744 32744
 54096 13109  4423  2002     3    21   231   751  1830     8   113    13 32744 32744
 54102 11607  4357  2002     3    15   231  1325  1339    15   133    12 32744 32744
 54102 11607  4357  2002     3    20   231   250  2000     6   230    12 32744 32744
 54102 11607  4357  2002     3    21   231  2000  2020    60   140    14 32744 32744
 54102 11607  4357  2002     3    24   231  1244  1720     6   157    11 32744 32744
 54102 11607  4357  2002     4     6   231  1219  2000     0   177    12 32744 32744
 54102 11607  4357  2002     4     7   231  2000  2000     4   163    12 32744 32744
 54102 11607  4357  2002     4     8   231  2000  2007   150   117     1 32744 32744
 54102 11607  4357  2002     6     6   231   110   240     6   177     1 32744 32744
 54102 11607  4357  2002    11    10   231  1912  2000     8   147    11 32744 32744
 54102 11607  4357  2002    11    11   231  2000    10   200   180    11 32744 32744
 54115 11804  4336  2002     3    20   231  1020  2000     6   160    13 32744 32744
 54115 11804  4336  2002     3    21   231  2000  2030    90   140    13 32744 32744
 54115 11804  4336  2002     4     6   231  1553  2000     8   180    13 32744 32744
 54115 11804  4336  2002     4     7   231  2000  2000     6   170    13 32744 32744
 54115 11804  4336  2002     4     8   231  2000  2125   120   100    13 32744 32744
 54134 12117  4336  2002     3    18   231  1720  1741   140   157    15 32744 32744
 54134 12117  4336  2002     3    20   231  1312  1513     8   123    13 32744 32744
 54134 12117  4336  2002     3    21   231  2040  2134    60   153    14 32744 32744
 54134 12117  4336  2002     4     2   231  1222  1416     4   180     3 32744 32744
 54135 12216  4336  2002     3    20   231  1933  2000     8   120    13 32744 32744
 54135 12216  4336  2002     3    21   231  2000   120    12   130    13 32744 32744
 54135 12216  4336  2002     4     7   231    52   821     3   120    13 32744 32744
 54135 12216  4336  2002     4    16   231  1641  1710   150   130    13 32744 32744
 54142 12332  4330  2002     4     7   231   621  1417     2   150    12 32744 32744
 54208 11628  4211  2002     3    15   231  1445  1940    20   147    13 32744 32744
 54208 11628  4211  2002     3    18   231  1333  1605     8   160    14 32744 32744
 54208 11628  4211  2002     3    20   231   627  2000     2   150    14 32744 32744
 54208 11628  4211  2002     3    21   231  2000   106     7   217    14 32744 32744
 54208 11628  4211  2002     3    21   231   953  2000     7   217    14 32744 32744
 54208 11628  4211  2002     3    22   231  2000  2010   120   140    14 32744 32744
 54208 11628  4211  2002     4     6   231  1451  2000     1   200    13 32744 32744
 54208 11628  4211  2002     4     7   231  2000  2000     1   180    14 32744 32744
 54208 11628  4211  2002     4     8   231  2000   536     8   190    14 32744 32744
 54208 11628  4211  2002     4    14   231  1153  1419     8   177    14 32744 32744
 54208 11628  4211  2002    11    11   231  2311   240     8   210    13 32744 32744
 54213 11902  4257  2002     3    20   231   722  2000     5   100    14 32744 32744
 54213 11902  4257  2002     3    21   231  2000   523     6   130    14 32744 32744
 54213 11902  4257  2002     4     6   231  1852  2000     8   130    14 32744 32744
 54213 11902  4257  2002     4     7   231  2000   815     6   140    14 32744 32744
 54213 11902  4257  2002     4     7   231  1335  2000     6   140    14 32744 32744
 54213 11902  4257  2002     4     8   231  2000   224     8   120    15 32744 32744
 54218 11856  4216  2002     3    20   231   902  1821     7   100    12 32744 32744
 54218 11856  4216  2002     3    21   231  1226  2000     7   120    14 32744 32744
 54218 11856  4216  2002     3    22   231  2000  2146   200   113    15 32744 32744
 54218 11856  4216  2002     4     7   231  2008  2115    50   120    14 32744 32744
 54226 12042  4220  2002     4     2   231  1610  1716   200   127     2 32744 32744
 54236 12232  4225  2002     4    19   231  1542  1559    12   193    10 32744 32744
 54237 12143  4205  2002     4     2   231  1452  1725    80   130     1 32744 32744
 54254 12403  4232  2002     4     7   231   932  1015    20   110    13 32744 32744
 54308 11638  4113  2002     3    20   231   845  1532     4    80    16 32744 32744
 54308 11638  4113  2002     3    21   231  1231  1807     8   107    14 32744 32744
 54308 11638  4113  2002     4     6   231  1706  1912    30   110    15 32744 32744
 54308 11638  4113  2002     4     7   231  2136   404     2    93    14 32744 32744
 54308 11638  4113  2002     4     7   231  1320  2000     2    93    14 32744 32744
 54308 11638  4113  2002     4     8   231  2000  2330    40    97    15 32744 32744
 54311 11745  4156  2002     4     7   231  2033   659     6    83    16 32744 32744
 54311 11745  4156  2002     4     7   231  1638  2000     6    83    16 32744 32744
 54311 11745  4156  2002     4     8   231  2000   455     6   100 32744 32744 32744
 54326 11942  4123  2002     3    20   231  1313  1710     5    37    14 32744 32744
 54333 12250  4159  2002     4     2   231  1504  1746    20   123    16 32744 32744
 54335 12205  4141  2002     4     2   231  1515  1908    40   137    16 32744 32744
 54335 12205  4141  2002     4     7   231  2231   114    21   137    14 32744 32744
 54346 12347  4119  2002     4     8   231   843  1220     7    87    13 32744 32744
 54423 11757  4059  2002     3    21   231  1418  2000     9   133    15 32744 32744
 54423 11757  4059  2002     3    22   231  2000  2143    70   120    16 32744 32744
 54423 11757  4059  2002     4     6   231  1937  2000     9   140    15 32744 32744
 54423 11757  4059  2002     4     7   231  2000   412     8   147    15 32744 32744
 54423 11757  4059  2002     4     7   231  1516  2000     8   147    15 32744 32744
 54423 11757  4059  2002     4     8   231  2000   529     8   127    16 32744 32744
 54486 12317  4017  2002     4     7   231   604  1841     2    67    16 32744 32744
 54486 12317  4017  2002     4     8   231   514   753     6    80    15 32744 32744
 54624 11721  3822  2002     7    15   231  1749  1804   140 32744 32744 32744 32744
 55248  8425  3209  2002     4     1   231  1825  1837   480 32744 32744 32744 32744
 55294  9106  3221  2002     1    16   231  1349  1402     8   247    12 32744 32744
 55472  8838  3057  2002     2     2   231  1443  1611   200 32744 32744 32744 32744
 55578  8353  2915  2002     4     3   231  1443  1458   250    93     1 32744 32744
 55598  9146  2915  2002     4     9   231  1651  1707   400    70    13 32744 32744
 55664  8705  2838  2002     1    18   231  1310  1557   350 32744 32744 32744 32744
 55664  8705  2838  2002     2     3   231  1445  1731   400 32744 32744 32744 32744
 56004  9226  3413  2002     1    14   231  1312  1325   200   150    13 32744 32744
 56004  9226  3413  2002     1    30   231  1450  1740   350   170    13 32744 32744
 56004  9226  3413  2002     2    12   231  1628  1640   300   250    12 32744 32744
 56004  9226  3413  2002    10    22   231  1039  1050   170   163    13 32744 32744
 56004  9226  3413  2002    12     4   231  1226  1232    90   220    12 32744 32744
 56004  9226  3413  2002    12    20   231  1522  1540   300   130    14 32744 32744
 56033  9813  3455  2002     2    11   231  1314  1708     6   177    14 32744 32744
 56046  9939  3345  2002     2    24   231  1722  1740   450   140    12 32744 32744
 56046  9939  3345  2002     3    13   231  1801  1825   150   150    16 32744 32744
 56046  9939  3345  2002     3    21   231  1331  1335   200   143    14 32744 32744
 56046  9939  3345  2002     5     5   231  1637  1642   450   193    14 32744 32744
 56065 10136  3444  2002     3    13   231  1601  1602   150   120    15 32744 32744
 56065 10136  3444  2002     3    20   231  1127  1417     7   157    14 32744 32744
 56065 10136  3444  2002     3    21   231  1149  1643   150   160    14 32744 32744
 57083 11339  3443  2002     5    27   231  1600  1610   100    92     2   175     1
 57083 11339  3443  2002     6     1   231  1814  1825   100   113    16   213     1
