 50514 11726  4934  1991     4    23   231  2347   240     9   220     9 32744 32744
 50618 11816  4813  1991     4    23   231  2143  2220    80 32744 32744 32744 32744
 51068  8728  4707  1991     4     9   231  2153  2231   150   153    15 32744 32744
 51068  8728  4707  1991     8     4   231  2328  2333   300   127    12 32744 32744
 51068  8728  4707  1991     9    28   231    14    27   150   137    14 32744 32744
 51076  8805  4744  1991     5    18   231  2001  2010   100   118    16   254    16
 51133  8300  4644  1991     8    17   231  2112  2125   400    87    12 32744 32744
 51133  8300  4644  1991     8    18   231  1840  1906   300    70    16 32744 32744
 51133  8300  4644  1991     9    17   231  1720  1930    50    90     7 32744 32744
 51133  8300  4644  1991     9    27   231  1905  1930    50   100    16 32744 32744
 51186  9023  4640  1991     5    24   231  1804  1818   500   153    11 32744 32744
 51241  8336  4556  1991     6     2   231  1611  1617   500 32744 32744 32744 32744
 51288  9032  4522  1991     5    25   231  2011  2014   500 32744 32744 32744 32744
 51330  8101  4458  1991     6    29   231  2023  2030   300   170    13 32744 32744
 51346  8440  4426  1991     4    29   231   955  1025   150    70    10 32744 32744
 51526  8813  4214  1991     6     3   231  1946  2000     8   100    15 32744 32744
 51526  8813  4214  1991     6     4   231  2000  2003   200   130     1 32744 32744
 51542  8409  4302  1991     4    25   231  1414  1422   600   160    15 32744 32744
 51542  8409  4302  1991     6     1   231  1601  1603   350   100    10 32744 32744
 51542  8409  4302  1991     6     4   231  1418  1420   600   117    14 32744 32744
 51542  8409  4302  1991     9    12   231  1636  1641   600    77    13 32744 32744
 51542  8409  4302  1991    11     4   231   608   630   120   150    16 32744 32744
 51567  8634  4205  1991     4    26   231  1940  1954     7 32744 32744 32744 32744
 51567  8634  4205  1991     4    30   231  2018  2032   200 32744 32744 32744 32744
 51573  8912  4256  1991     4     9   231  1904  2000     6   110    14 32744 32744
 51573  8912  4256  1991     4    10   231  2000  2006    30    97    14 32744 32744
 51573  8912  4256  1991     4    24   231  1948  1958     8    73    14 32744 32744
 51573  8912  4256  1991     5    30   231  1806  1840   150    97    15 32744 32744
 51573  8912  4256  1991     8     7   231  2331   203     5   120    14 32744 32744
 51628  8014  4110  1991     5    19   231  2212  2238   100    70    15 32744 32744
 51628  8014  4110  1991     8    16   231  2055  2057   100    80    12 32744 32744
 51644  8257  4143  1991     5    19   231  1030  1123    90    90     5 32744 32744
 51644  8257  4143  1991     6    23   231  1445  1716   100   100    16 32744 32744
 51644  8257  4143  1991     7    30   231  1803  1819   200    70    16 32744 32744
 51656  8608  4145  1991     8     6   231  1932  2000     5    77    14 32744 32744
 51656  8608  4145  1991     8     7   231  2000  2012   200    70    14 32744 32744
 51711  7827  4056  1991     5    17   231  1947  2000     3   113    13 32744 32744
 51711  7827  4056  1991     5    18   231  2000  2013   200   110    13 32744 32744
 51711  7827  4056  1991     5    18   231  1920  1930   200   110    13 32744 32744
 51711  7827  4056  1991     8     5   231  1507  1518   500 32744 32744 32744 32744
 51716  7834  3948  1991     4    28   231  2108  2152    20    97     2 32744 32744
 51716  7834  3948  1991     5    20   231   933   945    12   117     4 32744 32744
 51716  7834  3948  1991     5    20   231  1521  1534    12   117     4 32744 32744
 51716  7834  3948  1991     6     8   231  2345    40    30   107    15 32744 32744
 51716  7834  3948  1991     8     5   231  2009  2025    90    87    15 32744 32744
 51716  7834  3948  1991     8     8   231  2357   113    15   127    16 32744 32744
 51720  7903  4030  1991     3    13   231  1748  1930    20 32744 32744 32744 32744
 51720  7903  4030  1991     4    27   231  1933  2000     5 32744 32744 32744 32744
 51720  7903  4030  1991     4    28   231  2000  2035    50 32744 32744 32744 32744
 51720  7903  4030  1991     6     1   231  1634  1642   150 32744 32744 32744 32744
 51720  7903  4030  1991     7    10   231  2035  2047   450 32744 32744 32744 32744
 51720  7903  4030  1991     7    26   231  2032  2038    80 32744 32744 32744 32744
 51720  7903  4030  1991     7    31   231  1903  1906   200 32744 32744 32744 32744
 51720  7903  4030  1991     8     7   231  1818  1822   300 32744 32744 32744 32744
 51720  7903  4030  1991     8    22   231  1102  1129    60 32744 32744 32744 32744
 51720  7903  4030  1991    10     8   231  1903  1908   300 32744 32744 32744 32744
 51730  8103  4030  1991     4    27   231  1624  1629   110 32744 32744 32744 32744
 51730  8103  4030  1991     4    30   231  1322  1502    20 32744 32744 32744 32744
 51730  8103  4030  1991     5     4   231  2028  2238     5 32744 32744 32744 32744
 51730  8103  4030  1991     5     4   231  1937  2000     5 32744 32744 32744 32744
 51730  8103  4030  1991     5     5   231  2000  2047    60 32744 32744 32744 32744
 51730  8103  4030  1991     6     8   231  1314  1320    30 32744 32744 32744 32744
 51765  8742  4038  1991     4    27   231  1449  1545    18 32744 32744 32744 32744
 51765  8742  4038  1991     5     4   231  1704  2000     4 32744 32744 32744 32744
 51765  8742  4038  1991     5     5   231  2000  2145   180 32744 32744 32744 32744
 51765  8742  4038  1991     5    20   231  1902  2000     7 32744 32744 32744 32744
 51765  8742  4038  1991     5    21   231  2000  2305    15 32744 32744 32744 32744
 51765  8742  4038  1991     5    22   231  1537  1804    70 32744 32744 32744 32744
 51765  8742  4038  1991     7    13   231  1817  1845    60 32744 32744 32744 32744
 51765  8742  4038  1991     8     2   231   240   331   120 32744 32744 32744 32744
 51777  8810  3902  1991     4    19   231  1845  1848   120    57     5 32744 32744
 51777  8810  3902  1991     5     4   231  1936  2000     3   113     4 32744 32744
 51777  8810  3902  1991     5     5   231  2000    41    50   253     4 32744 32744
 51777  8810  3902  1991     5    21   231  2120    43    20   147     4 32744 32744
 51777  8810  3902  1991     5    22   231  1609  1635    90    97    11 32744 32744
 51777  8810  3902  1991     6    12   231   825   915    40    97    11 32744 32744
 51804  7514  3747  1991     4     2   231  1856  1858   250   117    11 32744 32744
 51811  7716  3826  1991     6    16   231  1758  2000     3 32744 32744 32744 32744
 51811  7716  3826  1991     6    17   231  2000  2124    50 32744 32744 32744 32744
 51818  7817  3737  1991     5     5   231  2150  2213    50    77    16 32744 32744
 51818  7817  3737  1991     5    20   231  1811  1832    30    50    14 32744 32744
 51818  7817  3737  1991     5    22   231  1311  1333    40    80    12 32744 32744
 51818  7817  3737  1991     5    25   231  2017  2040    90    60    15 32744 32744
 51818  7817  3737  1991     5    27   231   301   325   150    50    15 32744 32744
 51818  7817  3737  1991     5    30   231  1520  1528   150    60    12 32744 32744
 51818  7817  3737  1991     5    31   231  1535  1917    70    63    10 32744 32744
 51818  7817  3737  1991     6    10   231  2056  2113    80    50    15 32744 32744
 51818  7817  3737  1991     6    11   231  1303  1440     8    80    15 32744 32744
 51818  7817  3737  1991     6    16   231  2135  2320     0    90    10 32744 32744
 51818  7817  3737  1991     6    16   231  1835  2000     0    90    10 32744 32744
 51818  7817  3737  1991     6    17   231  2000  2317    90   100    14 32744 32744
 51818  7817  3737  1991     7     9   231  1852  2000     8    80    11 32744 32744
 51818  7817  3737  1991     7    10   231  2000  2007    90    63    10 32744 32744
 51818  7817  3737  1991     7    18   231   415   535    80    53    15 32744 32744
 51818  7817  3737  1991     7    20   231  1947  2000     6    60    15 32744 32744
 51818  7817  3737  1991     7    21   231  2000  2012   110    70    13 32744 32744
 51818  7817  3737  1991     8     6   231    37    50    80    60    16 32744 32744
 51818  7817  3737  1991     8    23   231  2213  2220   100    47     3 32744 32744
 51818  7817  3737  1991    10    12   231   522   733    30    73    15 32744 32744
 51828  7956  3708  1991     3    13   231  2320   258     8    90    14 32744 32744
 51828  7956  3708  1991     4    14   231  1211  1549     7    70    14 32744 32744
 51828  7956  3708  1991     4    26   231  2013  2029    40    70    10 32744 32744
 51828  7956  3708  1991     5     2   231  2340    32    13    60    14 32744 32744
 51828  7956  3708  1991     5    21   231   537   843     3    50    12 32744 32744
 51828  7956  3708  1991     5    22   231   255   335     9    83    14 32744 32744
 51828  7956  3708  1991     5    22   231  1428  2000     9    83    14 32744 32744
 51828  7956  3708  1991     5    23   231  2000  2005    60    47     9 32744 32744
 51828  7956  3708  1991     5    27   231   610   720    15    50    13 32744 32744
 51828  7956  3708  1991     5    30   231  2010    17    15   130     9 32744 32744
 51828  7956  3708  1991     5    30   231   530   620    15   130     9 32744 32744
 51828  7956  3708  1991     5    30   231  1658  1730    15   130     9 32744 32744
 51828  7956  3708  1991     6     1   231  2017  2145    30    80    14 32744 32744
 51828  7956  3708  1991     6    11   231  1457  1735    20    80    13 32744 32744
 51828  7956  3708  1991     6    16   231  1918  2000     8    70    10 32744 32744
 51828  7956  3708  1991     6    17   231  2000    35    15   107    13 32744 32744
 51828  7956  3708  1991     6    25   231  2334    11    60    60    14 32744 32744
 51828  7956  3708  1991     7    18   231   645   841     7    70    13 32744 32744
 51828  7956  3708  1991     7    27   231   911   929    50    40    13 32744 32744
 51828  7956  3708  1991     8     6   231   257   350    70    73    13 32744 32744
 51828  7956  3708  1991     8    10   231   948  1029   150    57    13 32744 32744
 51828  7956  3708  1991     8    23   231   312   344    30    50     2 32744 32744
 51828  7956  3708  1991    10    12   231   645   925     7    80    14 32744 32744
 51839  8243  3704  1991     3     6   231  1502  1640     8    80    13 32744 32744
 51839  8243  3704  1991     3    13   231   506  1110     2    90    13 32744 32744
 51839  8243  3704  1991     3    26   231  1214  1527     8    97    13 32744 32744
 51839  8243  3704  1991     4    14   231  1917  2000     8    63    13 32744 32744
 51839  8243  3704  1991     4    15   231  2000   218     8    77    13 32744 32744
 51839  8243  3704  1991     5     5   231   525  1006     8    73     5 32744 32744
 51839  8243  3704  1991     5    19   231  1109  1423     8    70    12 32744 32744
 51839  8243  3704  1991     5    20   231  1904  2000     6    63     3 32744 32744
 51839  8243  3704  1991     5    21   231  2000  2046     2    60     4 32744 32744
 51839  8243  3704  1991     5    22   231   526   738     2   110    13 32744 32744
 51839  8243  3704  1991     5    22   231  1843  2000     2   110    13 32744 32744
 51839  8243  3704  1991     5    23   231  2000  2237    90    80    13 32744 32744
 51839  8243  3704  1991     5    26   231   331   350    40    60     1 32744 32744
 51839  8243  3704  1991     5    27   231  1306  1535     8    60    13 32744 32744
 51839  8243  3704  1991     5    31   231  2131  2139   250    80    15 32744 32744
 51839  8243  3704  1991     6    11   231  1923  2000     0   110    13 32744 32744
 51839  8243  3704  1991     6    12   231  2000   332     1   120    13 32744 32744
 51839  8243  3704  1991     6    17   231   323  2000     3    77    13 32744 32744
 51839  8243  3704  1991     6    18   231  2000    37    80    90    13 32744 32744
 51839  8243  3704  1991     6    23   231  2315   243    12    70    13 32744 32744
 51839  8243  3704  1991     6    28   231  1842  2000     8    70    13 32744 32744
 51839  8243  3704  1991     6    29   231  2000  2027    40    50    13 32744 32744
 51839  8243  3704  1991     7     8   231  1006  1107    15    60    11 32744 32744
 51839  8243  3704  1991     7    12   231  1825  2000     1    80    16 32744 32744
 51839  8243  3704  1991     7    13   231  2000  2022    20    67    15 32744 32744
 51839  8243  3704  1991     7    14   231  1956  2000     9    37    11 32744 32744
 51839  8243  3704  1991     7    15   231  2000  2005    80    40    11 32744 32744
 51839  8243  3704  1991     7    18   231   937  1718     2    73    13 32744 32744
 51839  8243  3704  1991     7    21   231  1827  2000     2    80    13 32744 32744
 51839  8243  3704  1991     7    22   231  2000  2132    35    70    11 32744 32744
 51839  8243  3704  1991     7    26   231    12   337     9    70    13 32744 32744
 51839  8243  3704  1991     8     1   231  1808  2000     2    80    13 32744 32744
 51839  8243  3704  1991     8     2   231  2000  2235    35    77    11 32744 32744
 51839  8243  3704  1991     8     6   231   738  1315     3    80    13 32744 32744
 51839  8243  3704  1991     8     9   231  2054     5    10    80    13 32744 32744
 51839  8243  3704  1991     8    23   231   328   535    15    67     5 32744 32744
 51839  8243  3704  1991    10    12   231  1017  1815     3    80    12 32744 32744
 51839  8243  3704  1991    11     4   231  1348  1717     8    70    14 32744 32744
 51839  8243  3704  1991    11     5   231   420   813     9    70    13 32744 32744
 51848  8339  3756  1991     3     6   231  1847  1912    30    90    12 32744 32744
 51848  8339  3756  1991     3    26   231  1323  1545     7    90    13 32744 32744
 51848  8339  3756  1991     4    19   231  1524  1602    40    80    12 32744 32744
 51848  8339  3756  1991     4    27   231  1913  1941    25    73     2 32744 32744
 51848  8339  3756  1991     4    28   231  2121   138    12    97     4 32744 32744
 51848  8339  3756  1991     5     5   231    52   718     7   107     2 32744 32744
 51848  8339  3756  1991     5    20   231  1504  2000     9    83     3 32744 32744
 51848  8339  3756  1991     5    21   231  2000  2130     7    60     5 32744 32744
 51848  8339  3756  1991     5    27   231  1857  1909    12    53    15 32744 32744
 51848  8339  3756  1991     6     8   231   202   245    50    70     1 32744 32744
 51848  8339  3756  1991     6    12   231  2225  2341    12    80    13 32744 32744
 51848  8339  3756  1991     6    18   231  2115   349     6   100     9 32744 32744
 51848  8339  3756  1991     6    28   231  1917  2000     6    70     9 32744 32744
 51848  8339  3756  1991     6    29   231  2000  2213    15    80     9 32744 32744
 51848  8339  3756  1991     7    12   231  1846  2000     4   110     1 32744 32744
 51848  8339  3756  1991     7    13   231  2000  2120    40   100     2 32744 32744
 51848  8339  3756  1991     8     2   231  2018  2213    50    87     1 32744 32744
 51848  8339  3756  1991     8     9   231     3   336     5    80    16 32744 32744
 51848  8339  3756  1991     8    21   231  2011  2142    50    70    16 32744 32744
 51848  8339  3756  1991     8    22   231  1342  1513     8    73     4 32744 32744
 51848  8339  3756  1991     8    23   231   211   526    11    83     3 32744 32744
 51855  8533  3809  1991     3     6   231  1721  1845   200 32744 32744 32744 32744
 51855  8533  3809  1991     3    23   231  1740  1907    20 32744 32744 32744 32744
 51855  8533  3809  1991     4     9   231  1717  1738    20 32744 32744 32744 32744
 51855  8533  3809  1991     4    19   231  1520  1615    90 32744 32744 32744 32744
 51855  8533  3809  1991     5     5   231  2240   325     3 32744 32744 32744 32744
 51855  8533  3809  1991     5    20   231  1503  1712    12 32744 32744 32744 32744
 51855  8533  3809  1991     6     2   231  2040  2115   120 32744 32744 32744 32744
 51855  8533  3809  1991     6    12   231   215   635    20 32744 32744 32744 32744
 51855  8533  3809  1991     6    20   231  2110  2134    18 32744 32744 32744 32744
 51855  8533  3809  1991     6    23   231   625   720     6 32744 32744 32744 32744
 51855  8533  3809  1991     8     9   231   711   826     4 32744 32744 32744 32744
 51886  9051  3815  1991     1    22   231  1636  1657   400   190    15 32744 32744
 51886  9051  3815  1991     2     8   231  1643  1755   200   193    14 32744 32744
 51886  9051  3815  1991     2    21   231  1128  1433   150   157    14 32744 32744
 51886  9051  3815  1991     3    25   231  1215  1914   200   203    15 32744 32744
 51886  9051  3815  1991     3    26   231  1653  1958     0   197    14 32744 32744
 51886  9051  3815  1991     3    27   231  1639  1737   180   193    14 32744 32744
 51886  9051  3815  1991     3    28   231  1312  1821     3   220    14 32744 32744
 51886  9051  3815  1991     3    29   231  1222  1342   200   183    14 32744 32744
 51886  9051  3815  1991     4    27   231  1754  1759   150   177    15 32744 32744
 51886  9051  3815  1991     5    23   231  1638  1722    40   170    15 32744 32744
 51886  9051  3815  1991     6     3   231  1608  1610   270   173    15 32744 32744
 51886  9051  3815  1991     6     6   231  1226  1613   180   183    14 32744 32744
 51886  9051  3815  1991     6    30   231  1445  1447   150   110    15 32744 32744
 51886  9051  3815  1991     7     2   231  1506  1522   250   207    15 32744 32744
 51886  9051  3815  1991     7     3   231  1608  1618   250   130    16 32744 32744
 51886  9051  3815  1991     7     4   231  1304  1304   120   167    14 32744 32744
 51886  9051  3815  1991     9     3   231  1445  1447   300   147    16 32744 32744
 51931  8139  3651  1991     3    13   231   217   245    70    93    14 32744 32744
 51931  8139  3651  1991     4    14   231  1735  2000     8    80    14 32744 32744
 51931  8139  3651  1991     4    15   231  2000  2213    50    57    13 32744 32744
 51931  8139  3651  1991     5     5   231   825   915     9 32744 32744 32744 32744
 51931  8139  3651  1991     5    21   231    56   223     9    53     1 32744 32744
 51931  8139  3651  1991     5    22   231  1709  1845    15    90    15 32744 32744
 51931  8139  3651  1991     5    23   231  2340    18    60   103     9 32744 32744
 51931  8139  3651  1991     5    30   231   826   837     7   123    14 32744 32744
 51931  8139  3651  1991     5    30   231  1940  2000     7   123    14 32744 32744
 51931  8139  3651  1991     5    31   231  2000  2025   150   120    14 32744 32744
 51931  8139  3651  1991     6    11   231  1735  2000     4   120    13 32744 32744
 51931  8139  3651  1991     6    12   231  2000  2050    80    80    14 32744 32744
 51931  8139  3651  1991     6    17   231    45   315     9   100    14 32744 32744
 51931  8139  3651  1991     6    23   231  2341    15    30    70    15 32744 32744
 51931  8139  3651  1991     7    12   231  1739  1828     8    73    15 32744 32744
 51931  8139  3651  1991    10    12   231   919  1111    15    93    15 32744 32744
 52203  9331  4249  1991     4    30   231   645  1135     9   137     6 32744 32744
 52267 10104  4157  1991     5     6   231  1040  1506     8   133    14 32744 32744
 52267 10104  4157  1991     6     1   231  1524  1624   150    97    14 32744 32744
 52267 10104  4157  1991     6    23   231  1636  1712    50   123     4 32744 32744
 52267 10104  4157  1991     6    28   231  1616  1617   150   113    14 32744 32744
 52267 10104  4157  1991     9    11   231  1909  1913   150   100     3 32744 32744
 52267 10104  4157  1991    11    28   231  1230  1235   200   117    14 32744 32744
 52378 10222  4122  1991     3     6   231   109   245     3   213     5 32744 32744
 52378 10222  4122  1991     3     6   231   635   821     3   213     5 32744 32744
 52378 10222  4122  1991     3     6   231  1127  1930     3   213     5 32744 32744
 52378 10222  4122  1991     4    22   231  1821  1835    40   140    13 32744 32744
 52378 10222  4122  1991     5     5   231  1134  1530     7   180    13 32744 32744
 52378 10222  4122  1991     5     6   231  1051  1935     3   180    13 32744 32744
 52378 10222  4122  1991     5     7   231  1240  1630     6   180    13 32744 32744
 52378 10222  4122  1991     5    26   231  1036  1042    50   140    15 32744 32744
 52378 10222  4122  1991     6    14   231  1740  1910   150   173    13 32744 32744
 52378 10222  4122  1991     6    23   231  1840  1954     6   163     5 32744 32744
 52378 10222  4122  1991     9     4   231  1620  1620   200   120    13 32744 32744
 52378 10222  4122  1991    10    22   231  1428  1515   200   160    13 32744 32744
 52378 10222  4122  1991    10    23   231   213   528    80   167    15 32744 32744
 52378 10222  4122  1991    10    24   231  1236  1440     8   170    13 32744 32744
 52378 10222  4122  1991    11     5   231  1120  1447     9   157    13 32744 32744
 52418  9441  4009  1991     1     7   231  1908  1934    14   110    14 32744 32744
 52418  9441  4009  1991     2     7   231  1302  1332    14   130    13 32744 32744
 52418  9441  4009  1991     3    13   231  1021  1130    15   153    14 32744 32744
 52418  9441  4009  1991     3    13   231  1430  1543    15   153    14 32744 32744
 52418  9441  4009  1991     5    24   231  1552  1605    80   107    14 32744 32744
 52418  9441  4009  1991     6     3   231  1643  1738    80   123    14 32744 32744
 52418  9441  4009  1991     6    12   231  1838  2000     8   123    13 32744 32744
 52418  9441  4009  1991     6    13   231  2000  2113    18   107    13 32744 32744
 52418  9441  4009  1991     7     1   231  1837  1910    70    83    16 32744 32744
 52418  9441  4009  1991     7     4   231  2012  2113    60    97    16 32744 32744
 52418  9441  4009  1991     8    21   231  1948  2000     2   143    12 32744 32744
 52418  9441  4009  1991     8    22   231  2000  2140   120   170    12 32744 32744
 52424  9546  4032  1991     3    13   231  1003  1935     3   157     5 32744 32744
 52424  9546  4032  1991     4    30   231   937  1520     4   167     5 32744 32744
 52424  9546  4032  1991     5     5   231   610   840     7   107    12 32744 32744
 52424  9546  4032  1991     6    13   231  2055  2220   120    77    12 32744 32744
 52424  9546  4032  1991     6    23   231  1535  2000     8   140     5 32744 32744
 52424  9546  4032  1991     6    24   231  2000  2316    80   113     4 32744 32744
 52424  9546  4032  1991     8    22   231  2107    45    30   103    11 32744 32744
 52436  9702  4016  1991     2    16   231  1233  1320    40   150    13 32744 32744
 52436  9702  4016  1991     3    13   231  1510  2000     6   153    13 32744 32744
 52436  9702  4016  1991     3    14   231  2000  2235   150   110    14 32744 32744
 52446  9931  4018  1991     2    21   231  1119  1331    12   173    14 32744 32744
 52446  9931  4018  1991     2    22   231  1234  1826    80   127    12 32744 32744
 52446  9931  4018  1991     3    14   231  2054  2245   110   120    15 32744 32744
 52446  9931  4018  1991     7    15   231  1608  1625    60    90    12 32744 32744
 52446  9931  4018  1991     8    10   231  1628  1708    80   123    13 32744 32744
 52446  9931  4018  1991     8    31   231  1956  1958   400   140     1 32744 32744
 52446  9931  4018  1991    10    23   231   507   545    80   167    14 32744 32744
 52446  9931  4018  1991    11    28   231  1412  1704    30   150    14 32744 32744
 52447  9854  4000  1991     2    21   231  1010  1540     3   150    14 32744 32744
 52447  9854  4000  1991     4    22   231  1931  1956     8   130    14 32744 32744
 52447  9854  4000  1991     4    23   231  1630  2000     9   140    13 32744 32744
 52447  9854  4000  1991     4    24   231  2000  2005   300   100    14 32744 32744
 52447  9854  4000  1991     5     5   231  1206  1220   150   127    14 32744 32744
 52447  9854  4000  1991     6     9   231  1721  1734   300    97    13 32744 32744
 52447  9854  4000  1991     7     4   231  1750  1759   400   107    16 32744 32744
 52447  9854  4000  1991     8    22   231   211   316   200   103    14 32744 32744
 52447  9854  4000  1991    10    23   231  1340  1706     7   150    14 32744 32744
 52495 10430  4045  1991     2     8   231  1340  1430     8   170    14 32744 32744
 52495 10430  4045  1991     3     6   231   130   419     3   183     2 32744 32744
 52495 10430  4045  1991     3     6   231  1307  2000     3   183     2 32744 32744
 52495 10430  4045  1991     3     7   231  2000  2132   120   170     2 32744 32744
 52495 10430  4045  1991     5     5   231  1625  1957     8   143    14 32744 32744
 52495 10430  4045  1991     5     7   231  1246  1327    15   140    13 32744 32744
 52495 10430  4045  1991     6     5   231  1337  1341   120   120    15 32744 32744
 52495 10430  4045  1991     6    15   231  2020  2030   300   140    14 32744 32744
 52495 10430  4045  1991    10    23   231  1507  1512    80   153    13 32744 32744
 52495 10430  4045  1991    10    24   231  1317  1357     7   160    14 32744 32744
 52495 10430  4045  1991    11     1   231  1031  1435    12   180    14 32744 32744
 52533  9829  3946  1991     2    16   231  1540  1611   120    90    16 32744 32744
 52533  9829  3946  1991     5     5   231  1140  1245   110   130    14 32744 32744
 52546  9950  3922  1991     3     6   231  1340  1518     8    90    14 32744 32744
 52546  9950  3922  1991     3    13   231  1537  1635    50   120    14 32744 32744
 52546  9950  3922  1991     8    10   231  1425  1548    40    50    15 32744 32744
 52576 10141  3913  1991     3    13   231  1106  1630     8   223     6 32744 32744
 52602  9323  3850  1991     2    16   231  1420  1436   300   197    14 32744 32744
 52602  9323  3850  1991     6     3   231  1936  1938    40   230    14 32744 32744
 52633  9825  3848  1991     2    16   231  1617  1633   280   237    14 32744 32744
 52633  9825  3848  1991     3    13   231  1933  2000     6   103    15 32744 32744
 52633  9825  3848  1991     3    14   231  2000  2041    90   133    14 32744 32744
 52633  9825  3848  1991     5     6   231  2036  2056   250   163    14 32744 32744
 52652 10026  3856  1991     3     5   231  1453  1637    70   130    15 32744 32744
 52652 10026  3856  1991     3     6   231  1422  1641    15   107    16 32744 32744
 52652 10026  3856  1991     3    13   231  1519  1834    50   157    15 32744 32744
 52652 10026  3856  1991     5     5   231   839   924    65   147    14 32744 32744
 52674 10158  3814  1991     3    13   231  1848  2000     7   150    13 32744 32744
 52674 10158  3814  1991     3    14   231  2000  2130    50   140    13 32744 32744
 52679 10240  3755  1991     5     5   231  1319  2000     2   100    16 32744 32744
 52679 10240  3755  1991     5     6   231  2000  2027    60   100    15 32744 32744
 52681 10305  3838  1991     2    21   231   809  1831     6   123    15 32744 32744
 52681 10305  3838  1991     3     5   231  1412  1915    18    93     6 32744 32744
 52681 10305  3838  1991     3     6   231  1752  1910     7   140    14 32744 32744
 52681 10305  3838  1991     3    13   231  1308  1925    15   127     4 32744 32744
 52681 10305  3838  1991     4    22   231  1409  1427    80   140    14 32744 32744
 52681 10305  3838  1991     5     5   231  1310  2000     2   190    14 32744 32744
 52681 10305  3838  1991     5     6   231  2000  2007   200   117    15 32744 32744
 52681 10305  3838  1991     6     1   231  1335  1408     8   127    14 32744 32744
 52681 10305  3838  1991    10    22   231  1303  1409     8   110    15 32744 32744
 52681 10305  3838  1991    10    23   231  1002  1735     9   147    14 32744 32744
 52681 10305  3838  1991    10    24   231  1142  1935     8   160    14 32744 32744
 52707  9341  3648  1991     3    13   231  1615  1630     6   143    16 32744 32744
 52707  9341  3648  1991     3    13   231  1935  1954     6   143    16 32744 32744
 52707  9341  3648  1991     4    15   231   806  1154    50   170    14 32744 32744
 52707  9341  3648  1991     5     5   231  1037  1056     8   170    15 32744 32744
 52707  9341  3648  1991     5     5   231  1844  1957     8   170    15 32744 32744
 52707  9341  3648  1991     5     6   231  2006  2110    90   110    15 32744 32744
 52707  9341  3648  1991     6     5   231  2020  2022   150   107     2 32744 32744
 52707  9341  3648  1991     6     6   231  1720  1734    90   130    16 32744 32744
 52707  9341  3648  1991     6     8   231  1921  2000     3   170    15 32744 32744
 52707  9341  3648  1991     6     9   231  2000  2230   120   170    16 32744 32744
 52707  9341  3648  1991     8    22   231  2148  2201    80   160    14 32744 32744
 52737  9722  3722  1991     2     9   231  1420  1707   300   113    12 32744 32744
 52737  9722  3722  1991     2    21   231  1528  1529   110    90    11 32744 32744
 52737  9722  3722  1991     3    22   231  1628  1638   250   100    12 32744 32744
 52754 10008  3720  1991     1    10   231  1629  1630   150   120    13 32744 32744
 52754 10008  3720  1991     1    27   231  1413  1420   200   120    15 32744 32744
 52754 10008  3720  1991     2     6   231  1540  1612   200   147    14 32744 32744
 52754 10008  3720  1991     2     9   231  1247  1740     6   163    13 32744 32744
 52754 10008  3720  1991     2    16   231  1713  1738   150   160    13 32744 32744
 52754 10008  3720  1991     3     9   231  1617  1622   200    90    12 32744 32744
 52754 10008  3720  1991     3    14   231  1635  1656   100   120    13 32744 32744
 52754 10008  3720  1991     3    27   231  1250  1435     8   160    13 32744 32744
 52754 10008  3720  1991     3    29   231  1304  1710     9   150    14 32744 32744
 52754 10008  3720  1991     4    28   231  1047  1115   120   127    12 32744 32744
 52754 10008  3720  1991     5    10   231  1625  1745   120   160     3 32744 32744
 52754 10008  3720  1991     5    12   231  1709  1714   280   117     3 32744 32744
 52754 10008  3720  1991     5    22   231  1932  1935    70   160     3 32744 32744
 52754 10008  3720  1991     6     6   231  1830  1835   150   157     1 32744 32744
 52754 10008  3720  1991     6    26   231  1812  1814   200   180     1 32744 32744
 52754 10008  3720  1991     9    14   231  1645  1659   200   140    15 32744 32744
 52754 10008  3720  1991    10     2   231  1417  1429   200   150    14 32744 32744
 52754 10008  3720  1991    10    22   231  1314  1410    90   177    14 32744 32744
 52754 10008  3720  1991    11     8   231  1232  1240    90   133    13 32744 32744
 52754 10008  3720  1991    12     6   231  1147  1557   180   150    13 32744 32744
 52754 10008  3720  1991    12    22   231  1705  1720   150    97    13 32744 32744
 52765 10137  3723  1991     2     9   231  1355  1655     5   130    12 32744 32744
 52765 10137  3723  1991     3    27   231  1338  1510   120   130    13 32744 32744
 52765 10137  3723  1991     5    22   231  1949  1958     1   180    13 32744 32744
 52765 10137  3723  1991    10    23   231  1440  1440   300   103    14 32744 32744
 52797 10403  3711  1991     3     6   231  1901  1930    40   127    14 32744 32744
 52797 10403  3711  1991     5     5   231  1940  2000     2    97     2 32744 32744
 52797 10403  3711  1991     5     6   231  2000  2118   300   103    16 32744 32744
 52797 10403  3711  1991    11     5   231   925  1005    20   110    14 32744 32744
 52818  9454  3625  1991     3    13   231  1904  2000     7   110    14 32744 32744
 52818  9454  3625  1991     3    14   231  2000  2015   120    77    15 32744 32744
 52818  9454  3625  1991     3    25   231   104   116    90   150    13 32744 32744
 52818  9454  3625  1991     5     5   231  1040  1130    20   150    14 32744 32744
 52818  9454  3625  1991     5     6   231  2025  2105   110    90    16 32744 32744
 52818  9454  3625  1991     5    21   231  1556  1610    50   130    12 32744 32744
 52818  9454  3625  1991     5    22   231  2338     2    60   110    13 32744 32744
 52818  9454  3625  1991     6     6   231  1848  1905    90    90    16 32744 32744
 52818  9454  3625  1991     6     9   231  2054  2128   100   160    15 32744 32744
 52818  9454  3625  1991     8     3   231   137   240     6   127    13 32744 32744
 52818  9454  3625  1991     8    22   231     8    57    80   160    13 32744 32744
 52825  9625  3626  1991     2    16   231   905   950    60   163    14 32744 32744
 52825  9625  3626  1991     3    13   231  1919  2000     7   110    12 32744 32744
 52825  9625  3626  1991     3    14   231  2000  2115   120   153    13 32744 32744
 52825  9625  3626  1991     5     5   231  1233  1310    16   143    13 32744 32744
 52825  9625  3626  1991     5    22   231  2017  2020   180   103    13 32744 32744
 52825  9625  3626  1991     6     9   231  2244  2250   150   130    15 32744 32744
 52825  9625  3626  1991     7     9   231  1733  1742   300    60    11 32744 32744
 52836  9806  3618  1991     2    16   231  1050  1140    90    97    13 32744 32744
 52836  9806  3618  1991     3    29   231  1555  1747   150   110    14 32744 32744
 52836  9806  3618  1991     4    28   231   215   308     9   100    14 32744 32744
 52836  9806  3618  1991     4    28   231  1340  1352     9   100    14 32744 32744
 52842  9905  3647  1991     1    13   231  1321  1442   120   143    13 32744 32744
 52842  9905  3647  1991     2    21   231  1609  1710    70   170    13 32744 32744
 52842  9905  3647  1991     3    28   231  1429  1820    90   190    13 32744 32744
 52842  9905  3647  1991     3    29   231  1242  1652     1   200    13 32744 32744
 52842  9905  3647  1991     9    14   231  1535  1632   150   137    15 32744 32744
 52842  9905  3647  1991    11     8   231  1254  1309   120   160    13 32744 32744
 52842  9905  3647  1991    12    26   231  1339  1431     8   160    15 32744 32744
 52856 10037  3616  1991     3    28   231  1325  1739     9   207    14 32744 32744
 52856 10037  3616  1991     5    15   231  1735  1744   400   130     9 32744 32744
 52856 10037  3616  1991     5    16   231  1510  1531   400   157    14 32744 32744
 52895 10441  3634  1991     5     5   231  1732  1907     6    83    15 32744 32744
 52908  9305  3513  1991     2    15   231  1254  1742     1   253    13 32744 32744
 52908  9305  3513  1991     2    16   231  1817  1824    70   203    13 32744 32744
 52908  9305  3513  1991     2    17   231  1306  2000     3   287    12 32744 32744
 52908  9305  3513  1991     2    18   231  2000  2039    12   230    12 32744 32744
 52908  9305  3513  1991     2    18   231    12    54    12   230    12 32744 32744
 52908  9305  3513  1991     2    18   231  1445  1530    12   230    12 32744 32744
 52908  9305  3513  1991     3     9   231  1228  1453    30   240    13 32744 32744
 52908  9305  3513  1991     3    11   231  1457  1501    90   220    13 32744 32744
 52908  9305  3513  1991     3    25   231  1320  1445    80   220    14 32744 32744
 52908  9305  3513  1991     3    27   231  1402  1434    90   230    13 32744 32744
 52908  9305  3513  1991     4    15   231  1702  1826   150   210    13 32744 32744
 52908  9305  3513  1991     6    24   231  1849  1853   200   230    16 32744 32744
 52943  9959  3535  1991     1     4   231  1530  1557   350   130    14 32744 32744
 52943  9959  3535  1991     1    20   231  1404  1531   300   130    14 32744 32744
 52943  9959  3535  1991     1    24   231  1541  1541   450   130    13 32744 32744
 52943  9959  3535  1991     1    25   231  1439  1439   450   133    14 32744 32744
 52943  9959  3535  1991     1    26   231  1412  1541   500   160    14 32744 32744
 52943  9959  3535  1991     1    28   231  1634  1642   450   140    15 32744 32744
 52943  9959  3535  1991     2     5   231  1604  1652   350   170    14 32744 32744
 52943  9959  3535  1991     2     6   231  1330  1516     8   160    14 32744 32744
 52943  9959  3535  1991     2     8   231  1720  1721   500   140    15 32744 32744
 52943  9959  3535  1991     2     9   231  1227  1848   450   170    14 32744 32744
 52943  9959  3535  1991     2    10   231  1420  1527   500   140    15 32744 32744
 52943  9959  3535  1991     2    13   231  1534  1643   400   153    15 32744 32744
 52943  9959  3535  1991     2    15   231  1405  1530   300   190    14 32744 32744
 52943  9959  3535  1991     2    16   231  1334  1445     3   160    13 32744 32744
 52943  9959  3535  1991     2    21   231  1833  2000     6   157    15 32744 32744
 52943  9959  3535  1991     2    22   231  2000  2005   200   150    15 32744 32744
 52943  9959  3535  1991     2    26   231  1519  1548   350   150    13 32744 32744
 52943  9959  3535  1991     3     8   231  1413  1620   250   170    13 32744 32744
 52943  9959  3535  1991     3     9   231  1346  1745     5   190    11 32744 32744
 52943  9959  3535  1991     3    19   231  1546  1548   350   110    14 32744 32744
 52943  9959  3535  1991     3    22   231  1430  1643   250   123    12 32744 32744
 52943  9959  3535  1991     3    27   231  1442  1606   200   140    13 32744 32744
 52943  9959  3535  1991     3    28   231  1258  1620     6   180    13 32744 32744
 52943  9959  3535  1991     3    29   231  1324  1754   120   180    14 32744 32744
 52943  9959  3535  1991     3    30   231  1206  1621     5   180    14 32744 32744
 52943  9959  3535  1991     4     6   231  1503  1712   450   130    12 32744 32744
 52943  9959  3535  1991     4    10   231  1635  1637   450   140    12 32744 32744
 52943  9959  3535  1991     4    15   231  1520  1536   400   173    13 32744 32744
 52943  9959  3535  1991     4    28   231  1259  1746   200   193    14 32744 32744
 52943  9959  3535  1991    11    17   231  1624  1649   500   140    15 32744 32744
 52943  9959  3535  1991    12     6   231  1228  1537   200   150    14 32744 32744
 52943  9959  3535  1991    12    26   231  1336  1352     8   160    13 32744 32744
 52957 10039  3516  1991     1    25   231  1530  1738   400   150    12 32744 32744
 52957 10039  3516  1991     2     5   231  1603  1611   500   130    16 32744 32744
 52957 10039  3516  1991     2     9   231  1408  1412    90   137    14 32744 32744
 52957 10039  3516  1991     2    15   231  1423  1530   150   150    14 32744 32744
 52957 10039  3516  1991     2    16   231  1339  1346     8   143    13 32744 32744
 52957 10039  3516  1991     2    22   231  2050  2055   200   127    14 32744 32744
 52957 10039  3516  1991     3     6   231  1426  1428   120   140    13 32744 32744
 52957 10039  3516  1991     3     9   231  1631  1710   130   200    12 32744 32744
 52957 10039  3516  1991     3    27   231  1425  1615   150   150    13 32744 32744
 52957 10039  3516  1991     3    28   231  1320  1335    70   150    15 32744 32744
 52957 10039  3516  1991     3    30   231  1231  1247    60   163    14 32744 32744
 52957 10039  3516  1991     4    10   231  1519  1801   350   160    12 32744 32744
 52957 10039  3516  1991     4    14   231  1808  1821   450   160    16 32744 32744
 52957 10039  3516  1991     4    15   231  1555  1640   200   170    14 32744 32744
 52957 10039  3516  1991     4    28   231  1453  1728   150   180    14 32744 32744
 52957 10039  3516  1991     5     3   231  1735  1740   300   130    12 32744 32744
 52957 10039  3516  1991     5    19   231  1732  1737   400   113    14 32744 32744
 52957 10039  3516  1991     5    23   231  1456  1508   350   160     2 32744 32744
 52957 10039  3516  1991    12     6   231  1634  1643   300   143    14 32744 32744
 52984 10311  3535  1991     5     6   231  2006  2037    50   133     1 32744 32744
 53068 11158  4339  1991     2    20   231  1537  1630    70   207    15 32744 32744
 53068 11158  4339  1991    11    29   231  2340   112   100   207    14 32744 32744
 53149 11008  4232  1991    11     1   231  1450  1642   150   210    12 32744 32744
 53149 11008  4232  1991    11    28   231  1240  1540    14   210    12 32744 32744
 53149 11008  4232  1991    11    29   231  2232   345     8   190    12 32744 32744
 53192 11457  4401  1991     4    22   231  1515  1604   250   150    13 32744 32744
 53195 11343  4350  1991     2    20   231  1415  1420   150   140    16 32744 32744
 53195 11343  4350  1991     5    22   231  1520  1628   250   200    10 32744 32744
 53231 10624  4124  1991     3     6   231  1230  2000     3   180     4 32744 32744
 53231 10624  4124  1991     3     7   231  2000  2032   100   150     4 32744 32744
 53231 10624  4124  1991     3    14   231  1515  1906    50   160     7 32744 32744
 53231 10624  4124  1991     4    21   231  1830  1858   150   137    12 32744 32744
 53231 10624  4124  1991     4    22   231  1527  1559   150   140    12 32744 32744
 53231 10624  4124  1991     5     5   231  1545  1910     6   150    13 32744 32744
 53231 10624  4124  1991     5     7   231  1447  1656   110   157    12 32744 32744
 53231 10624  4124  1991     5    21   231  1105  1140   150   170     3 32744 32744
 53231 10624  4124  1991     5    26   231  1449  1508   200   180    11 32744 32744
 53231 10624  4124  1991     7    20   231  1415  1425   250   140     5 32744 32744
 53231 10624  4124  1991     7    26   231  1946  2000     5   120     2 32744 32744
 53231 10624  4124  1991     7    27   231  2000  2010   300   147     2 32744 32744
 53231 10624  4124  1991     8    21   231  1115  1240    70   200     7 32744 32744
 53231 10624  4124  1991     9     4   231  1649  1652   250 32744 32744 32744 32744
 53231 10624  4124  1991     9    14   231  1630  1756   180   120    13 32744 32744
 53231 10624  4124  1991    11     1   231  1035  1302    80   190    13 32744 32744
 53231 10624  4124  1991    11     5   231  1410  1853    20   173    11 32744 32744
 53276 11254  4224  1991     2    20   231  1515  1526   150   163    15 32744 32744
 53276 11254  4224  1991     4     8   231  1720  1734   200   174    12 32744 32744
 53276 11254  4224  1991     4    25   231  1312  1336    30   164    14 32744 32744
 53276 11254  4224  1991     5     7   231  1354  1359     5   160    13 32744 32744
 53276 11254  4224  1991    11    29   231  2310   529     9   173    13 32744 32744
 53352 11026  4142  1991     4     6   231  1554  1615   200   100    10 32744 32744
 53391 11400  4154  1991     4    30   231   943  1530     6   203    16 32744 32744
 53399 11442  4109  1991     4    30   231  1117  1538     3   163    16 32744 32744
 53502 10545  3947  1991     3     6   231   115   728     6   160     3 32744 32744
 53502 10545  3947  1991     3     6   231  1304  1820     6   160     3 32744 32744
 53502 10545  3947  1991     5     5   231  1704  2000     8   150    16 32744 32744
 53502 10545  3947  1991     5     6   231  2000  2155    90   140    15 32744 32744
 53502 10545  3947  1991     5    23   231  1710  1730    90   120    16 32744 32744
 53513 10725  4045  1991     6     4   231  1640  1648   180    93    14 32744 32744
 53513 10725  4045  1991     6    15   231    50   103    50   110    14 32744 32744
 53529 10759  3906  1991     4    30   231   109   512     9   120     1 32744 32744
 53529 10759  3906  1991     5     7   231  1552  1705    40   123    14 32744 32744
 53529 10759  3906  1991     5    13   231  1631  1650    90   107     1 32744 32744
 53529 10759  3906  1991     5    22   231  1737  2000     8   130     2 32744 32744
 53529 10759  3906  1991     5    23   231  2000  2020     8   100     2 32744 32744
 53529 10759  3906  1991     5    24   231  2147  2330   110   130     1 32744 32744
 53529 10759  3906  1991     7     5   231   851   938   200   127    16 32744 32744
 53529 10759  3906  1991     9     3   231  1519  1524   250   110     7 32744 32744
 53529 10759  3906  1991     9    17   231  1542  1601   200   140    15 32744 32744
 53529 10759  3906  1991    10    24   231  1420  1822    40   130    14 32744 32744
 53529 10759  3906  1991    11     1   231  1217  1652     4   137    14 32744 32744
 53529 10759  3906  1991    11     5   231  1615  1954     7   140    16 32744 32744
 53529 10759  3906  1991    11     6   231  2103    15    70   127    16 32744 32744
 53545 10944  3934  1991     4     6   231  1721  1847    40   147    12 32744 32744
 53545 10944  3934  1991     4    22   231  1321  1325    70   120    14 32744 32744
 53545 10944  3934  1991     4    26   231  1554  1610    70   123    15 32744 32744
 53545 10944  3934  1991     5     7   231  1433  1814    40   130    14 32744 32744
 53545 10944  3934  1991     5    14   231  1452  1634    80   130 32744 32744 32744
 53545 10944  3934  1991     7     7   231  1339  1344   200   130    11 32744 32744
 53545 10944  3934  1991    11     1   231  1353  1730     9   140    14 32744 32744
 53545 10944  3934  1991    11     6   231  2056   110    40   150    15 32744 32744
 53602 10540  3850  1991     4    25   231  2023  2147   150   140     2 32744 32744
 53602 10540  3850  1991     5     5   231  1806  2000     3   120    16 32744 32744
 53602 10540  3850  1991     5     6   231  2000  2021   100   110    16 32744 32744
 53614 10613  3829  1991     5     6   231  2030  2127   150   123    14 32744 32744
 53615 10642  3848  1991     5     6   231  2053   430     9   150    15 32744 32744
 53615 10642  3848  1991    11     5   231  1540  1839    40   137    16 32744 32744
 53646 10942  3814  1991     9    12   231  1558  1603   210   130    12 32744 32744
 53705 10540  3729  1991     5     5   231  1916  2000     4   153    14 32744 32744
 53705 10540  3729  1991     5     6   231  2000  2038    80   163    14 32744 32744
 53723 10724  3747  1991     1    15   231  1151  1240    12   133    12 32744 32744
 53723 10724  3747  1991     3     7   231   505  1106     9   137    13 32744 32744
 53723 10724  3747  1991     4    23   231  1151  1720     1   180    14 32744 32744
 53723 10724  3747  1991     6    21   231  1431  1440   300    97     3 32744 32744
 53723 10724  3747  1991    10    23   231  1106  2000     6   153    12 32744 32744
 53723 10724  3747  1991    10    24   231  2000  2124    70   120    12 32744 32744
 53723 10724  3747  1991    11     5   231  1711  2000     9   100    12 32744 32744
 53723 10724  3747  1991    11     6   231  2000  2024   150    73    16 32744 32744
 53725 10735  3735  1991     1    17   231  1314  1444     7   150     9 32744 32744
 53725 10735  3735  1991     4    23   231  1119  1750     7   160 32744 32744 32744
 53725 10735  3735  1991     6    21   231  1450  1514   200   140     2 32744 32744
 53725 10735  3735  1991    10    24   231  1442  1740    30   160    13 32744 32744
 53740 10914  3756  1991     4    23   231  1405  1433    30   163    14 32744 32744
 53806 10539  3634  1991     3     5   231  1655  1820    30   120     8 32744 32744
 53806 10539  3634  1991     3     6   231  2255  2330     9   160     6 32744 32744
 53806 10539  3634  1991     5     5   231  1920  2000     2   187    15 32744 32744
 53806 10539  3634  1991     5     6   231  2000  2020    60   157    15 32744 32744
 53810 10554  3659  1991     5     5   231  1936  2000     7   167     1 32744 32744
 53810 10554  3659  1991     5     6   231  2000  2218   100   160    16 32744 32744
 53810 10554  3659  1991     5    22   231  1926  2000     7    87    16 32744 32744
 53810 10554  3659  1991     5    23   231  2000  2209   120    70    16 32744 32744
 54012 11736  4435  1991    11    29   231  1013  1121   150   190    12 32744 32744
 54134 12117  4336  1991     5    21   231  1621  1643   200   180     1 32744 32744
 54208 11628  4211  1991     4    30   231   857  1435     9   230    14 32744 32744
 54208 11628  4211  1991     5    12   231  1739  1744   300   153    12 32744 32744
 54218 11858  4216  1991     5    13   231  1544  1556   200   127    16 32744 32744
 54236 12232  4225  1991     2    18   231  1551  1631    50   147    15 32744 32744
 54236 12232  4225  1991     3     3   231  1456  1658    30   180    10 32744 32744
 54236 12232  4225  1991     4    22   231  1606  1631    90   180    11 32744 32744
 54237 12143  4205  1993     4     6   231   910  1755     8   140    14 32744 32744
 54237 12143  4205  1993     4     7   231  2050   540     7   170    16 32744 32744
 54237 12143  4205  1993     4    26   231   704   740    20   177    16 32744 32744
 54511 11617  3956  1991     4    30   231  1535  1900    18   120    14 32744 32744
 54606 11544  3814  1991     4    30   231  1310  1319    90   170    16 32744 32744
 54606 11544  3814  1991     5    13   231  1803  1842    90   157    11 32744 32744
 54725 11732  3730  1991     3    20   231   138   230     9   180     3 32744 32744
 55228  8005  3230  1991     2    17   231  1313  1840   400 32744 32744 32744 32744
 55228  8005  3230  1991     2    24   231  1805  1807   700 32744 32744 32744 32744
 55228  8005  3230  1991     3     4   231  1702  1704   600 32744 32744 32744 32744
 55228  8005  3230  1991     3     5   231  1532  1538   500 32744 32744 32744 32744
 55228  8005  3230  1991     3     6   231  1449  1520   600 32744 32744 32744 32744
 55228  8005  3230  1991     3     8   231  1842  1849   400 32744 32744 32744 32744
 55228  8005  3230  1991     4    15   231  1525  1654   600 32744 32744 32744 32744
 55228  8005  3230  1991     4    17   231  1551  1713   300 32744 32744 32744 32744
 55228  8005  3230  1991     5     2   231  1708  1744   600 32744 32744 32744 32744
 55228  8005  3230  1991     5     9   231  1635  1637   650 32744 32744 32744 32744
 55228  8005  3230  1991     5    16   231  1735  1735   700 32744 32744 32744 32744
 55228  8005  3230  1991     5    22   231  1725  1728   700 32744 32744 32744 32744
 55228  8005  3230  1991     5    25   231  1710  1711   500 32744 32744 32744 32744
 55228  8005  3230  1991     5    26   231  1636  1752   600 32744 32744 32744 32744
 55228  8005  3230  1991     5    27   231  1611  1705   650 32744 32744 32744 32744
 55228  8005  3230  1991     5    29   231  1655  1717   700 32744 32744 32744 32744
 55228  8005  3230  1991     6    11   231  1655  1657   600 32744 32744 32744 32744
 55228  8005  3230  1991     7    19   231  1718  1718   700 32744 32744 32744 32744
 55228  8005  3230  1991     8    16   231  1654  1654   600 32744 32744 32744 32744
 55228  8005  3230  1991    10    14   231  1724  1724   700 32744 32744 32744 32744
 55228  8005  3230  1991    11    24   231  1354  1356     9 32744 32744 32744 32744
 55228  8005  3230  1991    11    29   231  1447  1608    90 32744 32744 32744 32744
 55228  8005  3230  1991    12    18   231  1521  1650   700 32744 32744 32744 32744
 55228  8005  3230  1991    12    20   231  1546  1655   600 32744 32744 32744 32744
 55248  8425  3209  1991     2     7   231  1411  1442   300 32744 32744 32744 32744
 55248  8425  3209  1991     2    14   231  1719  1725   350 32744 32744 32744 32744
 55248  8425  3209  1991     2    15   231  1435  1625   400 32744 32744 32744 32744
 55248  8425  3209  1991     2    16   231  1705  1908    70 32744 32744 32744 32744
 55248  8425  3209  1991     3    26   231  1508  1545   290 32744 32744 32744 32744
 55248  8425  3209  1991     4    15   231  1447  1737    99 32744 32744 32744 32744
 55248  8425  3209  1991     4    16   231  1629  1637   250 32744 32744 32744 32744
 55248  8425  3209  1991     4    17   231  1454  1751   200 32744 32744 32744 32744
 55472  8838  3057  1991     1     7   231  1628  1628   400 32744 32744 32744 32744
 55472  8838  3057  1991     1    26   231  1431  1635   400 32744 32744 32744 32744
 55472  8838  3057  1991     1    29   231  1613  1624   270 32744 32744 32744 32744
 55472  8838  3057  1991     2     7   231  1310  1708   100 32744 32744 32744 32744
 55472  8838  3057  1991     2    14   231  1132  1659     7 32744 32744 32744 32744
 55472  8838  3057  1991     2    15   231  1424  1846    90 32744 32744 32744 32744
 55472  8838  3057  1991     2    16   231  1629  1957     7 32744 32744 32744 32744
 55472  8838  3057  1991     2    17   231  2005  2045    70 32744 32744 32744 32744
 55472  8838  3057  1991     2    17   231  1155  1714    70 32744 32744 32744 32744
 55472  8838  3057  1991     2    20   231  1411  1427   200 32744 32744 32744 32744
 55472  8838  3057  1991     3    26   231  1453  1559    75 32744 32744 32744 32744
 55472  8838  3057  1991     4    15   231  1715  1742   200 32744 32744 32744 32744
 55472  8838  3057  1991     4    16   231  1610  1836    80 32744 32744 32744 32744
 55472  8838  3057  1991     4    19   231  1428  1428   300 32744 32744 32744 32744
 55472  8838  3057  1991     5     3   231  1703  1837   150 32744 32744 32744 32744
 55472  8838  3057  1991    12     5   231  1506  1547   300 32744 32744 32744 32744
 55569  8736  2905  1991     1    12   231  1635  1644   400 32744 32744 32744 32744
 55569  8736  2905  1991     1    14   231  1612  1634   400 32744 32744 32744 32744
 55569  8736  2905  1991     1    20   231  1454  1457   400 32744 32744 32744 32744
 55569  8736  2905  1991     1    21   231  1720  1725   400 32744 32744 32744 32744
 55569  8736  2905  1991     1    23   231  1435  1445   350 32744 32744 32744 32744
 55569  8736  2905  1991     2    13   231  1510  1636   400 32744 32744 32744 32744
 55569  8736  2905  1991     2    16   231  1721  1845   400 32744 32744 32744 32744
 55569  8736  2905  1991     2    18   231  1510  1525   400 32744 32744 32744 32744
 55569  8736  2905  1991     2    20   231  1702  1715   400 32744 32744 32744 32744
 55569  8736  2905  1991     3     6   231  1347  1354     9 32744 32744 32744 32744
 55569  8736  2905  1991     3     9   231  1701  1706   300 32744 32744 32744 32744
 55569  8736  2905  1991     3    19   231  1653  1657   400 32744 32744 32744 32744
 55569  8736  2905  1991    11    15   231  1705  1720   400 32744 32744 32744 32744
 55569  8736  2905  1991    11    28   231  1720  1728   400 32744 32744 32744 32744
 55598  9146  2915  1991     2    14   231  1503  1800   300   120    10 32744 32744
 55598  9146  2915  1991     3     9   231  1452  1530   350   107    13 32744 32744
 55598  9146  2915  1991     3    24   231  1638  1705   350   120    11 32744 32744
 55598  9146  2915  1991     4    12   231  1210  1240   250 32744 32744 32744 32744
 55598  9146  2915  1991     4    16   231  1338  1349     9 32744 32744 32744 32744
 55598  9146  2915  1991     6    14   231  1519  1532   400 32744 32744 32744 32744
 55664  8705  2838  1991     2    18   231   809   947     3 32744 32744 32744 32744
 55664  8705  2838  1991     2    18   231  1254  1704     3 32744 32744 32744 32744
 55664  8705  2838  1991     4    15   231  1526  1529   400 32744 32744 32744 32744
 55664  8705  2838  1991     4    16   231  1528  1532   400 32744 32744 32744 32744
 55664  8705  2838  1991    11    19   231  1621  1626   400 32744 32744 32744 32744
 55680  8936  2855  1991     2    13   231  1730  1746   300 32744 32744 32744 32744
 55696  9228  2825  1991     3     9   231  1547  1547   400   130    14 32744 32744
 56004  9226  3413  1991     1    26   231  1414  1417   250   190    14 32744 32744
 56004  9226  3413  1991     2     9   231  1336  1540     9   203    13 32744 32744
 56004  9226  3413  1991     2    15   231  1610  1703   150   273    13 32744 32744
 56004  9226  3413  1991     2    17   231  1240  1715     6   280    12 32744 32744
 56004  9226  3413  1991    11     7   231  1444  1444   350   110    12 32744 32744
 56004  9226  3413  1991    11    10   231  1424  1425   300   117    11 32744 32744
 56004  9226  3413  1991    11    26   231  1654  1716   300   140    14 32744 32744
 56004  9226  3413  1991    12    11   231  1529  1715   150   180    13 32744 32744
 56004  9226  3413  1991    12    13   231  1301  1411     5   180    14 32744 32744
 56018  9518  3254  1991     2    17   231  1331  1436   150   150    13 32744 32744
 56018  9518  3254  1991     2    20   231  1531  1545   300   153    13 32744 32744
 56018  9518  3254  1991     4    17   231  1230  1232   250   137    12 32744 32744
 56018  9518  3254  1991     4    24   231  1729  1730   350   120    13 32744 32744
 56018  9518  3254  1991     5     2   231  1447  1449   350   103    12 32744 32744
 56018  9518  3254  1991     5    23   231   915   918   100   130    14 32744 32744
 56018  9518  3254  1991    10     3   231  1504  1506   400    97    13 32744 32744
 56018  9518  3254  1991    12    13   231  1709  1711   400    90    13 32744 32744
 56018  9518  3254  1991    12    24   231  1647  1705   400   103    11 32744 32744
 56021  9547  3408  1991     2    15   231  1511  1514   200   153    12 32744 32744
 56021  9547  3408  1991     2    17   231  1136  1228   200   190    12 32744 32744
 56021  9547  3408  1991     2    17   231  1529  1638   200   190    12 32744 32744
 56029  9701  3301  1991     5    27   231  1533  1546   400   107    12 32744 32744
 56033  9813  3455  1991     2     8   231  1157  1159   300   123    13 32744 32744
 56033  9813  3455  1991     2     9   231  1416  1418   300   143    14 32744 32744
 56033  9813  3455  1991     4    15   231  1256  1301   300   153    11 32744 32744
 56041  9912  3416  1991     2     5   231  1431  1433   250   213    14 32744 32744
 56041  9912  3416  1991     2     8   231  1429  1456   300   213    14 32744 32744
 56041  9912  3416  1991     2    15   231  1248  1427     7   227    14 32744 32744
 56041  9912  3416  1991     4    17   231  1159  1201   300   200    12 32744 32744
 56046  9939  3345  1991     1    20   231  1149  1336   200   153    14 32744 32744
 56046  9939  3345  1991     2     5   231  1403  1553    80   170    14 32744 32744
 56046  9939  3345  1991     2     9   231  1230  1237   250   140    14 32744 32744
 56046  9939  3345  1991     3    11   231  1211  1213   250   140    16 32744 32744
 56046  9939  3345  1991     4    15   231  1640  1645   450   160    12 32744 32744
 56065 10136  3444  1991     1    26   231  1309  1312   300   140    15 32744 32744
 56065 10136  3444  1991     1    27   231  1405  1501   350   200    14 32744 32744
 56065 10136  3444  1991     2     5   231  1640  1732   300   140    16 32744 32744
 56065 10136  3444  1991     2    15   231  1421  1507   200   153    12 32744 32744
 56065 10136  3444  1991     2    16   231  1503  1505   180   130    14 32744 32744
 56065 10136  3444  1991     2    26   231  1440  1441   300   110    12 32744 32744
 56065 10136  3444  1991     3     6   231  1611  1612   250   170    16 32744 32744
 56065 10136  3444  1991     3     9   231  1633  1655   350   190    14 32744 32744
 56065 10136  3444  1991     3    14   231  1724  1757   300   210    16 32744 32744
 56065 10136  3444  1991     3    30   231  1121  1213   250   150    15 32744 32744
 56065 10136  3444  1991     4     7   231  1912  1913   400    83    15 32744 32744
 56065 10136  3444  1991     4    10   231  1732  1735   400   170    14 32744 32744
 56065 10136  3444  1991     4    11   231  1326  1330    80   157    16 32744 32744
 56065 10136  3444  1991     4    28   231  1750  1902   110   160    14 32744 32744
 56074 10205  3400  1991     2     5   231  1754  1815   100   177    14 32744 32744
 56074 10205  3400  1991     2     8   231  1632  1640   450   163    13 32744 32744
 56074 10205  3400  1991     3     9   231  1711  1724   500   160    11 32744 32744
 56074 10205  3400  1991     3    14   231  1848  1902   100   130    16 32744 32744
 56074 10205  3400  1991     4    29   231  2008  2130    80   163    16 32744 32744
