 50548 12343  4912  2000     6    23   231  1824  1827   280   140    13 32744 32744
 50834 12113  4636  2000     4     9   231  1620  1855   120   130    14 32744 32744
 50915 11658  4531  2000     3    22   231  1150  1330    80   160    11 32744 32744
 50915 11658  4531  2000     4     6   231   925  1106    20   147    16 32744 32744
 50915 11658  4531  2000     4     8   231  1608  1712   200   140    11 32744 32744
 51068  8728  4707  2000     5     6   231  2035  2143   250   160    14 32744 32744
 51068  8728  4707  2000     5    27   231  1538  1543   300   123    14 32744 32744
 51087  8931  4659  2000     5    27   231  1734  1742   200   187    14 32744 32744
 51241  8336  4556  2000     4    30   231  1630  1646   400 32744 32744 32744 32744
 51241  8336  4556  2000     5    22   231  2155  2203   200 32744 32744 32744 32744
 51243  8451  4537  2000     5     6   231  2124  2140   150   251    13   383    13
 51288  9032  4522  2000     6     2   231  1910  1920   300 32744 32744 32744 32744
 51330  8101  4458  2000    11    29   231  1718  1810   300   160    14 32744 32744
 51334  8254  4437  2000     5     5   231  1836  2032     4   143    16 32744 32744
 51334  8254  4437  2000     5    22   231  2212  2234   200   150    16 32744 32744
 51346  8440  4426  2000     4    27   231  2035  2045   150    95    12   156    12
 51346  8440  4426  2000     5     6   231  2040    25   150   108    12   181    12
 51356  8603  4419  2000     5     6   231  2218  2306   150   100    16 32744 32744
 51379  8934  4401  2000     5     6   231   130   326     2   206    14   310    14
 51526  8813  4214  2000     4    27   231  1604     0   300   100    16 32744 32744
 51573  8912  4256  2000     5    27   231  1643  1659   200    63    14 32744 32744
 51628  8014  4110  2000     4    12   231   203   307    70   107    15   179    15
 51628  8014  4110  2000     4    21   231  1902  1922   100    96    13   163    13
 51642  8415  4147  2000     5    12   231  1742  1757   200 32744 32744 32744 32744
 51644  8304  4143  2000     4    12   231    11   127    50   119    15   215    16
 51644  8304  4143  2000     5    22   231  1909  1918   200    83    15   148    14
 51656  8608  4145  2000     5    29   231  2145  2340    60    71    11   130    10
 51656  8608  4145  2000     6     2   231  1710  1836   200   133    14   233    15
 51709  7559  3928  2000     2    21   231   652   711   100   132    14   229    15
 51709  7559  3928  2000     5    29   231  1945  1957     9   118    16   194    15
 51709  7559  3928  2000     7    13   231  2321  2330   200    94    16   181    15
 51709  7559  3928  2000    11    30   231  1217  1620    90   118    13   200    15
 51711  7827  4056  2000     9     8   231  1535  1542   400   120    12 32744 32744
 51711  7827  4056  2000    11    30   231  1202  1632   250 32744 32744 32744 32744
 51716  7834  3948  2000     5     7   231  2105  2325    70 32744 32744 32744 32744
 51720  7903  4030  2000     2    21   231    13    31     7 32744 32744 32744 32744
 51720  7903  4030  2000     2    21   231  1801  2000     7 32744 32744 32744 32744
 51720  7903  4030  2000     2    22   231  2000  2108    80 32744 32744 32744 32744
 51720  7903  4030  2000     3    13   231  2005  2011   250 32744 32744 32744 32744
 51720  7903  4030  2000     3    19   231  1523  2045     6 32744 32744 32744 32744
 51720  7903  4030  2000     4     4   231  1331  1335    60 32744 32744 32744 32744
 51720  7903  4030  2000     5     7   231  2110  2115    60 32744 32744 32744 32744
 51720  7903  4030  2000     5    10   231  1737  1740    60 32744 32744 32744 32744
 51720  7903  4030  2000     5    29   231  1250  1259   150 32744 32744 32744 32744
 51720  7903  4030  2000     5    30   231  1513  1530   200 32744 32744 32744 32744
 51720  7903  4030  2000     9     8   231  1738  1754    50 32744 32744 32744 32744
 51720  7903  4030  2000    10    17   231  1904  1912    60 32744 32744 32744 32744
 51730  8103  4030  2000     4    24   231  1925  1957     8 32744 32744 32744 32744
 51730  8103  4030  2000     5     7   231  2025  2220    40 32744 32744 32744 32744
 51730  8103  4030  2000     5    13   231  2151  2234   150 32744 32744 32744 32744
 51730  8103  4030  2000     5    23   231  2212  2336    80 32744 32744 32744 32744
 51730  8103  4030  2000     9     1   231  2138  2150   120 32744 32744 32744 32744
 51747  8340  3900  2000     4    18   231   952  1412     8   140     4 32744 32744
 51747  8340  3900  2000     5     7   231    30   321     8   110     1 32744 32744
 51747  8340  3900  2000     5     7   231   824  1455     8   110     1 32744 32744
 51747  8340  3900  2000     6     2   231  1444  1641    20   120     2 32744 32744
 51747  8340  3900  2000     6     4   231  2128  2226    30   140    16 32744 32744
 51747  8340  3900  2000     6    11   231  1932  1939    30    90    11 32744 32744
 51747  8340  3900  2000     6    12   231  2226    48    25   123    15 32744 32744
 51747  8340  3900  2000     6    29   231  1730  1914    30   140     1 32744 32744
 51747  8340  3900  2000     7    15   231  1705  1820    30   130     1 32744 32744
 51747  8340  3900  2000     7    17   231  1551  1956     8   133    16 32744 32744
 51747  8340  3900  2000     7    30   231  1905  2110     7   140     3 32744 32744
 51747  8340  3900  2000     7    31   231  1835  1905    70   127     3 32744 32744
 51747  8340  3900  2000     8     1   231  1533  1558   120   143    16 32744 32744
 51747  8340  3900  2000     8     3   231  1905  1920    40   130    15 32744 32744
 51747  8340  3900  2000     8    18   231  1925  2028     4   133    16 32744 32744
 51765  8742  4038  2000     2    21   231  1307  1610     6 32744 32744 32744 32744
 51765  8742  4038  2000     5     6   231  1919  2321     6 32744 32744 32744 32744
 51765  8742  4038  2000     6     2   231  1834  2223     2 32744 32744 32744 32744
 51777  8810  3902  2000     6     4   231  1237  1620     4   116    12   177    11
 51777  8810  3902  2000     8    19   231   207   925     5   135    12   244    12
 51804  7514  3747  2000     2    21   231  1203  1205   400 32744 32744 32744 32744
 51804  7514  3747  2000     3    20   231  1355  1358   400 32744 32744 32744 32744
 51804  7514  3747  2000    11    17   231  1814  1816   550 32744 32744 32744 32744
 51804  7514  3747  2000    11    30   231  1259  1316   550 32744 32744 32744 32744
 51811  7716  3826  2000     4    26   231  2325  2328   120 32744 32744 32744 32744
 51811  7716  3826  2000     5    19   231  1920  2005     7 32744 32744 32744 32744
 51811  7716  3826  2000     9     9   231  2129  2153    50 32744 32744 32744 32744
 51818  7817  3737  2000     4     5   231  2350    15    50    70    14   117    12
 51818  7817  3737  2000     4    24   231    47   112    60    66     1   117    15
 51818  7817  3737  2000     5    24   231  2104  2140    90    68    10   131    12
 51818  7817  3737  2000     5    30   231  2107  2145    70    77    16   165    13
 51818  7817  3737  2000     6     4   231  2325     1   100    79    11 32744 32744
 51818  7817  3737  2000     6    29   231   258   440    90    80    13 32744 32744
 51818  7817  3737  2000     8    10   231  2207    28    40    74    14   148    15
 51818  7817  3737  2000     8    18   231   331   345    80    80    16   131    15
 51828  7956  3708  2000     6    21   231   340   416    20    60    13   125    14
 51828  7956  3708  2000     6    29   231   644   720    15    61    13   113    13
 51828  7956  3708  2000     8     4   231  2331  2336    90    72    16   146    16
 51828  7956  3708  2000     8    10   231   107   513     6    86    13   160    13
 51828  7956  3708  2000     9     9   231   338   451    20    71    15   140    15
 51828  7956  3708  2000     9    26   231  1005  1430     9    74    13   131    13
 51839  8243  3704  2000     2    21   231  1021  1435     8    97    12 32744 32744
 51839  8243  3704  2000     4    14   231  2010  2035    15    70     3 32744 32744
 51839  8243  3704  2000     5     5   231  2338   520     3   100    11 32744 32744
 51839  8243  3704  2000     5     7   231  1033  1110    70    80    12 32744 32744
 51839  8243  3704  2000     5    31   231  1806  1925     8    70    10 32744 32744
 51839  8243  3704  2000     6     1   231  2027  2133     3    90    12 32744 32744
 51839  8243  3704  2000     6     4   231  2027  2318     0   130    11 32744 32744
 51839  8243  3704  2000     6     8   231  1930  1941    15    73     8 32744 32744
 51839  8243  3704  2000     6    16   231  1812  1915    12    70     3 32744 32744
 51839  8243  3704  2000     6    21   231   822  2000     1   137    12 32744 32744
 51839  8243  3704  2000     6    22   231  2000    35     2   140    12 32744 32744
 51839  8243  3704  2000     6    22   231  1938  2028     2   140    12 32744 32744
 51839  8243  3704  2000     6    29   231  1033  1240    20    73    12 32744 32744
 51839  8243  3704  2000     6    30   231  2020  2140     2    90    11 32744 32744
 51839  8243  3704  2000     7    13   231  1041  1210    25    91    11   152    12
 51839  8243  3704  2000     7    15   231   943  1324    11    95    11   154    13
 51839  8243  3704  2000     7    20   231  2220  2305    40    79    11   121    13
 51839  8243  3704  2000     8    10   231   612  1234     3    88    12   150    11
 51839  8243  3704  2000     8    18   231  1132  2123     2   106    11   177    11
 51839  8243  3704  2000     9     9   231   840  1341    10    91    12   154    10
 51839  8243  3704  2000     9    10   231  2117    34     4   106    12   177    12
 51839  8243  3704  2000     9    23   231  1033  1417     5    80    12   125    12
 51839  8243  3704  2000     9    27   231  2243     5    20    67    11   115    12
 51855  8533  3809  2000     4    18   231  1135  1530     4 32744 32744 32744 32744
 51855  8533  3809  2000     5     7   231   305   542     4 32744 32744 32744 32744
 51855  8533  3809  2000     6     2   231  1808  1930     7 32744 32744 32744 32744
 51855  8533  3809  2000     8     2   231  2140  2247    60 32744 32744 32744 32744
 51855  8533  3809  2000     8    11   231   409   640     8 32744 32744 32744 32744
 51855  8533  3809  2000     8    19   231  2035   523     3 32744 32744 32744 32744
 51886  9051  3815  2000     1     1   231  2018  2058   180   197    14 32744 32744
 51886  9051  3815  2000     1     4   231  1338  1748    70   180    14 32744 32744
 51886  9051  3815  2000     2    23   231  1704  1939    40   170    16 32744 32744
 51886  9051  3815  2000     3    21   231  1716  1931    60   180    16 32744 32744
 51886  9051  3815  2000     4     8   231  1358  1449     6   130    14 32744 32744
 51886  9051  3815  2000     4    10   231  1413  1416   250   130    15 32744 32744
 51886  9051  3815  2000     4    12   231  1105  2016     4   237    14 32744 32744
 51886  9051  3815  2000     4    18   231  1530  1815   140   203    14 32744 32744
 51886  9051  3815  2000     5     1   231  1725  1727   150    90     1 32744 32744
 51886  9051  3815  2000     5     7   231  1408  1800   130   210    14 32744 32744
 51886  9051  3815  2000     5     8   231  1152  1154   150   130    14 32744 32744
 51886  9051  3815  2000     5    10   231  1202  1259   200   180    16 32744 32744
 51886  9051  3815  2000     5    11   231  1733  1735   230   110    12 32744 32744
 51886  9051  3815  2000     6     2   231  1656  1658   250   130    12 32744 32744
 51886  9051  3815  2000     6    26   231  1306  1311   360   190    14 32744 32744
 51886  9051  3815  2000     9    18   231  1320  1322   350   140    15 32744 32744
 51886  9051  3815  2000    10    18   231  1428  1644   250   190    14 32744 32744
 51886  9051  3815  2000    10    27   231  1430  1736   180   180    14 32744 32744
 51886  9051  3815  2000    11     2   231  1605  1746   300   200    14 32744 32744
 51886  9051  3815  2000    11     5   231  1514  1515   370   193    14 32744 32744
 51886  9051  3815  2000    11    15   231  1421  1703   250   200    14 32744 32744
 51931  8139  3651  2000     4     9   231  1905  1932    18    76     9   117     1
 51931  8139  3651  2000     4    29   231  2021  2052   150    61    12   127    11
 51931  8139  3651  2000     5     4   231  1936  2030     7    75    14   131    14
 51931  8139  3651  2000     6     3   231  1909  2033     7    88    14   158    15
 51931  8139  3651  2000     6    21   231  1506  1932    12    85    14   167    14
 51931  8139  3651  2000     6    22   231  2006  2017   180    62    13   104    12
 52267 10104  4157  2000     4     2   231  1524  1542   150   130    14 32744 32744
 52267 10104  4157  2000     4    19   231  2126  2220     4   140    14 32744 32744
 52267 10104  4157  2000     5     7   231  1625  1738    90   117    16 32744 32744
 52267 10104  4157  2000     5    10   231  1609  2012     1   143    12 32744 32744
 52267 10104  4157  2000    12    31   231  1435  1758     4   140    13 32744 32744
 52323  9702  4148  2000     5     6   231  1014  1228    80   167    16 32744 32744
 52378 10222  4122  2000     3    26   231  1802  1835   120   160    14 32744 32744
 52378 10222  4122  2000     4     2   231  1309  1745     8   170    13 32744 32744
 52378 10222  4122  2000     4     6   231   652   705    60   137     4 32744 32744
 52378 10222  4122  2000     4    19   231  2148  2353     2   200    14 32744 32744
 52378 10222  4122  2000     4    19   231   824  1558     2   200    14 32744 32744
 52378 10222  4122  2000     4    24   231  1025  1740     4   160    15 32744 32744
 52378 10222  4122  2000     4    28   231   907  1857     6   177    15 32744 32744
 52378 10222  4122  2000     5    10   231  1735  1858    80   183    15 32744 32744
 52378 10222  4122  2000     5    13   231  1703  1832    80   163    13 32744 32744
 52378 10222  4122  2000     5    16   231  1304  1601     8   143    15 32744 32744
 52378 10222  4122  2000     5    26   231  1838  1907    50   160     5 32744 32744
 52378 10222  4122  2000     5    29   231  1302  1315   200   190    14 32744 32744
 52378 10222  4122  2000     6     5   231  1906  2207     8   157    14 32744 32744
 52378 10222  4122  2000     6    15   231  1404  1408   300   130    14 32744 32744
 52378 10222  4122  2000     6    15   231  1747  1753   300   130    14 32744 32744
 52378 10222  4122  2000     7     6   231  1346  1357     9   157    13 32744 32744
 52378 10222  4122  2000     7    24   231  1621  1659   200   190     5 32744 32744
 52378 10222  4122  2000    11     3   231  1405  1635    30   160    14 32744 32744
 52378 10222  4122  2000    12    23   231  1220  1312    80   177    14 32744 32744
 52418  9441  4009  2000     6     5   231  2041  2340     1   170    11 32744 32744
 52418  9441  4009  2000     7    19   231  2030  2112   200    77    14 32744 32744
 52418  9441  4009  2000    10    17   231   815   908    20   120    12 32744 32744
 52424  9546  4032  2000     1    25   231  1151  1730     8   137     6 32744 32744
 52424  9546  4032  2000     1    26   231  1219  1705     7   127     4 32744 32744
 52424  9546  4032  2000     6     4   231  1038  1417     8   123     5 32744 32744
 52424  9546  4032  2000     7    19   231  2210  2250   150    53    10 32744 32744
 52436  9702  4016  2000     3    21   231  1930  2024     9   133    13 32744 32744
 52436  9702  4016  2000     3    26   231  1545  1719   120   150    14 32744 32744
 52436  9702  4016  2000    10    17   231   911   948    50   120    14 32744 32744
 52446  9931  4018  2000     4    16   231  1711  1742   400   100    12 32744 32744
 52446  9931  4018  2000     4    18   231  1914  1922    80   137    15 32744 32744
 52446  9931  4018  2000     4    19   231   934  1237   150   187    14 32744 32744
 52446  9931  4018  2000     5    13   231  1108  1137   180   197    16 32744 32744
 52446  9931  4018  2000     5    24   231  1803  1912    40   177     1 32744 32744
 52446  9931  4018  2000     6    12   231  1712  2027     6   160    14 32744 32744
 52446  9931  4018  2000     7     5   231  1815  1924    20   100    12 32744 32744
 52446  9931  4018  2000    12     3   231  1642  1738    70   120    13 32744 32744
 52446  9931  4018  2000    12    31   231  1220  1521     6   160    13 32744 32744
 52447  9854  4000  2000     2    24   231  1219  1511     7   130    15 32744 32744
 52447  9854  4000  2000     3    22   231  2153  2246    80   127    14 32744 32744
 52447  9854  4000  2000     3    26   231  1705  1820    80   150    14 32744 32744
 52447  9854  4000  2000     4    18   231  1901  2026     6   160    14 32744 32744
 52447  9854  4000  2000     4    19   231  1104  1507     3   160    14 32744 32744
 52447  9854  4000  2000     6    12   231  1542  2132     9   137    14 32744 32744
 52447  9854  4000  2000    11     2   231  1615  1800   200   130    15 32744 32744
 52447  9854  4000  2000    12    31   231   946  1148    70   143    14 32744 32744
 52495 10448  4010  2000     2     6   231  1047  1415     5   177    14 32744 32744
 52495 10448  4010  2000     3    26   231  1433  1640     3   190    15 32744 32744
 52495 10448  4010  2000     4    19   231   237   313     4   193    14 32744 32744
 52495 10448  4010  2000     4    19   231  1306  1952     4   193    14 32744 32744
 52495 10448  4010  2000     4    20   231  1424  1456    70   167    14 32744 32744
 52495 10448  4010  2000     4    24   231   214   238    40   210    14 32744 32744
 52495 10448  4010  2000     5    11   231  2134  2243     1   250    13 32744 32744
 52495 10448  4010  2000     5    21   231  1810  1837    80   130     2 32744 32744
 52495 10448  4010  2000     5    25   231   706  1120     6 32744 32744 32744 32744
 52533  9829  3946  2000     3    26   231  1710  1801    60   137    14 32744 32744
 52533  9829  3946  2000     4     8   231  1809  1838   120   130    14   200    14
 52533  9829  3946  2000     4    18   231  1908  2020     7   138    15   213    15
 52533  9829  3946  2000     4    19   231  1226  1520     3   149    13   235    14
 52533  9829  3946  2000     4    23   231  1112  1114   150   138    13   219    13
 52533  9829  3946  2000    10    17   231  1134  1210    18    79    15   156    14
 52546  9950  3922  2000     3    21   231  1012  1025    90    80    14 32744 32744
 52546  9950  3922  2000     4    19   231  2020  2132     4   120    15 32744 32744
 52546  9950  3922  2000     4    19   231  1551  1620     4   120    15 32744 32744
 52546  9950  3922  2000     5    24   231  1927  2038     7    80    16 32744 32744
 52546  9950  3922  2000     6    12   231  1730  1800     3    60    14 32744 32744
 52576 10141  3913  2000     4    19   231  1146  1931     4   160    14 32744 32744
 52576 10141  3913  2000     5    10   231  1905  2024     4   123    14 32744 32744
 52576 10141  3913  2000     6     5   231  1808  1830    60   137    14 32744 32744
 52576 10141  3913  2000     8     1   231  2012  2047   300   130    14 32744 32744
 52576 10141  3913  2000    10    17   231  1539  1707   150   150     6 32744 32744
 52602  9320  3845  2000     2    12   231  1445  1556   170   157    14 32744 32744
 52602  9320  3845  2000     2    23   231  1852  2000     5   160    15 32744 32744
 52602  9320  3845  2000     2    24   231  2000  2238   120   160    14 32744 32744
 52602  9320  3845  2000     3    21   231  1636  2045     5   180    15 32744 32744
 52602  9320  3845  2000     4     8   231  1807  1817   180   150    15 32744 32744
 52602  9320  3845  2000     4    12   231  1338  1940     7   220    15 32744 32744
 52602  9320  3845  2000     4    18   231  1822  1838   150   160    15 32744 32744
 52602  9320  3845  2000     5    10   231  1442  1446   150   157    15 32744 32744
 52602  9320  3845  2000     6    26   231  1532  1625     8   190    15 32744 32744
 52602  9320  3845  2000     6    26   231  1954  2005     8   190    15 32744 32744
 52602  9320  3845  2000     9    17   231  1702  1714   500   210    15 32744 32744
 52602  9320  3845  2000    12    18   231  1703  1741   120   180    14 32744 32744
 52633  9825  3848  2000     4    28   231  1442  1550    80   220    15 32744 32744
 52633  9825  3848  2000     5    10   231  1650  1712   250   223    13 32744 32744
 52633  9825  3848  2000     5    13   231  1515  1540   300   190    15 32744 32744
 52652 10026  3856  2000     3    19   231  1841  1922    60   116    14   173    14
 52652 10026  3856  2000     4    12   231  1424  1503     4   113    15   206    15
 52652 10026  3856  2000     4    19   231  2115  2158     4   130    15   219    15
 52652 10026  3856  2000     4    19   231  1445  1735    30   130    15   219    15
 52652 10026  3856  2000     5    10   231  1811  1827   120   120    14   219    14
 52652 10026  3856  2000     5    29   231  1631  1636   200    87    15   194    15
 52652 10026  3856  2000    10    17   231  1230  1329    15   122    15   219    15
 52657 10015  3811  2000     4    18   231  1625  1627   250   173    13 32744 32744
 52661 10105  3848  2000     4    12   231  1552  1633     4    93     2 32744 32744
 52674 10158  3814  2000     3    20   231  2014  2143    80   120    14 32744 32744
 52674 10158  3814  2000     3    27   231  2008  2133    80   173    14 32744 32744
 52674 10158  3814  2000     4    12   231  1643  1915     1   133    14 32744 32744
 52679 10240  3755  2000     3    21   231  1417  1508    30    66    15   131    14
 52679 10240  3755  2000     3    27   231  2058  2204    80   108    14   167    15
 52679 10240  3755  2000     4    12   231  1750  2030     1   101    15   192    16
 52681 10305  3838  2000     3    21   231  1455  1502    90   110    15 32744 32744
 52681 10305  3838  2000     3    26   231  1240  1835     3   147    14 32744 32744
 52681 10305  3838  2000     4     9   231   806   832    70   130    14 32744 32744
 52681 10305  3838  2000     4    12   231  1808  2031     2   183    14 32744 32744
 52681 10305  3838  2000     4    19   231  1437  1921     2   167    14 32744 32744
 52681 10305  3838  2000     4    24   231   108   121    19   130    14 32744 32744
 52681 10305  3838  2000     5    16   231  1430  1435   300   100    13 32744 32744
 52681 10305  3838  2000     6     5   231  1940  2000     2    93    13 32744 32744
 52681 10305  3838  2000     6     6   231  2000    31     2   140    14 32744 32744
 52681 10305  3838  2000     7     6   231  1733  2032     9   133    13 32744 32744
 52681 10305  3838  2000     8     1   231  2117  2315   170   127    13 32744 32744
 52681 10305  3838  2000    10    17   231  1818  1928     4   107    14 32744 32744
 52681 10305  3838  2000    11    18   231  1304  1612     4   130    14 32744 32744
 52681 10305  3838  2000    12    21   231  1524  1557   250   110    13 32744 32744
 52681 10305  3838  2000    12    23   231  1336  1410     4   147    13 32744 32744
 52681 10305  3838  2000    12    31   231  1203  1727     1   150    14 32744 32744
 52707  9341  3648  2000     4    12   231  1942  2000     4   127    16 32744 32744
 52707  9341  3648  2000     4    13   231  2000  2121    80   140    16 32744 32744
 52707  9341  3648  2000     4    16   231  1635  1649    60   137    14 32744 32744
 52707  9341  3648  2000     5    10   231  1514  1807    50   200    16 32744 32744
 52707  9341  3648  2000     5    24   231  1436  1454   130   160    14 32744 32744
 52707  9341  3648  2000     5    24   231  1825  1857   130   160    14 32744 32744
 52707  9341  3648  2000     5    29   231  2023  2052   150   120    14 32744 32744
 52707  9341  3648  2000    10    17   231   911  1039    70   157    14 32744 32744
 52737  9722  3722  2000     4     8   231  1427  1431   200    87    12 32744 32744
 52737  9722  3722  2000     4    12   231  1621  1749   450   113    12 32744 32744
 52754 10008  3720  2000     1     5   231  1236  1613     8   183    13 32744 32744
 52754 10008  3720  2000     3    22   231  1225  1506   120   140    14 32744 32744
 52754 10008  3720  2000     4    13   231  2002  2015   150   140    14 32744 32744
 52754 10008  3720  2000     4    19   231  1523     0   120   157    12 32744 32744
 52754 10008  3720  2000     4    23   231  1415  1426   120   150    13 32744 32744
 52754 10008  3720  2000     5    10   231  1733  1735   200   150    13 32744 32744
 52754 10008  3720  2000     5    12   231  1758  1759   200   120    15 32744 32744
 52765 10137  3723  2000     4    13   231   810   821   200   123    13 32744 32744
 52787 10252  3712  2000     4    12   231  1902  2000     0   220     1    28 32744
 52787 10252  3712  2000     4    13   231  2000  2124    20   180     1 32744 32744
 52797 10403  3711  2000     3    21   231  1832  1940    15    87    13 32744 32744
 52797 10403  3711  2000     4    13   231  2009  2045     3   100    15 32744 32744
 52797 10403  3711  2000     4    28   231  1553  1635   200   113    16 32744 32744
 52797 10403  3711  2000     5    13   231  1952  2020     8   100    16 32744 32744
 52818  9454  3625  2000     9    27   231  1930  1952     6   113    12 32744 32744
 52825  9625  3626  2000     3    22   231     5    20    40   120    12 32744 32744
 52825  9625  3626  2000     4    12   231  1630  1752   200   147    14 32744 32744
 52825  9625  3626  2000     4    13   231  2308  2338   160   150    14 32744 32744
 52825  9625  3626  2000     5    15   231     8    50   130   100    12 32744 32744
 52825  9625  3626  2000     7    17   231  1909  2004     2   103     8 32744 32744
 52836  9806  3618  2000     4    12   231  1820  1926    90   107    13 32744 32744
 52836  9806  3618  2000     4    13   231  2350    55    80   120    12 32744 32744
 52842  9905  3647  2000     4    12   231  1920  2004     8   197    13 32744 32744
 52842  9905  3647  2000     4    13   231   526   617   110   190    13 32744 32744
 52895 10441  3634  2000     4    13   231  2124  2216    80   110    15 32744 32744
 52895 10441  3634  2000     4    28   231  1718  1755   150   147     2 32744 32744
 52908  9305  3513  2000     1     4   231  1512  1724   110   210    13 32744 32744
 52908  9305  3513  2000     1    18   231  1631  1635   300   180    14 32744 32744
 52908  9305  3513  2000     4    12   231  1628  1714   200   200    13 32744 32744
 52908  9305  3513  2000     4    13   231  1510  1512   200   160    14 32744 32744
 52908  9305  3513  2000     4    19   231  1444  1446   250   170    13 32744 32744
 52908  9305  3513  2000    11    18   231  1204  1211   200   243    13 32744 32744
 52908  9305  3513  2000    12    18   231  1338  1553     8   210    13 32744 32744
 52943  9959  3535  2000     1     4   231  1427  1512   450   113    13 32744 32744
 52943  9959  3535  2000     3     4   231  1623  1627   150   130    13 32744 32744
 52943  9959  3535  2000     3    19   231  1442  1449   450   147    12 32744 32744
 52943  9959  3535  2000     4    13   231  1204  1529   180   167    14 32744 32744
 52943  9959  3535  2000    10    28   231  1109  1114   400   173    13 32744 32744
 52943  9959  3535  2000    12    23   231  1407  1408    80   163    13 32744 32744
 52955 10045  3535  2000     3    19   231  1630  1713   500    97    10 32744 32744
 52955 10045  3535  2000     4    13   231  2140  2230    80    90    14 32744 32744
 52996 10500  3523  2000     4    28   231  1850  2040     3   247     2 32744 32744
 53068 11158  4339  2000     3    22   231  1113  1810     7   180    13 32744 32744
 53068 11158  4339  2000     4     6   231  1106  1248    70   160    15 32744 32744
 53068 11158  4339  2000     4    24   231  1537  1921   150   180    14 32744 32744
 53068 11158  4339  2000     4    28   231  1843  1921   200   150    13 32744 32744
 53149 11008  4232  2000     1     1   231  1530  1543   200   180    13 32744 32744
 53149 11008  4232  2000     3     2   231  1227  1425     7   180    12 32744 32744
 53149 11008  4232  2000     3    17   231  1715  1834    80   187    12 32744 32744
 53149 11008  4232  2000     3    22   231  1253  1732     7   177    13 32744 32744
 53149 11008  4232  2000     4     3   231  1832  1956     6   167    14 32744 32744
 53149 11008  4232  2000     4    19   231   807   830    15   190    13 32744 32744
 53149 11008  4232  2000     4    19   231  1625  1943    15   190    13 32744 32744
 53149 11008  4232  2000     4    20   231  2032  2138   300   210    12 32744 32744
 53149 11008  4232  2000     4    20   231  1607  1610   300   210    12 32744 32744
 53149 11008  4232  2000     4    24   231   742  1659     6   170    12 32744 32744
 53149 11008  4232  2000     4    25   231  2353  2355   110   210    11 32744 32744
 53149 11008  4232  2000     4    28   231  1538  1622   130   180    13 32744 32744
 53149 11008  4232  2000     5    11   231   432   455   200   207    11 32744 32744
 53149 11008  4232  2000     5    25   231   912  1057    15   173     3 32744 32744
 53149 11008  4232  2000     5    25   231  1515  1605    15   173     3 32744 32744
 53149 11008  4232  2000    11     3   231  1443  2032     8   190    13 32744 32744
 53149 11008  4232  2000    12    29   231  1240  1620     6   220    13 32744 32744
 53149 11008  4232  2000    12    31   231  1506  1837    40   210    13 32744 32744
 53192 11457  4401  2000     3    22   231  1230  1526     8   173    11 32744 32744
 53192 11457  4401  2000     4    24   231  1921  1954     7   150    13 32744 32744
 53192 11457  4401  2000     5    16   231  1715  1717   300   100    10 32744 32744
 53192 11457  4401  2000     7     3   231  1736  1740   300   160    14 32744 32744
 53195 11338  4352  2000     3    22   231  1230  1540     2   240    12 32744 32744
 53195 11338  4352  2000     4     6   231   550  1157     8   237    14 32744 32744
 53195 11338  4352  2000     4     8   231  1230  1726     3   200    12 32744 32744
 53195 11338  4352  2000     4    24   231  1741  2025     8   203    12 32744 32744
 53195 11338  4352  2000     4    28   231  1938  2000     8   150    14 32744 32744
 53195 11338  4352  2000     4    29   231  2000  2305    12   180    14 32744 32744
 53195 11338  4352  2000     5    24   231  1833  1839   180   140     9 32744 32744
 53195 11338  4352  2000     5    25   231  1439  1554   150   167     3 32744 32744
 53195 11338  4352  2000     6     6   231  1338  1357     8   193    13 32744 32744
 53195 11338  4352  2000     7    12   231  1750  1759   300   180    13 32744 32744
 53195 11338  4352  2000     7    27   231  1434  1446   200   180    14 32744 32744
 53195 11338  4352  2000    11     6   231  1451  1520   200   187    12 32744 32744
 53231 10624  4124  2000     3    22   231  1010  1210    70   153    13 32744 32744
 53231 10624  4124  2000     4     8   231  1538  1552   150   140    13 32744 32744
 53231 10624  4124  2000     4    19   231  1413  1850    50   197    12 32744 32744
 53231 10624  4124  2000     4    28   231  1250  1630     8   160    12 32744 32744
 53231 10624  4124  2000     5    16   231  1750  2000     8   160    13 32744 32744
 53231 10624  4124  2000     5    21   231  1550  1730   200   180 32744 32744 32744
 53231 10624  4124  2000     5    25   231   630   905     8   230     3 32744 32744
 53231 10624  4124  2000    12    31   231  1938  2000     6   157    13 32744 32744
 53276 11254  4224  2000     3    22   231  1117  2014     4   157    14   221    14
 53276 11254  4224  2000     4     6   231   138   157     6   180    14   221    12
 53276 11254  4224  2000     4     6   231   520  1458     6   180    14   221    12
 53276 11254  4224  2000     4     8   231  1248  1725     3   146    15   213    12
 53276 11254  4224  2000     4     9   231  1412  1735     4   142    15   204    15
 53276 11254  4224  2000     4    20   231   910  1335     3   162    13   227    12
 53276 11254  4224  2000     4    24   231  1510  2021     3   137    15   206    14
 53276 11254  4224  2000     4    28   231  1823  2000     2   148    14   213    14
 53276 11254  4224  2000     4    29   231  2120  2230    60   149    13   227    14
 53276 11254  4224  2000     5     4   231  1106  1115   120   163     1   210     1
 53276 11254  4224  2000     5    25   231  1502  1736    20   174     2   233     2
 53336 10831  4134  2000     3    17   231  1750  1815   120   150    16 32744 32744
 53336 10831  4134  2000     4     3   231  1939  2010     7   137     1 32744 32744
 53336 10831  4134  2000     4    19   231   639   855     3   180    15 32744 32744
 53336 10831  4134  2000     4    19   231  1820  1936     3   180    15 32744 32744
 53336 10831  4134  2000     4    24   231  1015  1024    70   140    16 32744 32744
 53336 10831  4134  2000     4    24   231  1508  1620    70   140    16 32744 32744
 53336 10831  4134  2000     4    25   231   540  1002     3   197    15 32744 32744
 53336 10831  4134  2000     4    28   231  1515  1555   120   137    14 32744 32744
 53336 10831  4134  2000     5    17   231  1030  1820    15   150    15 32744 32744
 53352 11026  4142  2000     3     2   231  1558  1835   250   113    13 32744 32744
 53352 11026  4142  2000     3    17   231  1835  2037     3   117    14 32744 32744
 53352 11026  4142  2000     4     8   231  1252  1733     7   147    12 32744 32744
 53352 11026  4142  2000     4    19   231   853  1115   200   133    14 32744 32744
 53352 11026  4142  2000     4    20   231   205   225    60   147    13 32744 32744
 53352 11026  4142  2000     4    24   231  1256  1905    20   137    12 32744 32744
 53352 11026  4142  2000     4    25   231   212   719    30   157    13 32744 32744
 53352 11026  4142  2000     4    28   231  1623  1957     9   140    13 32744 32744
 53362 11141  4132  2000     4    25   231   522   547    18   137    14 32744 32744
 53391 11400  4154  2000     3    22   231  1426  2000     9   123    13 32744 32744
 53391 11400  4154  2000     3    23   231  2000  2120   300   127    15 32744 32744
 53391 11400  4154  2000     4     6   231   822  1835     9   153    14 32744 32744
 53391 11400  4154  2000     4    25   231   655   722   150   100    15 32744 32744
 53399 11442  4109  2000     4     6   231   710   825     7   140    15 32744 32744
 53399 11442  4109  2000     4     6   231  1201  1836     7   140    15 32744 32744
 53446 10951  4040  2000     4    24   231  1235  1836    50    90    11 32744 32744
 53446 10951  4040  2000     4    25   231  2150  2313     2   103    14 32744 32744
 53446 10951  4040  2000     4    25   231   653  1222     2   103    14 32744 32744
 53446 10951  4040  2000     4    28   231  1714  1935    30    97    14 32744 32744
 53446 10951  4040  2000     5    14   231  1503  1530   180   130    16 32744 32744
 53446 10951  4040  2000     5    16   231  1428  1435   120    87    12 32744 32744
 53446 10951  4040  2000     5    25   231  1816  1826   110 32744 32744 32744 32744
 53463 11141  4049  2000     4    24   231  1428  1453     6    90    15 32744 32744
 53463 11141  4049  2000     4    24   231  1851  2017     6    90    15 32744 32744
 53463 11141  4049  2000     4    25   231   657   935    20   103    13 32744 32744
 53463 11141  4049  2000     4    28   231  1806  2000     2   133    16 32744 32744
 53463 11141  4049  2000     4    29   231  2000  2136   150   137    15 32744 32744
 53463 11141  4049  2000     5    17   231  1719  1730    60   100    13 32744 32744
 53463 11141  4049  2000     8     1   231  1641  1704   200   107    10 32744 32744
 53480 11304  4102  2000     4     4   231 32744 32744   300   110    16 32744 32744
 53480 11304  4102  2000     4     6   231   715  1811     7   130    16 32744 32744
 53480 11304  4102  2000     4    19   231  1310  1517     9    80    16 32744 32744
 53480 11304  4102  2000     4    25   231   813   945    40   153    15 32744 32744
 53480 11304  4102  2000     4    28   231  1924  2000     5   110    13 32744 32744
 53480 11304  4102  2000     4    29   231  2000  2303   150   113    15 32744 32744
 53502 10545  3947  2000     3    26   231  1609  1720    80   133    14 32744 32744
 53502 10545  3947  2000     4    19   231   248   615     8   147    13 32744 32744
 53502 10545  3947  2000     4    19   231  1742  2035     8   147    13 32744 32744
 53502 10545  3947  2000     5    11   231  2245    19    30   167    15 32744 32744
 53502 10545  3947  2000     5    25   231  1138  1735     9   100    16 32744 32744
 53519 10646  3913  2000     4     9   231   639   808     6   166    15   250    16
 53519 10646  3913  2000     4    19   231   551   828     7   196    15   281    15
 53519 10646  3913  2000     4    28   231  1510  1624   120   197    15   275 32744
 53519 10646  3913  2000     5    11   231     6    42    50   198    15   290    15
 53529 10759  3906  2000     3    22   231  1322  1710     9   140    16 32744 32744
 53529 10759  3906  2000     3    27   231  1413  1616    70   140    16 32744 32744
 53529 10759  3906  2000     4     9   231   653  1120     4   130     1 32744 32744
 53529 10759  3906  2000     4    19   231   541  1031     4   120    16 32744 32744
 53529 10759  3906  2000     4    21   231  1251  1336    15   123    14 32744 32744
 53529 10759  3906  2000     4    24   231   951  1420     6   147    14 32744 32744
 53529 10759  3906  2000     4    25   231  1152  1326    18   120    15 32744 32744
 53529 10759  3906  2000     4    28   231  1618  1914   110   127    15 32744 32744
 53529 10759  3906  2000     5     2   231  1513  1524   120   123    14 32744 32744
 53529 10759  3906  2000     5    11   231   201   341     4   147    15 32744 32744
 53529 10759  3906  2000     5    11   231   847  1713     4   147    15 32744 32744
 53529 10759  3906  2000     5    14   231  1348  1430     8   123    14 32744 32744
 53529 10759  3906  2000     5    25   231  1627  2000     1   123     1 32744 32744
 53529 10759  3906  2000     5    26   231  2000    27   110   120    16 32744 32744
 53529 10759  3906  2000    12    22   231  1135  1510     5   160    14 32744 32744
 53529 10759  3906  2000    12    31   231  1551  1620   250   107    15 32744 32744
 53602 10540  3850  2000     4    13   231   518   540   150   150     1 32744 32744
 53602 10540  3850  2000     4    19   231   335   520    60   157     1 32744 32744
 53602 10540  3850  2000     5     9   231   415   440   200   113    14 32744 32744
 53602 10540  3850  2000     5    11   231  2344    17    80   120    15 32744 32744
 53602 10540  3850  2000     5    11   231   853  1330    80   120    15 32744 32744
 53602 10540  3850  2000     5    13   231  1807  1926   120   153     1 32744 32744
 53602 10540  3850  2000     5    25   231  1412  2022     8   120     1 32744 32744
 53614 10613  3829  2000     3    26   231  1915  1920    40   144    14   210    14
 53614 10613  3829  2000     4     9   231   648   702    15   156    15   231    16
 53614 10613  3829  2000     4    19   231   542   631    40   135    15   206    14
 53614 10613  3829  2000     4    28   231  1640  1720    80   137    15   200    14
 53614 10613  3829  2000     5    11   231  1102  1310    30   140    14   219    14
 53614 10613  3829  2000     5    13   231  1921  2010     7   105     1   154    16
 53615 10642  3848  2000     1     1   231  1313  1415     7    95    16   152    15
 53615 10642  3848  2000     4     9   231   726   738    20   131     2   202     1
 53615 10642  3848  2000     4    19   231   546   838     7   149    16   240    16
 53615 10642  3848  2000     4    28   231  1542  1706    70   138    16   221    15
 53646 10942  3814  2000     4    19   231   905  1410     9   110    13 32744 32744
 53646 10942  3814  2000     4    28   231  1843  2000     8   143    14 32744 32744
 53646 10942  3814  2000     4    29   231  2000  2115   200   120    15 32744 32744
 53646 10942  3814  2000     5    11   231  1833  1837    80   110    14 32744 32744
 53663 11149  3855  2000     4    13   231   940  1410     8   167     4 32744 32744
 53663 11149  3855  2000     4    19   231  1425  1527    60   160    11 32744 32744
 53663 11149  3855  2000     4    20   231  1503  1537   120   163    14 32744 32744
 53663 11149  3855  2000     4    21   231  1348  1710     8   160    13 32744 32744
 53663 11149  3855  2000     4    24   231  1446  1449   120   110    14 32744 32744
 53663 11149  3855  2000     5     2   231  1925  1956     6   103    15 32744 32744
 53663 11149  3855  2000     5     5   231   956  1135   120   147     3 32744 32744
 53723 10724  3747  2000     3    19   231  1323  1809     8   110     8   158     8
 53723 10724  3747  2000     3    20   231  1305  1432     9    91    12   135    13
 53723 10724  3747  2000     3    22   231   125   402     7    93    15   148    15
 53723 10724  3747  2000     3    26   231  1515  2000     8   111    13   177    12
 53723 10724  3747  2000     3    27   231  2000    42     8   107    14   173    14
 53723 10724  3747  2000     3    27   231  1332  1420     8   107    14   173    14
 53723 10724  3747  2000     4     9   231   731  1143     8    95    12   144    16
 53723 10724  3747  2000     4    11   231  1325  1518     8   109    13   173    14
 53723 10724  3747  2000     4    19   231   635  1123     4    89    12   156     1
 53723 10724  3747  2000     4    21   231  1120  1744     4   123    13   202    13
 53723 10724  3747  2000     4    28   231  1606  1937    15   100    16   158    16
 53723 10724  3747  2000     5    11   231   843  1627     4   132    13   210    15
 53723 10724  3747  2000     5    14   231  2005  2133     8   116    13   185    13
 53723 10724  3747  2000     5    14   231  1325  1431     8   116    13   185    13
 53723 10724  3747  2000     5    25   231  1315  2000     3    85    13   152     1
 53723 10724  3747  2000     5    26   231  2000    46    80    75     2   160     2
 53723 10724  3747  2000    12    22   231  1204  1423     9   129    13   196    12
 53723 10724  3747  2000    12    23   231  1244  1604     8   126    13   181    13
 53725 10735  3735  2000     3    19   231  1504  2000     9   108     9   190     8
 53725 10735  3735  2000     3    20   231  2000  2215    50   107    13   152 32744
 53725 10735  3735  2000     3    22   231   315   341   100   129     1   177     1
 53725 10735  3735  2000     3    26   231  1535  1821    30   115    13   177 32744
 53725 10735  3735  2000     3    27   231  1040  1725     9   115    15   177    15
 53725 10735  3735  2000     4     9   231   830  1035    20   133     1   196 32744
 53725 10735  3735  2000     4    19   231   623  1307     1   114    13   173    12
 53725 10735  3735  2000     4    21   231  1142  1730     3   123    13   190 32744
 53725 10735  3735  2000     4    28   231  1632  1930     5   138     1   196    16
 53725 10735  3735  2000     5     2   231  1530  1620    60   108    13   171 32744
 53725 10735  3735  2000     5    11   231   925  1708     3   128    15   202 32744
 53725 10735  3735  2000     5    14   231  2020  2212     5   135     1   198 32744
 53725 10735  3735  2000     5    14   231  1204  1730     5   135     1   198 32744
 53725 10735  3735  2000    12    22   231  1132  1618     8   127    13   196    13
 53738 10810  3655  2000     2     6   231  1414  1841    30   120    16 32744 32744
 53738 10810  3655  2000     3    27   231  2325   341     6   110    15 32744 32744
 53738 10810  3655  2000     3    27   231  1411  1822     6   110    15 32744 32744
 53738 10810  3655  2000     4     9   231   934  1428     9   120     1 32744 32744
 53738 10810  3655  2000     4    19   231   910  1622     7    90    14 32744 32744
 53738 10810  3655  2000     4    28   231  1827  2000     7   113     1 32744 32744
 53738 10810  3655  2000     4    29   231  2000  2209   120    87     2 32744 32744
 53738 10810  3655  2000     5    11   231  1125  1619     2   120    14 32744 32744
 53740 10914  3756  2000     4     9   231  1118  1448     7   160    15 32744 32744
 53740 10914  3756  2000     4    19   231   854  1512     5   143    15 32744 32744
 53740 10914  3756  2000     4    28   231  1820  2000     6   170    16 32744 32744
 53740 10914  3756  2000     4    29   231  2000  2130   120   140    15 32744 32744
 53740 10914  3756  2000     5    11   231  1418  1840    20   177    15 32744 32744
 53740 10914  3756  2000     5    14   231  1520  1813   100   170    15 32744 32744
 53740 10914  3756  2000     6    16   231  1750  1812   130   160     7 32744 32744
 53754 11013  3730  2000     4    19   231  1130  1240    60   169    15   235    16
 53772 11233  3747  2000     3    27   231  1420  1544   100   130    15 32744 32744
 53772 11233  3747  2000     4     9   231  1102  1237    60   150    15 32744 32744
 53772 11233  3747  2000     4    19   231  1731  1920     4   110    15 32744 32744
 53772 11233  3747  2000     5     9   231  1303  1307    40    80    15 32744 32744
 53772 11233  3747  2000     5    11   231  1345  1410     8   160    15 32744 32744
 53772 11233  3747  2000     5    17   231  1419  1441    60   130    14 32744 32744
 53798 11430  3704  2000     6    15   231  1618  1649   100    73    14 32744 32744
 53810 10554  3659  2000     4    13   231   231   352    80   113    15   210    15
 53810 10554  3659  2000     4    19   231   515   610   120   123    15   194    15
 53810 10554  3659  2000     4    28   231  1715  1825   200   102    15   223    14
 53817 10616  3600  2000     4    28   231  1846  2000     8   109     1   210    16
 53817 10616  3600  2000     4    29   231  2000  2125    70   132    16   240    15
 53821 10718  3635  2000     4     9   231  1026  1326    13   107     1 32744 32744
 53821 10718  3635  2000     4    13   231   615   907     8   100    16 32744 32744
 53821 10718  3635  2000     4    28   231  1844  2025     4   110    16 32744 32744
 53853 11057  3642  2000     4    19   231  1341  1532     8   140    16 32744 32744
 53929 10748  3512  2000     4    13   231   711   906     7   114    14   185    15
 53986 11353  3519  2000     3    27   231  1742  1806    80   102    16   204    14
 54102 11604  4357  2000     4     6   231   728   820     8   153    13   250    12
 54115 11804  4336  2000     4     6   231   930  1310    90   177    12 32744 32744
 54134 12117  4336  2000     4     6   231  1002  1807     7   180    11 32744 32744
 54134 12117  4336  2000     4     7   231   527   808     9   180    15 32744 32744
 54135 12216  4336  2000     4     6   231  1440  1745    90   150    13 32744 32744
 54208 11628  4211  2000     4     6   231   940  1630     9   220    13 32744 32744
 54218 11856  4216  2000     4     6   231   916  1240    80   160    12 32744 32744
 54226 12042  4220  2000     4     6   231  1117  1136    60   153    14 32744 32744
 54236 12232  4225  2000     4     8   231  1416  1725    15   180    10 32744 32744
 54308 11638  4113  2000     3    22   231  1828  1942     5    83    15 32744 32744
 54308 11638  4113  2000     4     6   231  1135  1922     8   103    14 32744 32744
 54333 12250  4159  2000     9    20   231  1415  1419    80   120    15 32744 32744
 54335 12205  4141  2000     4     6   231  1647  1819    50   170    10 32744 32744
 54606 11544  3814  2000     4    25   231  1653  1816   100   107    16 32744 32744
 54705 11523  3722  2000     6     8   231  1852  1858   120   103    16 32744 32744
 54736 11840  3726  2000     4     9   231  1414  1421   130   209     2   277     3
 54823 11703  3636  2000     4     9   231  1515  1610    60   153 32744   281 32744
 54929 11757  3515  2000     4     9   231  1745  1803   150   130    16   252    15
 54936 11850  3535  2000     4     9   231  1715  1802   100   128     1   225     1
 55248  8425  3209  2000     2    29   231  1531  1541   500 32744 32744 32744 32744
 55248  8425  3209  2000     3    19   231  1614  1620   480 32744 32744 32744 32744
 55248  8425  3209  2000     9     8   231  1413  1417   500 32744 32744 32744 32744
 55299  9204  3129  2000     3    24   231  1347  1402     5   153    11 32744 32744
 55299  9204  3129  2000     3    31   231  1450  1459   300   157    13 32744 32744
 55437  8115  3017  2000     5     7   231  1615  1644   450 32744 32744 32744 32744
 55472  8838  3057  2000    12     5   231  1409  1431   200 32744 32744 32744 32744
 55472  8838  3057  2000    12    18   231  1410  1536    90 32744 32744 32744 32744
 55472  8838  3057  2000    12    29   231  1525  1542   350 32744 32744 32744 32744
 55493  9106  3029  2000     3    24   231  1440  1447    90 32744 32744 32744 32744
 55569  8736  2905  2000     2    11   231  1515  1519   400 32744 32744 32744 32744
 55569  8736  2905  2000     2    12   231  1201  1300   200 32744 32744 32744 32744
 55585  9010  2926  2000     2    12   231  1542  1546   300 32744 32744 32744 32744
 55664  8705  2838  2000     1     9   231  1513  1547   400 32744 32744 32744 32744
 55664  8705  2838  2000     1    20   231  1458  1547   400 32744 32744 32744 32744
 55664  8705  2838  2000     2     4   231  1450  1547   400 32744 32744 32744 32744
 55664  8705  2838  2000     4     3   231  1709  1753   400 32744 32744 32744 32744
 56004  9226  3413  2000     2    29   231  1240  1247   300   147    15 32744 32744
 56004  9226  3413  2000    11    11   231  1330  1332   150   140    14 32744 32744
 56004  9226  3413  2000    11    14   231  1606  1708   300   180    12 32744 32744
 56004  9226  3413  2000    11    18   231  1302  1452   200   157    12 32744 32744
 56004  9226  3413  2000    12     4   231  1437  1444   400   140    13 32744 32744
 56004  9226  3413  2000    12     7   231  1533  1535   400   130    12 32744 32744
 56004  9226  3413  2000    12    16   231  1450  1557   400   147    13 32744 32744
 56033  9813  3455  2000     5    11   231  2028  2038   300   170    16 32744 32744
 56033  9813  3455  2000    10    21   231  1548  1550   500   140    14 32744 32744
 56065 10136  3444  2000     1     4   231  1350  1352     8   117    12 32744 32744
 56065 10136  3444  2000     3    19   231  1751  1818   300   153    12 32744 32744
