 50514 11726  4934  2003     5    21   231  1552  1602     9   150     9 32744 32744
 50603 11649  4840  2003     5    21   231  1510  1535    90   173     4 32744 32744
 50618 11816  4813  2003     4    14   231  1615  1621   300   130     6 32744 32744
 50618 11816  4813  2003     4    15   231  2311   440     8   217     6 32744 32744
 50834 12113  4636  2003     5    21   231  1354  1407     6   100     4 32744 32744
 50915 11658  4531  2003    11    14   231  1347  1540     5   183     6 32744 32744
 51053  8624  4803  2003     4    30   231  2119  2317   180   197    13 32744 32744
 51059  8552  4726  2003     4    30   231  2003  2005   400   173    12 32744 32744
 51431  8120  4357  2003     5    18   231  2154  2158     5    68     7   135     7
 51463  8737  4347  2003    11    12   231   609   805     7   248     7   375     7
 51495  9138  4329  2003     4    16   231  1107  1218   200 32744 32744 32744 32744
 51628  8014  4110  2003     4     8   231  1328  1530     4   149     4   240     4
 51633  8154  4147  2003     4     8   231  1546  1555   500 32744 32744 32744 32744
 51642  8415  4147  2003     4     8   231  1510  1635   120 32744 32744 32744 32744
 51644  8304  4143  2003     4     8   231  1152  1738     3   167    16   296    16
 51709  7559  3928  2003     4     7   231  1720  1725    70    94     4   179     5
 51709  7559  3928  2003     6    15   231  1810  1814   300   104     3   202     3
 51709  7559  3928  2003     7     5   231  1604  1612   200   101     5   206     5
 51711  7827  4056  2003     4    11   231  1420  1426     9    66     1   123     1
 51711  7827  4056  2003     7    16   231  1718  1725   300   100    13   190    13
 51711  7827  4056  2003     9    13   231  1651  1700   400    78    13   154    12
 51716  7834  3948  2003     4    16   231   813   840    50    64     3   142     1
 51716  7834  3948  2003     5     2   231   228   242    20   107    15   198    16
 51716  7834  3948  2003     5    30   231   742   805     7    91    13   200    13
 51716  7834  3948  2003     6    28   231  1843  1908   120   106    16   229    16
 51716  7834  3948  2003     7    16   231  1942  2000     8    88    16   158    16
 51716  7834  3948  2003     7    17   231  2000  2047     8    87    15   142    15
 51720  7903  4030  2003     4    15   231  1743  1743   120 32744 32744 32744 32744
 51720  7903  4030  2003     4    17   231   930  1540     8 32744 32744 32744 32744
 51720  7903  4030  2003     5    30   231   849   934   200 32744 32744 32744 32744
 51720  7903  4030  2003     6    26   231  2322  2328   150 32744 32744 32744 32744
 51720  7903  4030  2003     7    13   231  2107  2113   300 32744 32744 32744 32744
 51720  7903  4030  2003     7    21   231  1840  1843   150 32744 32744 32744 32744
 51730  8103  4030  2003     4     8   231  1443  2000     3 32744 32744 32744 32744
 51730  8103  4030  2003     4     9   231  2000  2107     3 32744 32744 32744 32744
 51730  8103  4030  2003     4    17   231   240   940     3 32744 32744 32744 32744
 51730  8103  4030  2003     4    17   231  1320  1510     3 32744 32744 32744 32744
 51747  8340  3900  2003     4     8   231  1627  2000     2   177     2 32744 32744
 51747  8340  3900  2003     4     9   231  2000  2318     2   140     1 32744 32744
 51747  8340  3900  2003     4    11   231  1920  2000     8   130     3 32744 32744
 51747  8340  3900  2003     4    12   231  2000  2040     8   127     3 32744 32744
 51747  8340  3900  2003     4    16   231  1703  2000     4   143     6 32744 32744
 51747  8340  3900  2003     4    17   231  2000   215     4   120     6 32744 32744
 51747  8340  3900  2003     5     2   231   925  1118    12    97     3 32744 32744
 51747  8340  3900  2003     5    25   231  1953  2000     2   117    13 32744 32744
 51747  8340  3900  2003     5    26   231  2000  2007     2   140    16 32744 32744
 51747  8340  3900  2003     5    26   231   639  1126     2   140    16 32744 32744
 51747  8340  3900  2003     6    10   231  2057  2304    20   127    12 32744 32744
 51747  8340  3900  2003     6    27   231  1915  2000     3   153    16 32744 32744
 51747  8340  3900  2003     6    28   231  2000  2350     3   190    16 32744 32744
 51747  8340  3900  2003     7     8   231  2028  2325    80   147    16 32744 32744
 51747  8340  3900  2003     7    30   231  2021  2153    40   123     2 32744 32744
 51747  8340  3900  2003     8     5   231  2002  2032    30   167    16 32744 32744
 51747  8340  3900  2003     8     8   231  2005  2040    30   167     2 32744 32744
 51747  8340  3900  2003     8    19   231   245   338    50   123     2 32744 32744
 51747  8340  3900  2003     8    27   231  2017  2319    30   140     1 32744 32744
 51747  8340  3900  2003     8    31   231  1836  1858    40   147    15 32744 32744
 51747  8340  3900  2003     9    24   231  1125  1420     8   137     3 32744 32744
 51765  8742  4038  2003     3     2   231  1208  1828     6 32744 32744 32744 32744
 51765  8742  4038  2003     4     9   231  2210    26   150 32744 32744 32744 32744
 51765  8742  4038  2003     4    12   231  2006  2043   300 32744 32744 32744 32744
 51765  8742  4038  2003     4    16   231   722  1832     5 32744 32744 32744 32744
 51765  8742  4038  2003     5     2   231  2036   120     6 32744 32744 32744 32744
 51765  8742  4038  2003     5     2   231  1145  1517     6 32744 32744 32744 32744
 51765  8742  4038  2003     6    30   231   126   521     6 32744 32744 32744 32744
 51765  8742  4038  2003     8     8   231  1248  1638    30 32744 32744 32744 32744
 51777  8810  3902  2003     3     2   231  1331  1510     1    91    14   144    14
 51777  8810  3902  2003     4     8   231  1448  1535     3   120     5   192    99
 51777  8810  3902  2003     4    16   231  1126  2000     1   131    14   223    13
 51777  8810  3902  2003     4    17   231  2000    30     1   101    14   177    14
 51777  8810  3902  2003     5     2   231    40   420     6   118    14   240    14
 51777  8810  3902  2003     7    13   231  1934  2000     7   127     7   192     7
 51777  8810  3902  2003     7    14   231  2000  2017     7   107     7   154     6
 51804  7514  3747  2003     3    31   231  1548  1640   400 32744 32744 32744 32744
 51804  7514  3747  2003     4     1   231  1617  1745   450 32744 32744 32744 32744
 51804  7514  3747  2003     4    14   231  1623  1842   500 32744 32744 32744 32744
 51804  7514  3747  2003     4    24   231  1640  1816   450 32744 32744 32744 32744
 51811  7716  3826  2003     5     2   231  2255  2318    30   105     1   181     1
 51811  7716  3826  2003     5    11   231  2031  2048     8    93    15   150    16
 51811  7716  3826  2003     6     4   231  2352   515    20    99     1   188     3
 51811  7716  3826  2003     6     8   231   226   312   100    79    16   146     1
 51811  7716  3826  2003     6     9   231  2257  2304   120    98     2   194     2
 51811  7716  3826  2003     7     9   231  1930  1950     8    85    15   148    15
 51811  7716  3826  2003     7    12   231  1858  2000     7    91    15   183    15
 51811  7716  3826  2003     7    13   231  2000  2020     7    83     1   158     1
 51811  7716  3826  2003    11     6   231   203   211    60    81    15   150    14
 51818  7817  3737  2003     5     2   231    45   120    25    81    16   146    16
 51818  7817  3737  2003     5    14   231  2020  2106    40    96    12   156    12
 51818  7817  3737  2003     6     4   231   425   442    60    80    15   177    11
 51818  7817  3737  2003     6     4   231  1613  1640    60    80    15   177    11
 51828  7956  3708  2003     4     9   231  2306    20     3    70    15   117    16
 51828  7956  3708  2003     4    16   231  1012  1413     2    67     4   125     5
 51828  7956  3708  2003     5     2   231   250   502     1   112     6   196     8
 51828  7956  3708  2003     6     4   231   610   825     6    70     5   146     4
 51828  7956  3708  2003     6     4   231  1907  1925     6    70     5   146     4
 51828  7956  3708  2003     6     9   231  2229  2310     5    68     3   119     4
 51839  8243  3704  2003     3    30   231  1030  1250     7    86     6   138     6
 51839  8243  3704  2003     4     1   231  1021  1218     8    69     6   113     7
 51839  8243  3704  2003     4     2   231  2338    40     7    81     7   131     7
 51839  8243  3704  2003     4     3   231   119  1040     4   104     6   169     6
 51839  8243  3704  2003     4     9   231  2207    17     2    97     1   156    16
 51839  8243  3704  2003     4    12   231  2347    20     5    81     1   133    15
 51839  8243  3704  2003     4    12   231  1728  1740     5    81     1   133    15
 51839  8243  3704  2003     4    15   231   926  1247     3    94     7   148     5
 51839  8243  3704  2003     4    16   231  1055  1730     3    80     5   135     5
 51839  8243  3704  2003     4    25   231   824  1110     8    71     6   115     5
 51839  8243  3704  2003     4    26   231  2301  2330    20    81     7   148     7
 51839  8243  3704  2003     4    27   231  2005  2341     8    90     6   150     6
 51839  8243  3704  2003     5     2   231   635  1910     1   118     6   190     6
 51839  8243  3704  2003     5    11   231   414  1012     3    91     7   154     6
 51839  8243  3704  2003     5    17   231  1028  1136     8    70     7   113     5
 51839  8243  3704  2003     5    24   231   712  1025     6    78     7   123     7
 51839  8243  3704  2003     5    26   231  1826  2000     6    72    15   125    15
 51839  8243  3704  2003     5    27   231  2000  2137     5    60    15   102    13
 51839  8243  3704  2003     5    29   231  2103  2140     8    75     7   121     7
 51839  8243  3704  2003     6     4   231  1018  1515     3    84     6   125     7
 51839  8243  3704  2003     6     5   231  2315   236     5    82     6   133     5
 51839  8243  3704  2003     6     9   231   612  1030     3    97     6   171     7
 51839  8243  3704  2003     6    21   231  1940  2000     8    80     6   138     7
 51839  8243  3704  2003     6    22   231  2000   237     6    92     7   154     7
 51839  8243  3704  2003     6    27   231  1036  2000     2    89     5   144     7
 51839  8243  3704  2003     6    28   231  2000  2303     1   110     6   200     7
 51839  8243  3704  2003     7     3   231   940  1325     6    83     6   148     6
 51839  8243  3704  2003     7     8   231  2139  2343     4    89     6   135     6
 51839  8243  3704  2003     7    13   231   403   824     4    91     6   158     7
 51839  8243  3704  2003     7    24   231  2108  2137     7    76    16   133    15
 51839  8243  3704  2003     7    24   231  1932  2000     7    76    16   133    15
 51839  8243  3704  2003     7    25   231  2000  2230     6    75    15   125    15
 51839  8243  3704  2003     8     4   231  1044  1142     6    80     6   113     6
 51839  8243  3704  2003     8     4   231  1934  2000     6    80     6   113     6
 51839  8243  3704  2003     8     5   231  2000  2220     2    90     6   156     6
 51839  8243  3704  2003     8    26   231  1855  2000     3    85     6   133     6
 51839  8243  3704  2003     8    27   231  2000  2327     3    87     6   146     6
 51839  8243  3704  2003     8    30   231   914  1040     6    75     6   119     5
 51839  8243  3704  2003     9    10   231  2112   135     4   104     6   171     7
 51839  8243  3704  2003     9    16   231   943  1436     3    83     6   140     6
 51839  8243  3704  2003    10    10   231  2036  2209     8    86     6   144     6
 51839  8243  3704  2003    11     6   231   832  1220     3    88     6   144     6
 51855  8533  3809  2003     4     8   231  1709  1740    30 32744 32744 32744 32744
 51855  8533  3809  2003     4    16   231  1740  1820     1 32744 32744 32744 32744
 51855  8533  3809  2003     6    28   231  2340    27    30 32744 32744 32744 32744
 51855  8533  3809  2003     7     3   231  1503  1527    50 32744 32744 32744 32744
 51855  8533  3809  2003     7    11   231  1805  1816   120 32744 32744 32744 32744
 51886  9051  3815  2003     2     6   231  1559  1606   480   140     4 32744 32744
 51886  9051  3815  2003     3    14   231  1626  1639   400   197     4 32744 32744
 51886  9051  3815  2003     4     7   231  1549  1718   150   240     4 32744 32744
 51886  9051  3815  2003     4     8   231  1650  1705   150   193     4 32744 32744
 51886  9051  3815  2003     4     9   231   615  1710     0   260     4 32744 32744
 51886  9051  3815  2003     4    16   231  1626  1833   130   200     2 32744 32744
 51886  9051  3815  2003     4    22   231  1743  1924    70   203     2 32744 32744
 51886  9051  3815  2003     4    23   231  2002  2035    70   203     3 32744 32744
 51886  9051  3815  2003     5    26   231  1426  1438   250   157     4 32744 32744
 51886  9051  3815  2003     6    25   231  1526  1621   380   187     2 32744 32744
 51886  9051  3815  2003     8     1   231  1558  1558   200   133     4 32744 32744
 51886  9051  3815  2003     9    27   231  1833  1838   350   190     2 32744 32744
 51886  9051  3815  2003    11    10   231  1703  1719   390   180     3 32744 32744
 51886  9051  3815  2003    11    27   231  1435  1802   250   210     3 32744 32744
 51886  9051  3815  2003    11    30   231  1447  1715   350   233     2 32744 32744
 51931  8139  3651  2003     4     2   231  2132  2253    70    88    14   146    13
 51931  8139  3651  2003     4     3   231   103   520     9    81    15   144    13
 51931  8139  3651  2003     4     9   231  2240   115     2    75     6   119     5
 51931  8139  3651  2003     4    11   231   532   735     3    71     9   119     9
 51931  8139  3651  2003     5     2   231   553   912     6    85    14   144    14
 51931  8139  3651  2003     5    11   231   829   940    90    89    10   140    11
 51931  8139  3651  2003     6    27   231  1629  1913    50    73    15   138    14
 51931  8139  3651  2003     9     9   231  2320    35    20    64    11   110    10
 52203  9331  4249  2003     5     8   231  1819  1842   200    66     1   109     2
 52267 10104  4157  2003     4     9   231  1610  1840     4   147     3 32744 32744
 52267 10104  4157  2003     5    26   231  1620  1836     6   130     3 32744 32744
 52267 10104  4157  2003     9    28   231  1806  1821    20   130     3 32744 32744
 52378 10222  4122  2003     2    19   231   806  1312    60   187    14 32744 32744
 52378 10222  4122  2003     4     9   231  1615  1915    80   193     5 32744 32744
 52378 10222  4122  2003     4    11   231  1252  1615     8   157     4 32744 32744
 52378 10222  4122  2003     4    12   231  1417  1902    80   177     4 32744 32744
 52378 10222  4122  2003     4    17   231  2051    10   150   183    13 32744 32744
 52378 10222  4122  2003     4    28   231  1842  1903   250   140    16 32744 32744
 52378 10222  4122  2003     5     2   231  1153  2000     9   187    13 32744 32744
 52378 10222  4122  2003     5     3   231  2000  2000     6   203    13 32744 32744
 52378 10222  4122  2003     5     4   231  2000   530     4   217    13 32744 32744
 52378 10222  4122  2003     5    25   231  1204  1447     8   140    13 32744 32744
 52378 10222  4122  2003     5    26   231  2222   334     6   183     4 32744 32744
 52378 10222  4122  2003     5    26   231  1745  2000     6   183     4 32744 32744
 52378 10222  4122  2003     5    27   231  2000  2137     6   160     5 32744 32744
 52378 10222  4122  2003     5    27   231  1110  1433     6   160     5 32744 32744
 52378 10222  4122  2003     6     7   231  2243   932     7   210    13 32744 32744
 52378 10222  4122  2003     7     5   231  2006  2020   300   120    13 32744 32744
 52378 10222  4122  2003     7    24   231  2003  2121    70   157     2 32744 32744
 52378 10222  4122  2003     8    26   231  2140  2207   300   150     5 32744 32744
 52378 10222  4122  2003     9    28   231  1920  1924   150   163     5 32744 32744
 52378 10222  4122  2003    10    19   231  1205  1315    70   160     5 32744 32744
 52378 10222  4122  2003    12    31   231  1307  1510     9   163     5 32744 32744
 52418  9441  4009  2003     2    18   231  1430  1830     9   100     6 32744 32744
 52418  9441  4009  2003     3     3   231   133   218     9   117    14 32744 32744
 52418  9441  4009  2003     4    16   231  1124  1720     3   160    14 32744 32744
 52418  9441  4009  2003     6    25   231  1842  1903     8    93     3 32744 32744
 52424  9546  4032  2003     2    18   231  1110  2000     1   160    14 32744 32744
 52424  9546  4032  2003     2    19   231  2000  2006     2   104    13 32744 32744
 52424  9546  4032  2003     4    16   231  1104  1632     7   137    13 32744 32744
 52436  9702  4016  2003     4    20   231  1609  1738    18   107    13 32744 32744
 52436  9702  4016  2003     8    17   231  1540  1607   200   140     6 32744 32744
 52436  9702  4016  2003     8    25   231  1642  1706   600   100     1 32744 32744
 52436  9702  4016  2003    11    24   231  1108  1210    80   117     5 32744 32744
 52446  9931  4018  2003     5     4   231  1835  1955     8   163     6 32744 32744
 52446  9931  4018  2003     5    12   231  2046  2111   300   157     4 32744 32744
 52446  9931  4018  2003     7    16   231  2032  2054   200   140     6 32744 32744
 52446  9931  4018  2003     7    20   231  1936  1957     7   100     5 32744 32744
 52446  9931  4018  2003     7    21   231  2053  2139     7   190     2 32744 32744
 52446  9931  4018  2003     8    17   231  1812  1820   180   160     4 32744 32744
 52447  9854  4000  2003     4     9   231  1204  1845     6   173     3 32744 32744
 52447  9854  4000  2003     4    27   231  1949  2000     8   117     2 32744 32744
 52447  9854  4000  2003     4    28   231  2000  2006     8   147     4 32744 32744
 52447  9854  4000  2003     4    28   231   247   321     8   147     4 32744 32744
 52447  9854  4000  2003     5    11   231  1949  2000     6   120     4 32744 32744
 52447  9854  4000  2003     5    12   231  2000  2250     6   163     4 32744 32744
 52447  9854  4000  2003     7    20   231  1824  2000     4   160     3 32744 32744
 52447  9854  4000  2003     7    21   231  2000  2118     4   153     3 32744 32744
 52447  9854  4000  2003     8    17   231  1811  1830   300    97     2 32744 32744
 52447  9854  4000  2003     9    28   231  1416  1448    30   150     4 32744 32744
 52447  9854  4000  2003    11    24   231  1533  1703   400   140     3 32744 32744
 52495 10448  4010  2003     4     9   231  1432  1506     9   170     3 32744 32744
 52495 10448  4010  2003     4    16   231  1841  2000     8   143    16 32744 32744
 52495 10448  4010  2003     4    17   231  2000  2138     8   160     1 32744 32744
 52495 10448  4010  2003     4    17   231   723  1027     8   160     1 32744 32744
 52495 10448  4010  2003     5    27   231  2158  2312     9   187     3 32744 32744
 52495 10448  4010  2003     6    21   231  1624  1740     7   177     9 32744 32744
 52533  9829  3946  2003     9     3   231  1818  1838    40    93    12 32744 32744
 52546  9950  3922  2003     4    20   231  1751  1847    15    73    15 32744 32744
 52546  9950  3922  2003     5    26   231  1751  1805    80   127     4 32744 32744
 52546  9950  3922  2003     7    21   231  2005  2130    50   120     3 32744 32744
 52576 10141  3913  2003     5     4   231  1034  1412     9   133     4 32744 32744
 52576 10141  3913  2003     5     5   231  2015    35    90   130     4 32744 32744
 52576 10141  3913  2003     7    21   231  2236    30   200   150     4 32744 32744
 52602  9320  3845  2003     2    20   231   922  1235   250   210     5 32744 32744
 52602  9320  3845  2003     3     3   231  1804  1806   120   170     5 32744 32744
 52602  9320  3845  2003     4     9   231  1203  1557     6   210     3 32744 32744
 52602  9320  3845  2003     4    16   231  1824  2000     6   170     4 32744 32744
 52602  9320  3845  2003     4    17   231  2000   112     6   180     4 32744 32744
 52602  9320  3845  2003     4    20   231  1715  1920   150   197     4 32744 32744
 52602  9320  3845  2003    11    30   231  1453  1640   500   200     4 32744 32744
 52633  9825  3848  2003     2    26   231  1554  1605   300   160     4 32744 32744
 52633  9825  3848  2003     3    14   231  1402  1419   200   130     4 32744 32744
 52633  9825  3848  2003     3    22   231  1430  1434   200   180     4 32744 32744
 52633  9825  3848  2003     4     4   231  1810  1828   150   190     4 32744 32744
 52633  9825  3848  2003     4     9   231  1940  1957     8   160     4 32744 32744
 52633  9825  3848  2003     4    10   231  1605  1606     8   160     5 32744 32744
 52633  9825  3848  2003     4    22   231  1758  1818   100   180     4 32744 32744
 52652 10026  3856  2003     4     9   231   507   610    35   122     3   190     3
 52652 10026  3856  2003     5    12   231  2315  2330    80   100     3   179     3
 52652 10026  3856  2003     7    21   231  2105  2212    90   125     4   219     5
 52652 10026  3856  2003    11    24   231  1630  1820    20   127     4   999    99
 52681 10305  3838  2003     1    21   231  1242  1305     6   123     4 32744 32744
 52681 10305  3838  2003     3    22   231  1336  1621     7   140     4 32744 32744
 52681 10305  3838  2003     4     9   231   912  1025     7   140     3 32744 32744
 52681 10305  3838  2003     4     9   231  1732  2000     7   140     3 32744 32744
 52681 10305  3838  2003     4    10   231  2000  2225     7   110     4 32744 32744
 52681 10305  3838  2003     4    10   231    18   220     7   110     4 32744 32744
 52681 10305  3838  2003     4    17   231   212   525     4   110     4 32744 32744
 52681 10305  3838  2003     4    28   231   821   835     6   130     3 32744 32744
 52681 10305  3838  2003     4    28   231  1332  1715     6   130     3 32744 32744
 52681 10305  3838  2003     5     5   231  2238    40     4   110     4 32744 32744
 52681 10305  3838  2003     5    27   231  2130  2310     2   140     4 32744 32744
 52681 10305  3838  2003     6    25   231  2228    25     8   130     4 32744 32744
 52681 10305  3838  2003     7    21   231   112   343     7   133     4 32744 32744
 52681 10305  3838  2003     9     3   231  1338  1634     8   110     4 32744 32744
 52707  9341  3648  2003     3    30   231  1845  1914   120   160     3 32744 32744
 52707  9341  3648  2003     4     7   231  1842  1854   150   180     2 32744 32744
 52707  9341  3648  2003     4    21   231  2004  2120   120   150     4 32744 32744
 52707  9341  3648  2003     7    21   231  1403  1426   170   180     5 32744 32744
 52707  9341  3648  2003     9    25   231  1119  1153   250   110     4 32744 32744
 52713  9522  3751  2003     5     4   231  2017  2128   110   100     6 32744 32744
 52737  9722  3722  2003     4     9   231  1809  1830    30   110     6 32744 32744
 52754 10008  3720  2003     1    21   231  1138  1142   200   120     4 32744 32744
 52754 10008  3720  2003     2    22   231  1416  1418   200   140     4 32744 32744
 52754 10008  3720  2003     3     6   231  1538  1539   200   117     6 32744 32744
 52754 10008  3720  2003     3    14   231  1350  1426     7   153     4 32744 32744
 52754 10008  3720  2003     3    15   231  1308  1308   150   130     5 32744 32744
 52754 10008  3720  2003     3    27   231  1754  1756     8   140     4 32744 32744
 52754 10008  3720  2003     4    10   231  1425  1506     7   160     4 32744 32744
 52797 10403  3711  2003     2    19   231  1408  1719   120   120     9 32744 32744
 52797 10403  3711  2003     3    22   231  1640  1918    18    83     2 32744 32744
 52797 10403  3711  2003     4     9   231  1510  1540    80   110    16 32744 32744
 52818  9454  3625  2003     4     8   231  2013  2019   120    90     2 32744 32744
 52825  9625  3626  2003     4     9   231   830   842   200   150     5 32744 32744
 52825  9625  3626  2003     4    17   231   106   128    20   130     4 32744 32744
 52825  9625  3626  2003     5    12   231   106   223     8   100     5 32744 32744
 52836  9806  3618  2003     4     9   231  1015  1030   100   100     6 32744 32744
 52856 10037  3616  2003     4     9   231  1816  1936    80   160     4 32744 32744
 52889 10353  3603  2003     4     9   231  1600  1750   150    70    16 32744 32744
 52908  9305  3513  2003     2     8   231  1319  1322   130   200     6 32744 32744
 52908  9305  3513  2003     2    15   231  1410  1655   150   230     5 32744 32744
 52908  9305  3513  2003     2    27   231  1547  1558   300   230     5 32744 32744
 52908  9305  3513  2003     2    28   231  1643  1702   300   210     5 32744 32744
 52908  9305  3513  2003     3     2   231  1604  1739   250   220     6 32744 32744
 52908  9305  3513  2003     3     3   231  1042  1758     4   260     6 32744 32744
 52908  9305  3513  2003     3     4   231  1205  1413   250   213     6 32744 32744
 52908  9305  3513  2003     3     5   231  1452  1831   250   230     5 32744 32744
 52908  9305  3513  2003     4     9   231  1108  1630     3   260     6 32744 32744
 52908  9305  3513  2003     4    23   231  1605  1614   300   240     4 32744 32744
 52908  9305  3513  2003     5     2   231  1620  1626   300   170     6 32744 32744
 52943  9959  3535  2003     2    16   231  1342  1426   300   190     5 32744 32744
 52943  9959  3535  2003     4     9   231  1408  1503     8   160     4 32744 32744
 52943  9959  3535  2003     4    10   231  1339  1516     8   180     4 32744 32744
 52955 10045  3535  2003     2    26   231  1523  1552   500    53    12 32744 32744
 52955 10045  3535  2003     4     6   231  1904  1936   150   100     5 32744 32744
 52955 10045  3535  2003     4     9   231  1450  2000     8   100     3 32744 32744
 52955 10045  3535  2003     4    10   231  2000  2018     8    70     3 32744 32744
 52955 10045  3535  2003     4    15   231  1458  1514   450    83     5 32744 32744
 52955 10045  3535  2003     4    17   231  1737  1825    80    87     3 32744 32744
 53083 11409  4437  2003    11    14   231  1240  1257    90   177     6 32744 32744
 53149 11008  4232  2003     4    10   231  1441  1517   150   220     6 32744 32744
 53149 11008  4232  2003     5    24   231  1458  1459   500   143     6 32744 32744
 53195 11138  4352  2003     4     6   231  1318  1715     9   170     4 32744 32744
 53195 11138  4352  2003     4    13   231  1245  1415     8   153     5 32744 32744
 53195 11138  4352  2003     4    14   231   836  1641    11   163     5 32744 32744
 53195 11138  4352  2003     5     1   231  1511  1523    90   157     6 32744 32744
 53195 11138  4352  2003    11    14   231  1245  1256    40   180     5 32744 32744
 53231 10624  4124  2003     2    19   231  1735  1840    60   213    10 32744 32744
 53231 10624  4124  2003     4    11   231   750   918     8   180     4 32744 32744
 53231 10624  4124  2003     4    16   231  1803  1854    80   193    14 32744 32744
 53231 10624  4124  2003     4    17   231     4   850     8   200    14 32744 32744
 53231 10624  4124  2003     5     4   231  1252  1517     6   200    10 32744 32744
 53231 10624  4124  2003     5    27   231  1505  1508   180   160     4 32744 32744
 53231 10624  4124  2003     7    19   231  1643  1649   250   150     4 32744 32744
 53276 11254  4224  2003     4    11   231  1225  1423    20   167     4   244     4
 53502 10545  3947  2003     4    17   231  2310    38    60   123    14 32744 32744
 53513 10725  4045  2003     6    21   231  1913  1938    80    57     5 32744 32744
 53602 10540  3850  2003     3    22   231  1820  1910    60    90     6 32744 32744
 53602 10540  3850  2003     4     9   231  1615  1652   120   110     4 32744 32744
 53602 10540  3850  2003     4    17   231  1440  1510    80   150     2 32744 32744
 53602 10540  3850  2003     4    28   231  1713  1730   300   100     3 32744 32744
 53602 10540  3850  2003     6     8   231  1607  1715   200   143     2 32744 32744
 53602 10540  3850  2003     6    18   231  1940  1951     8    93     4 32744 32744
 53614 10613  3829  2003     4     9   231  1710  1729    20   120     4   171     4
 53663 11149  3855  2003     4    11   231  1649  1720   110   160     5 32744 32744
 53663 11149  3855  2003     4    17   231  1253  1645     8   130    15 32744 32744
 53723 10724  3747  2003     4    11   231  1209  1403     9   146     6   208     5
 53723 10724  3747  2003     4    17   231  1519  1833    30   107     1   167     1
 53723 10724  3747  2003     7    21   231  1132  1256    40    79     5   104     4
 53725 10735  3735  2003     2    19   231  1415  1922     6   161     9   227     8
 53725 10735  3735  2003     4     9   231   813   942     7   156     9   227     9
 53806 10539  3634  2003     2    19   231  1053  1517     6   156     8   273    11
 53817 10616  3600  2003     4    17   231  1107  1435     7    98     2   163     4
 54041 12304  4447  2003     5    28   231  1611  1720   150   157     8 32744 32744
 54063 12600  4458  2003     4    16   231  1125  1732     8   190     7 32744 32744
 54157 12420  4311  2003     5     1   231  1236  1745     7   167     8 32744 32744
 54236 12232  4225  2003     5     1   231  1435  1820    10   210     8 32744 32744
 54333 12250  4159  2003     4    14   231  1516  1708     8   137     7 32744 32744
 55228  8005  3230  2003     3     2   231  1435  1440   650 32744 32744 32744 32744
 55228  8005  3230  2003     3     3   231  1254  1555     8 32744 32744 32744 32744
 55248  8425  3209  2003     2    19   231  1335  1338   100 32744 32744 32744 32744
 55248  8425  3209  2003     2    19   231  1730  1735   100 32744 32744 32744 32744
 55248  8425  3209  2003     3     4   231  1535  1924   400 32744 32744 32744 32744
 55299  9204  3129  2003     1    24   231  1528  1635   300   170     5 32744 32744
 55472  8838  3057  2003     1    24   231  1330  1537   150 32744 32744 32744 32744
 55472  8838  3057  2003     3     4   231  1504  1508   200 32744 32744 32744 32744
 55578  8853  2915  2003     3     4   231  1521  1529   400   127    12 32744 32744
 55578  8853  2915  2003     6    25   231  1556  1612   400    50    16 32744 32744
 55589  9059  2918  2003     3    25   231  1825  1840     0 32744 32744 32744 32744
 55589  9059  2918  2003     5    10   231  1835  1837     0 32744 32744 32744 32744
 55664  8705  2838  2003     3     4   231  1231  1740   350 32744 32744 32744 32744
 55664  8705  2838  2003    12     2   231  1613  1632   400 32744 32744 32744 32744
 56004  9226  3413  2003     2    15   231  1245  1735    50   200     5 32744 32744
 56004  9226  3413  2003     4     9   231  1320  1530     7   200     4 32744 32744
 56004  9226  3413  2003     4    15   231  1645  1650   400   117     7 32744 32744
 56004  9226  3413  2003    11    22   231  1712  1741   300   170     4 32744 32744
 56004  9226  3413  2003    12     3   231  1507  1529   250   167     4 32744 32744
 56021  9547  3408  2003     4     9   231  1551  1840   500   193     4 32744 32744
 56033  9813  3455  2003     3     3   231  1250  1412     8   147     5 32744 32744
 56033  9813  3455  2003     4     9   231  1642  1807   200   177     4 32744 32744
 56043 10015  3428  2003     4     9   231  1901  2000     5   170     4 32744 32744
 56043 10015  3428  2003     4    10   231  2000  2143     5   140     4 32744 32744
 56046  9939  3345  2003     4     9   231  1845  2000     1   160     3 32744 32744
 56046  9939  3345  2003     4    10   231  2000  2035     8   130     4 32744 32744
 56065 10136  3444  2003     1    21   231  1505  1512    80   150     4 32744 32744
 56065 10136  3444  2003     4     9   231  1920  2000     3   150     1 32744 32744
 56065 10136  3444  2003     4    10   231  2000  2026     3   157    16 32744 32744
 56065 10136  3444  2003     4    17   231  1737  1742   250   133    10 32744 32744
 56065 10136  3444  2003     4    20   231  1830  1833   250   100     8 32744 32744
