 50834 12113  4636  2004     3    10   231  1205  1410     7   210     4 32744 32744
 50854 12519  4623  2004     5     8   231  1417  1808    20   130     8   230     8
 50915 11658  4531  2004     3    26   231  1453  1458   300   127     6 32744 32744
 50915 11658  4531  2004     3    27   231  1615  1856   120   153     6 32744 32744
 50915 11658  4531  2004     3    28   231  1722  1724   120   190     7 32744 32744
 50915 11658  4531  2004     5     2   231  1820  1852   150   127     6 32744 32744
 50915 11658  4531  2004     5    18   231  1610  1625   250   170     4 32744 32744
 50915 11658  4531  2004     6    15   231  1459  1503   250   127     8 32744 32744
 50948 12401  4500  2004     5     8   231  1137  1721     6   170     7 32744 32744
 50949 12450  4507  2004     5     8   231  1257  1848     9   150     7 32744 32744
 51133  8300  4644  2004     6    23   231  1511  1813     4    84     5   146     5
 51241  8336  4556  2004    10    27   231  1616  1620   280 32744 32744 32744 32744
 51346  8440  4426  2004     6    30   231  1838  1845   150    88     9   140    10
 51379  8934  4401  2004     6    24   231    34   130     7   102     5   177     5
 51379  8934  4401  2004     7     5   231  1913  2000     7   152     5   269     5
 51379  8934  4401  2004     7     6   231  2000  2105     7   159     4   279     5
 51628  8014  4110  2004     3     2   231  1245  1557     8    86    13   125    13
 51628  8014  4110  2004     4    28   231  1549  1710     6    87    14   152    14
 51642  8415  4147  2004     4    27   231  1725  1820    80 32744 32744 32744 32744
 51644  8304  4143  2004     6    20   231  2036  2047   100    78    15   163    15
 51644  8304  4143  2004     7     6   231  2018  2032   200   110    16   202    16
 51709  7559  3928  2004     4    23   231  2107  2214     7   114     3   196     4
 51709  7559  3928  2004     8    31   231  2011  2018   300    98     5   158     3
 51711  7827  4056  2004     4    29   231  2033  2212   150    87     5   152     4
 51711  7827  4056  2004     5    20   231  1920  2000     3    91    13   165    12
 51711  7827  4056  2004     5    21   231  2000  2115     3    90     1   190     1
 51711  7827  4056  2004     5    21   231  1910  1923     3    90     1   190     1
 51711  7827  4056  2004     7     4   231  1755  1807   400    92    13   192    13
 51716  7834  3948  2004     7     5   231  1928  1938   150    98    15   171    16
 51720  7903  4030  2004     3    10   231   810   839    30 32744 32744 32744 32744
 51720  7903  4030  2004     4    29   231  2005  2315    80 32744 32744 32744 32744
 51720  7903  4030  2004     5    15   231   937  1148    30 32744 32744 32744 32744
 51720  7903  4030  2004     6    12   231  1753  1755   400 32744 32744 32744 32744
 51720  7903  4030  2004     6    22   231  1734  1742   200 32744 32744 32744 32744
 51720  7903  4030  2004     6    25   231  1614  1642   400 32744 32744 32744 32744
 51720  7903  4030  2004     6    30   231  1724  1739   200 32744 32744 32744 32744
 51720  7903  4030  2004     7    18   231  2140  2227    80 32744 32744 32744 32744
 51720  7903  4030  2004     8     6   231  2125  2129   250 32744 32744 32744 32744
 51720  7903  4030  2004     8    15   231  1913  1921   150 32744 32744 32744 32744
 51720  7903  4030  2004     8    17   231  2237  2248   200 32744 32744 32744 32744
 51720  7903  4030  2004     8    31   231  1914  1917    70 32744 32744 32744 32744
 51747  8340  3900  2004     3    10   231     9   346     6    89     5   134     6
 51747  8340  3900  2004     3    26   231  1345  1620     8   132    13   197    13
 51747  8340  3900  2004     4    11   231  1813  1820   150   119    15   178    15
 51747  8340  3900  2004     4    24   231   107   305     6   100    11   157    11
 51747  8340  3900  2004     4    28   231  1829  2000     8   101     4   156     4
 51747  8340  3900  2004     4    29   231  2000  2340     8    94     4   148     5
 51747  8340  3900  2004     5    12   231  2230   110    15   125     3   179     3
 51747  8340  3900  2004     5    13   231  1424  1510    60   146     3   196     3
 51747  8340  3900  2004     5    21   231  1548  1728    60   102    14   157    14
 51747  8340  3900  2004     5    22   231  2136  2205   120   115    15   172    16
 51747  8340  3900  2004     5    28   231  2204  2340    40   123     3   173     2
 51747  8340  3900  2004     6    24   231  2110  2340    30   131    16   184    16
 51747  8340  3900  2004     8     7   231  1653  1908    30   111    16   180     1
 51765  8742  4038  2004     3     9   231  1610  2000     8 32744 32744 32744 32744
 51765  8742  4038  2004     3    10   231  2000  2038     8 32744 32744 32744 32744
 51765  8742  4038  2004     3    26   231  1920  2000     6 32744 32744 32744 32744
 51765  8742  4038  2004     3    27   231  2000  2008     6 32744 32744 32744 32744
 51765  8742  4038  2004     4     7   231  1209  1537     6 32744 32744 32744 32744
 51765  8742  4038  2004     5     8   231  1932  2000     8 32744 32744 32744 32744
 51765  8742  4038  2004     5     9   231  2000  2120     8 32744 32744 32744 32744
 51765  8742  4038  2004     6    26   231  1713  1726   150 32744 32744 32744 32744
 51765  8742  4038  2004     8     4   231  1251  1308   150 32744 32744 32744 32744
 51765  8742  4038  2004     8     8   231  2031  2216   200 32744 32744 32744 32744
 51777  8810  3902  2004     3    10   231    20   539     5   108    13   204    14
 51777  8810  3902  2004     6    24   231   645  1204     3   129     6   215     6
 51811  7716  3826  2004     4    23   231  2304   348     2   105    15   190    15
 51811  7716  3826  2004     5     8   231    57   240     7   107    15   192    15
 51811  7716  3826  2004     5    20   231  1235  1725    30    99    15   202    15
 51811  7716  3826  2004     6     7   231  2041  2128    70   103    15   179    14
 51811  7716  3826  2004     6    15   231    20   207     6   103    15   182    16
 51811  7716  3826  2004     7    17   231  2248  2320    20    85    15   152    15
 51818  7817  3737  2004     3    18   231  1710  1746    30    64     1   104     1
 51818  7817  3737  2004     4    23   231   103   614     6    90    14   160    14
 51818  7817  3737  2004     5     8   231   225   339    90    87    14   154    15
 51818  7817  3737  2004     5    20   231  1820  1855    30    80    15   133    14
 51818  7817  3737  2004     5    25   231  1923  1938    90    64    11   123     5
 51818  7817  3737  2004     6     1   231  1901  1910   130   107    13   194    13
 51818  7817  3737  2004     6     7   231  2247  2330    80    70    15   154    15
 51818  7817  3737  2004     6    15   231   221   325    80    88    15   165    14
 51818  7817  3737  2004     7    17   231  1533  1725    60    76    15   133    15
 51828  7956  3708  2004     4    23   231   326   635     2    88     6   174     6
 51828  7956  3708  2004     4    23   231  1635  2000     2    88     6   174     6
 51828  7956  3708  2004     4    24   231  2000  2034     4    75     7   138     7
 51828  7956  3708  2004     5     8   231   406   628     3    97     5   185     5
 51828  7956  3708  2004     5    20   231  1924  2000     1    85     5   163     6
 51828  7956  3708  2004     5    21   231  2000  2135     1    84     5   165     4
 51828  7956  3708  2004     6     2   231  2101  2127    15    92     4   200     4
 51828  7956  3708  2004     6     7   231   122   219     6    73     5   144     5
 51828  7956  3708  2004     6     8   231  1852  2000     6   109     7   188     7
 51828  7956  3708  2004     6     9   231  2000  2016     6   108     7   152     7
 51828  7956  3708  2004     6    15   231   406   630     3    90     4   177     4
 51828  7956  3708  2004     6    23   231  2316     6     8    75     3   146     3
 51828  7956  3708  2004     7     9   231   816   940     8    94     5   163     5
 51839  8243  3704  2004     4    10   231  1125  1240     6    75     6   110     5
 51839  8243  3704  2004     4    21   231  2014  2218     4    78     6   131     7
 51839  8243  3704  2004     4    23   231   918  2000     1   103     6   181     6
 51839  8243  3704  2004     4    24   231  2000   721     0   117     7   198     7
 51839  8243  3704  2004     4    27   231   941  1120     3    91     6   140     6
 51839  8243  3704  2004     4    27   231  1915  2000     3    91     6   140     6
 51839  8243  3704  2004     4    28   231  2000    26     3    89     6   152     7
 51839  8243  3704  2004     4    30   231   244   332     8    75     6   121     7
 51839  8243  3704  2004     5     1   231  2102  2143    15    86     5   142     5
 51839  8243  3704  2004     5     8   231   559  1230     1   114     6   213     6
 51839  8243  3704  2004     5    21   231   115   340     4    98     7   177     7
 51839  8243  3704  2004     5    28   231   827   835     8    86     6   133     5
 51839  8243  3704  2004     5    28   231  1516  1710     8    86     6   133     5
 51839  8243  3704  2004     6     2   231   240   410     6    82     6   138     7
 51839  8243  3704  2004     6     7   231   713   901     6    82     6   129     6
 51839  8243  3704  2004     6     9   231  2257    17     8    85     6   142     6
 51839  8243  3704  2004     6    15   231   807  1315     1   113     6   190     6
 51839  8243  3704  2004     6    23   231   405   734     8    92     6   167     6
 51839  8243  3704  2004     6    24   231  2010  2236     4    90     6   160     7
 51839  8243  3704  2004     7     7   231  1808  1822    20    67     9   123     9
 51839  8243  3704  2004     7    10   231  2112    29     6    73     6   127     6
 51839  8243  3704  2004     7    17   231   711   736    10    74     6   131     6
 51839  8243  3704  2004     7    18   231  2122    18     5    82     6   142     6
 51839  8243  3704  2004     7    18   231  1816  1959     5    82     6   142     6
 51839  8243  3704  2004     7    29   231  1006  1212     7    83     6   135     7
 51839  8243  3704  2004     8     2   231  1712  1820     8    79     6   123     6
 51839  8243  3704  2004     8     7   231  1856  2000     2    89     1   167     2
 51839  8243  3704  2004     8     8   231  2000  2040     2    88     1   144     1
 51839  8243  3704  2004     8     8   231  1730  1816     2    88     1   144     1
 51839  8243  3704  2004     8    12   231   118   413     8    77     6   123     7
 51839  8243  3704  2004     8    17   231  1048  1419     4    76     6   115     6
 51839  8243  3704  2004     8    18   231   510   708     8    77     9   133    10
 51839  8243  3704  2004     8    19   231  1903  1933    25    76     7   119     7
 51839  8243  3704  2004     8    20   231  2141  2344     8    82     6   123     6
 51839  8243  3704  2004     9     3   231  2347   318     4   108     6   169     6
 51855  8533  3809  2004     4    24   231  2232   440     2 32744 32744 32744 32744
 51855  8533  3809  2004     5     1   231  1540  1610     6 32744 32744 32744 32744
 51855  8533  3809  2004     7    19   231  2008    40    20 32744 32744 32744 32744
 51886  9051  3815  2004     3     1   231  1342  1820     0   206 32744   262 32744
 51886  9051  3815  2004     3     9   231  1616  1623   350   178 32744   236 32744
 51886  9051  3815  2004     3    16   231  1442  1642   200   185 32744   240 32744
 51886  9051  3815  2004     3    26   231  1844  1922    70   165 32744   224 32744
 51886  9051  3815  2004     9    11   231  1316  1357     8   156 32744   228 32744
 51886  9051  3815  2004     9    29   231  1554  1604   280   170 32744   234 32744
 51931  8139  3651  2004     4    23   231  1905  1938     3    70    14   133    12
 51931  8139  3651  2004     4    24   231  2020   527     3    85    10   138     9
 51931  8139  3651  2004     5     8   231   534   640     6    87    15   173    15
 51931  8139  3651  2004     5    21   231  2234    14    30    75    14   125    14
 51931  8139  3651  2004     6     2   231  2346  2356    40    59    13   110    13
 51931  8139  3651  2004     6     9   231  2050  2145    80    96    14   173    14
 51931  8139  3651  2004     7    18   231  2030  2235    60    72    13   113    15
 51931  8139  3651  2004     9     3   231  2152     5    60    79    13   148    14
 52267 10104  4157  2004     3     9   231  1424  1604     9   127     3 32744 32744
 52267 10104  4157  2004     4     6   231  2020  2335     8    90    14 32744 32744
 52267 10104  4157  2004     5    14   231  1454  1606     8   123     4 32744 32744
 52267 10104  4157  2004     7    12   231  1543  1620     7   120    15 32744 32744
 52378 10222  4122  2004     2    23   231  1443  1725   120   173     5 32744 32744
 52378 10222  4122  2004     3     9   231  1142  1735     9   173     5 32744 32744
 52378 10222  4122  2004     3    16   231  2351    18    80   140     3 32744 32744
 52378 10222  4122  2004     3    27   231   345   533     8   170     5 32744 32744
 52378 10222  4122  2004     3    27   231  1158  1535     8   170     5 32744 32744
 52378 10222  4122  2004     3    28   231  1635  1910    80   157     5 32744 32744
 52378 10222  4122  2004     3    31   231  1408  1810    80   180     4 32744 32744
 52378 10222  4122  2004     4     6   231  2135   206     9   170    13 32744 32744
 52378 10222  4122  2004     4    14   231  1427  1905    90   170     5 32744 32744
 52378 10222  4122  2004     7     9   231  1948  2000     8   163    13 32744 32744
 52378 10222  4122  2004     7    10   231  2000  2037     8   130    13 32744 32744
 52378 10222  4122  2004     7    12   231  1739  1815   300   143     1 32744 32744
 52378 10222  4122  2004     8    25   231  1325  1336   300   157     4 32744 32744
 52436  9702  4016  2004     7    13   231  2241    10   150    74     5   135     5
 52436  9702  4016  2004     8    24   231   748   835     8    97    13   170    13
 52446  9931  4018  2004     3     8   231  1515  1540   200   143    13   190    13
 52446  9931  4018  2004     3     9   231   944  1206   200   174    16   222    16
 52446  9931  4018  2004     5    23   231  1832  2000     6   138    13   197    13
 52446  9931  4018  2004     5    24   231  2000  2007     6   126    13   174    13
 52446  9931  4018  2004     7    12   231  1923  2000     4   121     4   172     4
 52446  9931  4018  2004     7    13   231  2000  2050     4   118     5   169     5
 52447  9854  4000  2004     3    27   231   254   502   300   154    14   231    14
 52447  9854  4000  2004     7    13   231  2023  2137   400   102     4   167     5
 52495 10448  4010  2004     3     9   231  1245  1718     6   190     3 32744 32744
 52495 10448  4010  2004     4    25   231   833  1121     8   207     4 32744 32744
 52495 10448  4010  2004     5    17   231  1446  1503     6   227     4 32744 32744
 52495 10448  4010  2004     5    17   231  1901  1921     6   227     4 32744 32744
 52495 10448  4010  2004     6    11   231  1142  1335     9   187    10 32744 32744
 52495 10448  4010  2004     6    16   231  1833  1912     9   160     1 32744 32744
 52495 10448  4010  2004     8    25   231  1714  1738    30   160     2 32744 32744
 52533  9829  3946  2004     3    27   231   234   513     4   151    15   210    15
 52533  9829  3946  2004     3    28   231  1816  1909     9   124    15   181    15
 52533  9829  3946  2004     3    31   231  2156  2209     8   142    15   198    15
 52533  9829  3946  2004     3    31   231  1506  1713     8   142    15   198    15
 52533  9829  3946  2004     5    14   231  1706  1733   120   114    15   195    15
 52533  9829  3946  2004     7    13   231  2112  2238     7    59     4   104     4
 52533  9829  3946  2004    10    30   231  1140  1205     9   104    15   153    14
 52576 10141  3913  2004     2     3   231  1217  1942     6   127     3 32744 32744
 52576 10141  3913  2004     5    24   231  2035  2156   200   153     5 32744 32744
 52602  9320  3845  2004     3    10   231  1446  1510   200   163 32744   214 32744
 52602  9320  3845  2004     5    28   231  1540  1753   300   170 32744   215 32744
 52602  9320  3845  2004     6     3   231  1303  1307   120   148 32744   222 32744
 52602  9320  3845  2004     6     4   231  1720  1833   350   176 32744   242 32744
 52602  9320  3845  2004     7    11   231  1805  1807   300   152 32744   193 32744
 52602  9320  3845  2004     7    26   231  1523  1534   400   174 32744   230 32744
 52602  9320  3845  2004     9    11   231  1504  1538   350   208 32744   266 32744
 52633  9825  3848  2004     3     2   231  1019  1055   200   186 32744   247 32744
 52633  9825  3848  2004     3     2   231  1426  1426   200   186 32744   247 32744
 52633  9825  3848  2004     3     4   231  1428  1449   120   206 32744   297 32744
 52633  9825  3848  2004     3    27   231  1457  1504   110   153 32744   237 32744
 52633  9825  3848  2004     3    31   231  1306  1530     5   205 32744   299 32744
 52633  9825  3848  2004     4    30   231  1743  1757   250   183 32744   248 32744
 52652 10026  3856  2004     8    24   231  1137  1210   110   113    15   177    15
 52674 10158  3814  2004     3     2   231  1027  1230    70   161    14   226    14
 52674 10158  3814  2004     3     2   231  1626  1715    70   161    14   226    14
 52674 10158  3814  2004     3     4   231  1433  1720    80   162    14   224    13
 52679 10240  3755  2004     3     4   231  1327  1640     9   144     3   219     3
 52681 10305  3838  2004     2     3   231  1116  2000     5   124    14   186    14
 52681 10305  3838  2004     2     4   231  2000  2057     7   103    15   158    14
 52681 10305  3838  2004     2    12   231  1413  1729     7   131    14   185    15
 52681 10305  3838  2004     2    19   231  1138  1219     8   118    14   164    14
 52681 10305  3838  2004     2    24   231  1317  1911     6   134    14   195    14
 52681 10305  3838  2004     3     2   231  1426  1756     6   145    14   209    15
 52681 10305  3838  2004     3     4   231  1121  1225     9   139    14   201    15
 52681 10305  3838  2004     3    31   231  1330  1411     8   127    14   188    14
 52681 10305  3838  2004     4    28   231   646   911     8   128    14   204    14
 52681 10305  3838  2004     5    24   231  2040   415     3   143    14   218    15
 52681 10305  3838  2004     6    26   231  1836  2000     1    98    14   152    14
 52681 10305  3838  2004     6    27   231  2000  2057     1    98    14   140    15
 52681 10305  3838  2004     6    28   231  1742  2000     6    97    14   151    13
 52681 10305  3838  2004     6    29   231  2000  2120     6    94    14   155    14
 52681 10305  3838  2004     7     8   231   115   221     8    87    14   134    14
 52707  9341  3648  2004     6    13   231  1802  1830   150   131 32744   200 32744
 52707  9341  3648  2004     9    11   231  1707  1722   120   179 32744   264 32744
 52713  9522  3751  2004     6    14   231  1735  1744   350   118 32744   210 32744
 52754 10008  3720  2004     3     4   231  1441  1542    90   168 32744   288 32744
 52754 10008  3720  2004     3    12   231  1434  1437   200   153 32744   229 32744
 52754 10008  3720  2004     3    31   231  1130  1326     8   174 32744   275 32744
 52765 10137  3723  2004     4     6   231  1556  1559   300    83 32744   147 32744
 52797 10403  3711  2004     2    18   231  1009  1020   200    92     7   142     7
 52836  9806  3618  2004     3     2   231  1430  1724    60   122 32744   247 32744
 52836  9806  3618  2004     3    31   231  1025  1053    70   112 32744   207 32744
 52836  9806  3618  2004     5    25   231  1730  1745   100   104 32744   177 32744
 52908  9305  3513  2004     3    24   231  1232  1302   300   182 32744   270 32744
 52943  9959  3535  2004     3     2   231  1423  1424   200   138 32744   205 32744
 52943  9959  3535  2004     3     4   231  1250  1251     7   147 32744   253 32744
 52955 10045  3535  2004     2    24   231  1635  1649   450    98 32744   181 32744
 52955 10045  3535  2004     3     2   231  1320  1410     8   107 32744   217 32744
 52955 10045  3535  2004     3     4   231  1624  1711   300    91 32744   194 32744
 52955 10045  3535  2004     3    31   231  1233  1242   350   112 32744   201 32744
 53068 11158  4339  2004     3     9   231  1547  1656   120   170     4 32744 32744
 53068 11158  4339  2004     3    27   231  1145  1720     4   190     6 32744 32744
 53083 11409  4437  2004     3    27   231  1120  2000     1   170     6 32744 32744
 53083 11409  4437  2004     3    28   231  2000  2150     4   170     6 32744 32744
 53083 11409  4437  2004     5     2   231  1402  1825    40   150     6 32744 32744
 53083 11409  4437  2004     5     5   231  1040  1150   150   157     4 32744 32744
 53083 11409  4437  2004     5    18   231  1350  1958     7   190     4 32744 32744
 53083 11409  4437  2004     5    25   231  2120  2206   200   160     1 32744 32744
 53149 11008  4232  2004     3     9   231  1628  1912   150   190     6 32744 32744
 53149 11008  4232  2004     3    10   231  2015  2158   150   203     4 32744 32744
 53149 11008  4232  2004     3    27   231  1011  1454     8   240     6 32744 32744
 53192 11457  4401  2004     3    27   231  1407  2000     0   190     6 32744 32744
 53192 11457  4401  2004     3    28   231  2000  2130     0   150     6 32744 32744
 53192 11457  4401  2004     5    18   231  1605  1810     8   143     5 32744 32744
 53195 11138  4352  2004     3     9   231  1635  1720   120   187     5 32744 32744
 53195 11138  4352  2004     3    10   231  2201    16   120   193     4 32744 32744
 53195 11138  4352  2004     3    26   231  1351  1401     8   167     5 32744 32744
 53195 11138  4352  2004     3    27   231  1122  2000     0   240     6 32744 32744
 53195 11138  4352  2004     3    28   231  2000  2017     8   170     4 32744 32744
 53195 11138  4352  2004     3    28   231  1437  1458     8   170     4 32744 32744
 53195 11138  4352  2004     3    29   231  1242  1733     3   190     3 32744 32744
 53195 11138  4352  2004     4    14   231  1420  1436    50   163     5 32744 32744
 53195 11138  4352  2004     5     2   231  1245  1915    70   207     5 32744 32744
 53195 11138  4352  2004     5     4   231  1916  1924   200   157     4 32744 32744
 53195 11138  4352  2004     5    18   231  1510  1716    90   190     3 32744 32744
 53195 11138  4352  2004     5    19   231  1125  1128   180   177     3 32744 32744
 53195 11138  4352  2004     5    24   231  1647  1658   180   163     5 32744 32744
 53231 10624  4124  2004     2    23   231  1220  1550     3   197     6 32744 32744
 53231 10624  4124  2004     3     9   231  1204  2000     2   190     4 32744 32744
 53231 10624  4124  2004     3    10   231  2000  2150     2   127     6 32744 32744
 53231 10624  4124  2004     3    27   231   702   901     6   180     6 32744 32744
 53231 10624  4124  2004     3    27   231  1205  1506     6   180     6 32744 32744
 53231 10624  4124  2004     5     1   231  1510  1703    70   160     6 32744 32744
 53231 10624  4124  2004     8     5   231  1910  2000     3   187    11 32744 32744
 53231 10624  4124  2004     8     6   231  2000  2216     3   157     2 32744 32744
 53231 10624  4124  2004     8    25   231  1740  1802   200   160     6 32744 32744
 53276 11254  4224  2004     2    24   231  1229  1235    20   147     6   219     6
 53276 11254  4224  2004     3    27   231  1020  1837     0   195     5   273     5
 53336 10831  4134  2004     2    23   231  1547  1625     8   140     4 32744 32744
 53336 10831  4134  2004     3     9   231  1437  2000     1   143     4 32744 32744
 53336 10831  4134  2004     3    10   231  2000  2320     1   110     2 32744 32744
 53336 10831  4134  2004     3    27   231  1012  1806     4   160     4 32744 32744
 53352 11026  4142  2004     2    23   231  1552  1756   250   143     5 32744 32744
 53352 11026  4142  2004     3     9   231  1420  1836    90   143     5 32744 32744
 53352 11026  4142  2004     3    27   231  1128  1831     7   170     5 32744 32744
 53362 11141  4132  2004     2    23   231  1725  1830   250   123     6 32744 32744
 53362 11141  4132  2004     3    27   231   938  1732     8   153     5 32744 32744
 53391 11400  4154  2004     3    27   231  1552  1855    70   150     8 32744 32744
 53478 11227  4000  2004     3    29   231  1120  1311    20   144    13   237    13
 53480 11304  4102  2004     3    27   231  1735  2000     9    90     6 32744 32744
 53480 11304  4102  2004     3    28   231  2000  2034     9    87     5 32744 32744
 53487 11320  4006  2004     3    29   231  1138  1230     7   155    13   223    12
 53502 10545  3947  2004     3     9   231  1247  1714     6   173     4 32744 32744
 53502 10545  3947  2004     4    25   231  1007  1430     9   140     4 32744 32744
 53502 10545  3947  2004     5     1   231  1705  1742   150   140     3 32744 32744
 53502 10545  3947  2004     5    17   231  1531  1706    80   147     1 32744 32744
 53513 10725  4045  2004     3     9   231  1610  2000     8   110     6 32744 32744
 53513 10725  4045  2004     3    10   231  2000  2050     8    77     4 32744 32744
 53529 10759  3906  2004     3     9   231  1737  1932    30   127     3 32744 32744
 53529 10759  3906  2004     3    27   231  1205  1605     6   140     4 32744 32744
 53602 10540  3850  2004     3     9   231  1626  1720    90   103     1 32744 32744
 53602 10540  3850  2004     5    17   231  1658  1815   200   187    16 32744 32744
 53614 10613  3829  2004     3     9   231  1512  1630     6   174    14   230    14
 53614 10613  3829  2004     4    25   231  1141  1235     8   135    15   177    15
 53615 10642  3848  2004     3     9   231  1716  2000     9    87    16   159    15
 53615 10642  3848  2004     3    10   231  2000  2032     9    93    15   163    16
 53646 10942  3814  2004     3    29   231  1241  1445     8   163    14 32744 32744
 53646 10942  3814  2004     7     3   231  1615  1622   200   160    14 32744 32744
 53663 11149  3855  2004     3    29   231  1125  1440     8   166    13   219    13
 53723 10724  3747  2004     2    12   231  1337  1729     6   166    14   252    14
 53723 10724  3747  2004     3     9   231  1709  2000     7   116    14   162    16
 53723 10724  3747  2004     3    10   231  2000  2026     7    94    15   144    15
 53723 10724  3747  2004     4    29   231   749   942     9   114     1   194     1
 53723 10724  3747  2004     5    17   231  1936  2000     8   118    16   206     1
 53723 10724  3747  2004     5    18   231  2000  2104     8   121     1   204     1
 53725 10735  3735  2004     2    12   231  1425  1739     6   143    14   238    13
 53725 10735  3735  2004     2    19   231  2322    38     8   128     9   223     9
 53725 10735  3735  2004     3     4   231  1309  1816     6   119    15   196    14
 53725 10735  3735  2004     3     9   231  1621  1738     8   129     1   179     1
 53725 10735  3735  2004     5    17   231  1956  2000     9    86     1   173     1
 53725 10735  3735  2004     5    18   231  2000  2107     9   124     1   190     1
 53725 10735  3735  2004     5    24   231  1648  1714     6   149     1   223    16
 53725 10735  3735  2004     6    16   231  1254  1302     9   108     1   269    16
 53740 10914  3756  2004     7     3   231  1542  1559   180   141    15   279    15
 53806 10539  3634  2004     4    25   231  1122  1237   120   128    15   211    15
 53810 10554  3659  2004     3     4   231  1717  1830    80   151    16   218    16
 53810 10554  3659  2004     3     9   231  1452  1530    70   157    16   219    16
 53810 10554  3659  2004     4    25   231  1117  1222   120   154    16   235    16
 53868 11130  3604  2004     6    21   231  1735  1737   110   107    15   215    15
 54012 11736  4435  2004     3    27   231  1816  2000     4   180     8 32744 32744
 54012 11736  4435  2004     3    28   231  2000  2352     4   173     6 32744 32744
 54012 11736  4435  2004     5    18   231  1606  1843   250   130     5 32744 32744
 54026 12054  4434  2004     3    10   231  1132  1520     7   167     4 32744 32744
 54026 12054  4434  2004     5     5   231  1416  1441    50   180     3 32744 32744
 54041 12304  4447  2004     3    10   231   954  1627     5   153     4 32744 32744
 54041 12304  4447  2004     4    28   231  1516  2000     8   160     9 32744 32744
 54041 12304  4447  2004     4    29   231  2000  2035     8   133     8 32744 32744
 54041 12304  4447  2004     5     1   231  1830  1845   120   133     8 32744 32744
 54041 12304  4447  2004     5     8   231   918  1656     3   180     9 32744 32744
 54063 12600  4458  2004     5     8   231  1108  1617     2   210     7 32744 32744
 54102 11604  4357  2004     3    27   231  1515  2000     0   197     6 32744 32744
 54102 11604  4357  2004     3    28   231  2000  2110     0   203     7 32744 32744
 54102 11604  4357  2004     5    18   231  1655  1735    40   167     4 32744 32744
 54134 12117  4336  2004     5    18   231  1640  1644   140   160     5 32744 32744
 54135 12216  4336  2004     5     8   231  1327  1542     9   180     9 32744 32744
 54142 12332  4330  2004     5     8   231  1339  1817     8   210     8 32744 32744
 54208 11628  4211  2004     3    27   231  1805  1840    70   160    10 32744 32744
 54333 12250  4159  2004     3    10   231  1201  1706     3   108    15   178    15
 54337 12107  4108  2004     5    19   231  1815  1820    60   127    16   233    16
 55578  8853  2915  2004     3    25   231  1826  1828   180    97    12 32744 32744
 55664  8705  2838  2004     1    18   231  1523  1530   400 32744 32744 32744 32744
 55696  9228  2825  2004     1    20   231  1535  1545   400   123    15   198    15
 55696  9228  2825  2004     2    27   231  1506  1542   400   134    14   223    15
 55696  9228  2825  2004     3    22   231  1328  1336   400   144    13   242    13
 56004  9226  3413  2004     1    15   231  1442  1510    70   172 32744   257 32744
 56004  9226  3413  2004     2    25   231  1340  1715     7   158 32744   230 32744
 56038  9806  3259  2004     4    22   231  1735  1756   200   117    14   183    14
 56046  9939  3345  2004     3    20   231  1540  1715     8   147 32744   239 32744
 56065 10136  3444  2004     3     2   231  1408  1624    80   176 32744   268 32744
 56065 10136  3444  2004     3     4   231  1805  1927    80   158 32744   251 32744
