 50425 12011  5015  1994     4    26   231  1310  1331    30   120     8 32744 32744
 50514 11726  4934  1994     4    21   231  1209  1240   200   200    10 32744 32744
 50527 11945  4913  1994     4    26   231   820  1210   120 32744 32744 32744 32744
 50603 11649  4840  1994     4    21   231  1105  1217   280   190    11 32744 32744
 50618 11816  4813  1994     4    21   231  1351  1502     9   137    11 32744 32744
 50618 11816  4813  1994     4    26   231   736  1001     9   153    10 32744 32744
 50915 11658  4531  1994     4    21   231  1041  1128   200   140    10 32744 32744
 50915 11658  4531  1994     4    27   231  1714  1717   300   130    13 32744 32744
 50915 11658  4531  1994     5     9   231  1640  1649   300   140     1 32744 32744
 51133  8300  4644  1994     4    27   231  1205  1209   180    89    10   140    10
 51241  8336  4556  1994    10    23   231  1605  1612   150 32744 32744 32744 32744
 51288  9032  4522  1994    11     7   231  1858  1902   250 32744 32744 32744 32744
 51346  8440  4426  1994     4     1   231  1954  2000     7    80    13 32744 32744
 51346  8440  4426  1994     4     2   231  2000  2035   200   100    12 32744 32744
 51346  8440  4426  1994     5    27   231  1648  1705   400    83    12 32744 32744
 51346  8440  4426  1994    11     7   231  1619  1710   400    92    12   140    12
 51495  9138  4329  1994     7     1   231  1715  1731   400 32744 32744 32744 32744
 51526  8813  4214  1994     5    21   231  1959  2000     8    90    15 32744 32744
 51526  8813  4214  1994     5    22   231  2000  2004   200   150    16 32744 32744
 51526  8813  4214  1994     7    27   231  1935  2000     7   120    14 32744 32744
 51526  8813  4214  1994     7    28   231  2000  2016   300   120    15 32744 32744
 51542  8409  4302  1994    11     7   231  1612  1635   150   157    15 32744 32744
 51567  8634  4205  1994     2    18   231  1725  2000     8   110    15 32744 32744
 51567  8634  4205  1994     2    19   231  2000  2131   120   110    14 32744 32744
 51573  8912  4256  1994     4    11   231   116   205     8    80     4 32744 32744
 51573  8912  4256  1994     5    18   231  1602  1629    90    83    14 32744 32744
 51628  8014  4110  1994     4     6   231  1045  1058     7   112    14   183    16
 51628  8014  4110  1994     4     6   231  1609  2000     7   112    14   183    16
 51628  8014  4110  1994     4     7   231  2000  2035    15   129    14   213    14
 51642  8415  4147  1994     2    18   231  1729  1815   120 32744 32744 32744 32744
 51642  8415  4147  1994     4    26   231  1315  1316   200 32744 32744 32744 32744
 51642  8415  4147  1994     4    29   231  1803  1809   300 32744 32744 32744 32744
 51644  8304  4143  1994     6    25   231  1010  1025   200   100    16 32744 32744
 51644  8304  4143  1994     9     1   231  2033  2056   100   100    15 32744 32744
 51709  7559  3928  1994     4     6   231   350   358    80   109    15   181    16
 51709  7559  3928  1994     4    17   231  2052  2059    40    91    16   165     1
 51709  7559  3928  1994     4    30   231  2025  2040    80   120    16   200    15
 51709  7559  3928  1994     5     9   231  1923  2000     8    84    13   146    13
 51709  7559  3928  1994     5    10   231  2000  2143    70   107    12   210    13
 51709  7559  3928  1994     6    28   231  2010  2110    60    81     5   146     6
 51709  7559  3928  1994     9     6   231  1816  1841   100    98    16   175     1
 51711  7827  4056  1994     2    17   231  1715  1940    20   110    12 32744 32744
 51711  7827  4056  1994     2    18   231  1435  1437   250   100    14 32744 32744
 51711  7827  4056  1994     4     1   231  1803  1808   400    93    13 32744 32744
 51716  7834  3948  1994     2    18   231  1639  1745    30    67    14 32744 32744
 51716  7834  3948  1994     2    21   231  1620  1825    30    67     3 32744 32744
 51716  7834  3948  1994     3    10   231  1722  2000     2    90    13 32744 32744
 51716  7834  3948  1994     3    11   231  2000  2125    18    87    13 32744 32744
 51716  7834  3948  1994     3    11   231  1916  1927    18    87    13 32744 32744
 51716  7834  3948  1994     3    12   231   947  1628     8    87     3 32744 32744
 51716  7834  3948  1994     3    22   231  1425  1637    50    73     4 32744 32744
 51716  7834  3948  1994     4     5   231  1505  1825    40    80     4 32744 32744
 51716  7834  3948  1994     4    29   231  1903  2000     2    87    15 32744 32744
 51716  7834  3948  1994     4    30   231  2000  2316    40    90    15 32744 32744
 51716  7834  3948  1994     5     1   231   120   540     6    90     3 32744 32744
 51716  7834  3948  1994     5     1   231   840  1038     6    90     3 32744 32744
 51716  7834  3948  1994     5    19   231  1145  1610     6   100     3 32744 32744
 51716  7834  3948  1994     6     5   231   714  1130     4   100     2 32744 32744
 51716  7834  3948  1994     6     9   231  1822  1920    20    77    16 32744 32744
 51720  7903  4030  1994     2    18   231  1714  1748    60 32744 32744 32744 32744
 51720  7903  4030  1994     3     4   231  1806  2000     2 32744 32744 32744 32744
 51720  7903  4030  1994     3     5   231  2000  2125     8 32744 32744 32744 32744
 51720  7903  4030  1994     3     5   231  1630  1702     8 32744 32744 32744 32744
 51720  7903  4030  1994     3    12   231  1104  1117     7 32744 32744 32744 32744
 51720  7903  4030  1994     4    15   231  1833  1851    80 32744 32744 32744 32744
 51720  7903  4030  1994     4    17   231  2120  2123   150 32744 32744 32744 32744
 51720  7903  4030  1994     4    17   231   311   333   150 32744 32744 32744 32744
 51720  7903  4030  1994     4    29   231  1915  1943    20 32744 32744 32744 32744
 51720  7903  4030  1994     6    24   231  1907  1912   300 32744 32744 32744 32744
 51720  7903  4030  1994     7     6   231  1830  1836   250 32744 32744 32744 32744
 51720  7903  4030  1994     7    13   231  1537  1543   200 32744 32744 32744 32744
 51720  7903  4030  1994     7    23   231  1923  1934    90 32744 32744 32744 32744
 51720  7903  4030  1994     7    25   231  2005  2008   450 32744 32744 32744 32744
 51720  7903  4030  1994     9    12   231  1821  1834   150 32744 32744 32744 32744
 51720  7903  4030  1994     9    15   231  2009  2017    80 32744 32744 32744 32744
 51730  8103  4030  1994     4     7   231  2026  2158    10 32744 32744 32744 32744
 51730  8103  4030  1994     4    17   231  2045  2146   150 32744 32744 32744 32744
 51730  8103  4030  1994     4    18   231  2107  2155    80 32744 32744 32744 32744
 51730  8103  4030  1994     4    18   231  1838  1850    80 32744 32744 32744 32744
 51730  8103  4030  1994     4    30   231  2120  2141    30 32744 32744 32744 32744
 51730  8103  4030  1994     6     1   231  2045  2320    10 32744 32744 32744 32744
 51730  8103  4030  1994     6    10   231  2055  2120   120 32744 32744 32744 32744
 51730  8103  4030  1994    10     7   231  1846  1859    80 32744 32744 32744 32744
 51765  8742  4038  1994     4     5   231  1350  2000     3 32744 32744 32744 32744
 51765  8742  4038  1994     4     6   231  2000  2100     8 32744 32744 32744 32744
 51765  8742  4038  1994     4     6   231  1948  2000     8 32744 32744 32744 32744
 51765  8742  4038  1994     4     7   231  2000    34     4 32744 32744 32744 32744
 51765  8742  4038  1994     4    30   231  2108   217     4 32744 32744 32744 32744
 51765  8742  4038  1994     4    30   231  1011  1030     4 32744 32744 32744 32744
 51765  8742  4038  1994     5     9   231  1910  1927    20 32744 32744 32744 32744
 51765  8742  4038  1994     5    10   231   944  1035    30 32744 32744 32744 32744
 51765  8742  4038  1994     6     4   231  1905  1908    15 32744 32744 32744 32744
 51765  8742  4038  1994     6    29   231  1930  1935    20 32744 32744 32744 32744
 51765  8742  4038  1994     9     1   231  1535  1615    80 32744 32744 32744 32744
 51765  8742  4038  1994    12     8   231  2214  2339    50 32744 32744 32744 32744
 51777  8810  3902  1994     1    15   231  1416  1621    60   122     3   210     3
 51777  8810  3902  1994     2     5   231  1132  1502     9   110     4   179    11
 51777  8810  3902  1994     3    21   231  1728  2000     9   108     3   185     4
 51777  8810  3902  1994     3    22   231  2000  2012   150    93     3   152     4
 51777  8810  3902  1994     4     5   231   746  1423     8   141     3   213     4
 51777  8810  3902  1994     4     5   231  1731  2000     8   141     3   213     4
 51777  8810  3902  1994     4     6   231  2000  2058     1   128     3   213     3
 51777  8810  3902  1994     4     6   231  1327  2000     1   128     3   213     3
 51777  8810  3902  1994     4     7   231  2000   227     4   149     3   246 32744
 51777  8810  3902  1994     4    30   231  2335   615     1   151 32744   154     3
 51777  8810  3902  1994     4    30   231  1248  2000     1   151 32744   154     3
 51777  8810  3902  1994     5     1   231  2000   307     2 32744 32744   256     3
 51777  8810  3902  1994     5     9   231  1329  2000     3   147 32744   271 32744
 51777  8810  3902  1994     5    10   231  2000  2310    15   141     3   223 32744
 51777  8810  3902  1994     5    19   231  2324   115    40   141     4   240     4
 51777  8810  3902  1994     6    17   231  1306  1314   110   118    11   188    13
 51811  7716  3826  1994     4     6   231  2006  1710     1 32744 32744 32744 32744
 51811  7716  3826  1994     4    29   231   628  1409     2 32744 32744 32744 32744
 51811  7716  3826  1994     4    29   231  1740  2000     2 32744 32744 32744 32744
 51811  7716  3826  1994     4    30   231  2000  2030     8 32744 32744 32744 32744
 51811  7716  3826  1994     4    30   231  1115  1524     8 32744 32744 32744 32744
 51811  7716  3826  1994     5     1   231  1535  1905     7 32744 32744 32744 32744
 51811  7716  3826  1994     5    10   231  2040    30     5 32744 32744 32744 32744
 51811  7716  3826  1994     5    10   231  1250  1635     5 32744 32744 32744 32744
 51811  7716  3826  1994     5    20   231  2245    25    10 32744 32744 32744 32744
 51811  7716  3826  1994     6    11   231  1820  2000     5 32744 32744 32744 32744
 51811  7716  3826  1994     6    12   231  2000  2122   100 32744 32744 32744 32744
 51811  7716  3826  1994     6    27   231  1915  2000     9 32744 32744 32744 32744
 51811  7716  3826  1994     6    28   231  2000  2015    50 32744 32744 32744 32744
 51811  7716  3826  1994     9     7   231  2120  2302    40 32744 32744 32744 32744
 51818  7817  3737  1994     3    19   231  2240  2258    60    77    11 32744 32744
 51818  7817  3737  1994     4     4   231  1145  1240    40    90    15 32744 32744
 51818  7817  3737  1994     4     6   231  2250  2346     6    80    13 32744 32744
 51818  7817  3737  1994     4     6   231  1346  1745     6    80    13 32744 32744
 51818  7817  3737  1994     4    23   231  1838  1847    60    63    10 32744 32744
 51818  7817  3737  1994     5    10   231  2326    35     4    80    12 32744 32744
 51818  7817  3737  1994     5    10   231  1911  2000     4    80    12 32744 32744
 51818  7817  3737  1994     5    11   231  2000  2206    70    83    11 32744 32744
 51818  7817  3737  1994     5    20   231   105   155     7    47    14 32744 32744
 51818  7817  3737  1994     6     9   231  2220  2231    90    53    11 32744 32744
 51818  7817  3737  1994     6    11   231  1940  2000     8    53    14 32744 32744
 51818  7817  3737  1994     6    12   231  2000  2155    60    63    15 32744 32744
 51818  7817  3737  1994     6    12   231  1717  1805    60    63    15 32744 32744
 51818  7817  3737  1994     6    15   231  2116  2134    50    50    10 32744 32744
 51818  7817  3737  1994     6    20   231   416   440    50    53    14 32744 32744
 51818  7817  3737  1994     6    26   231  1932  1947     8    40     1 32744 32744
 51818  7817  3737  1994     6    27   231    13    24     6    90     1 32744 32744
 51818  7817  3737  1994     6    27   231  1901  2000     6    90     1 32744 32744
 51818  7817  3737  1994     6    28   231  2000  2020    50    53     4 32744 32744
 51818  7817  3737  1994     7    12   231   141   235     7    50    14 32744 32744
 51818  7817  3737  1994     7    14   231  1546  1549    70    37    15 32744 32744
 51828  7956  3708  1994     3    19   231   115   151     8    70    11   119    11
 51828  7956  3708  1994     4     5   231  1310  1537     6    68    13   129    13
 51828  7956  3708  1994     4     6   231   238   518     4    75    14   142    14
 51828  7956  3708  1994     4     6   231  1140  2000     4    75    14   142    14
 51828  7956  3708  1994     4     7   231  2000  2325    12    81    13   144    13
 51828  7956  3708  1994     4     7   231    15   144    12    81    13   144    13
 51828  7956  3708  1994     4    17   231   505   640    20    68    13   125    12
 51828  7956  3708  1994     5    11   231  2014    20    30    84    12   135    12
 51828  7956  3708  1994     6     1   231   140   310     9    80    11   148    13
 51828  7956  3708  1994     6    12   231  2216  2306    15    63    14   125    13
 51828  7956  3708  1994     6    13   231  1920  2000     9    90     9   144     9
 51828  7956  3708  1994     6    14   231  2000  2036    80    91     9   144     9
 51828  7956  3708  1994     6    20   231   916  1020    12    65    12   117    12
 51828  7956  3708  1994     6    25   231   302   340    60    65    13   123    13
 51828  7956  3708  1994     7    12   231   517   621    40    58    13   121    13
 51839  8243  3704  1994     4     5   231  1740  2000     9    70    13 32744 32744
 51839  8243  3704  1994     4     6   231  2000  2010     2    67    12 32744 32744
 51839  8243  3704  1994     4     6   231   815  2000     2    67    12 32744 32744
 51839  8243  3704  1994     4     7   231  2000  1147     6    83    11 32744 32744
 51839  8243  3704  1994     4    17   231  1537  1812    13    67    12 32744 32744
 51839  8243  3704  1994     4    18   231  2224   242     6   100    12 32744 32744
 51839  8243  3704  1994     4    29   231  1310  1727     7    70    12 32744 32744
 51839  8243  3704  1994     4    30   231  1218  2000     3    87    12 32744 32744
 51839  8243  3704  1994     5     1   231  2000  2110     7    63    12 32744 32744
 51839  8243  3704  1994     5     1   231    52   225     7    63    12 32744 32744
 51839  8243  3704  1994     5     8   231  1911  1959     7    67     3 32744 32744
 51839  8243  3704  1994     5     9   231  2316   237     6    70     3 32744 32744
 51839  8243  3704  1994     5    10   231   746   825     4    60    11 32744 32744
 51839  8243  3704  1994     5    11   231     6   817     6    67    13 32744 32744
 51839  8243  3704  1994     5    19   231  1516  2000     8    70     2 32744 32744
 51839  8243  3704  1994     5    20   231  2000  2130     6    47     3 32744 32744
 51839  8243  3704  1994     5    21   231   810   907     8    77    12 32744 32744
 51839  8243  3704  1994     6    10   231   923  1126    15    80    13 32744 32744
 51839  8243  3704  1994     6    12   231   717  1012     4    70    11 32744 32744
 51839  8243  3704  1994     6    14   231  2256  2320    40    80    12 32744 32744
 51839  8243  3704  1994     6    25   231   719  1635     4    90    13 32744 32744
 51839  8243  3704  1994     6    25   231  1940  2000     4    90    13 32744 32744
 51839  8243  3704  1994     6    26   231  2000  2118    10    60     2 32744 32744
 51839  8243  3704  1994     7     4   231  1130  1428     8    67    11 32744 32744
 51839  8243  3704  1994     7    12   231   811  1518     9    80    12 32744 32744
 51839  8243  3704  1994     7    14   231  1920  2000     7    50    12 32744 32744
 51839  8243  3704  1994     7    15   231  2000  2249     7    73     9 32744 32744
 51839  8243  3704  1994     8     9   231  1821  2000     6    70     2 32744 32744
 51839  8243  3704  1994     8    10   231  2000  2250    12    60     3 32744 32744
 51839  8243  3704  1994     9    14   231  1420  1535    20    67    12 32744 32744
 51839  8243  3704  1994    11    26   231   614   920     2    87    12 32744 32744
 51848  8339  3756  1994     3    12   231  1222  1818     5    80     4 32744 32744
 51848  8339  3756  1994     3    19   231  1214  1444    15    73    13 32744 32744
 51848  8339  3756  1994     4    18   231   210   420    35   100     1 32744 32744
 51848  8339  3756  1994     5    19   231  1234  2000     2    70     3 32744 32744
 51848  8339  3756  1994     5    20   231  2000  2040    10    67     4 32744 32744
 51848  8339  3756  1994     5    24   231  1150  1931     6    67     4 32744 32744
 51848  8339  3756  1994     6    13   231   216   330    15    53    11 32744 32744
 51848  8339  3756  1994     6    27   231  1603  1832    70    77    16 32744 32744
 51848  8339  3756  1994     7    15   231  2144    25    15    87    16 32744 32744
 51848  8339  3756  1994     8     9   231  2228  2323     8    90     2 32744 32744
 51848  8339  3756  1994     8     9   231  1610  2000     8    90     2 32744 32744
 51848  8339  3756  1994     8    10   231  2000  2202    30    80     2 32744 32744
 51848  8339  3756  1994     8    17   231  1850  1920     7    80     1 32744 32744
 51848  8339  3756  1994     9     7   231   702   847     8    70     2 32744 32744
 51855  8533  3809  1994     3    12   231  1212  1337    12 32744 32744 32744 32744
 51855  8533  3809  1994     3    19   231  1540  1548   120 32744 32744 32744 32744
 51855  8533  3809  1994     4     5   231  1504  1524    10 32744 32744 32744 32744
 51855  8533  3809  1994     4     7   231  1425  1720    12 32744 32744 32744 32744
 51855  8533  3809  1994     4    30   231  1852  2000     5 32744 32744 32744 32744
 51855  8533  3809  1994     5     1   231  2000  2156    30 32744 32744 32744 32744
 51855  8533  3809  1994     5     9   231  1525  1920     6 32744 32744 32744 32744
 51855  8533  3809  1994     5    11   231   920  1405     6 32744 32744 32744 32744
 51855  8533  3809  1994     6    17   231   932  1028   120 32744 32744 32744 32744
 51855  8533  3809  1994     8     9   231  1904  1925    12 32744 32744 32744 32744
 51855  8533  3809  1994    10     8   231  2119  2308    60 32744 32744 32744 32744
 51886  9051  3815  1994     2     6   231  1747  1749   320   170    14 32744 32744
 51886  9051  3815  1994     2    19   231  1601  1729   120   200    16 32744 32744
 51886  9051  3815  1994     3     1   231  1516  1517   200   143    14 32744 32744
 51886  9051  3815  1994     3     5   231  1454  1503   230   160    15 32744 32744
 51886  9051  3815  1994     3     6   231  1505  1658   240   180    14 32744 32744
 51886  9051  3815  1994     3    11   231  2018  2036   180   180    14 32744 32744
 51886  9051  3815  1994     3    11   231  1507  1604   180   180    14 32744 32744
 51886  9051  3815  1994     3    12   231  1215  1831     5   240    14 32744 32744
 51886  9051  3815  1994     6    22   231  1335  1357     4   200    16 32744 32744
 51886  9051  3815  1994     6    30   231  1354  1657     9   157    16 32744 32744
 51886  9051  3815  1994     7     5   231  1642  1646   280   200    14 32744 32744
 51931  8139  3651  1994     4    18   231  2141  2355    50    97    14 32744 32744
 51931  8139  3651  1994     4    30   231    32   123    20    83    15 32744 32744
 51931  8139  3651  1994     5     9   231   215   310    15    47     4 32744 32744
 51931  8139  3651  1994     6    14   231  2109  2119   120    60    15 32744 32744
 51931  8139  3651  1994     6    17   231  1209  1246    30    80    10 32744 32744
 51931  8139  3651  1994     6    28   231  2212  2234   120    57     1 32744 32744
 51931  8139  3651  1994     7    14   231  1838  1903    13    70    15 32744 32744
 52101  9300  4336  1994    11     8   231  2144  2240   300 32744 32744 32744 32744
 52267 10104  4157  1994     3     6   231  1140  1210   200   127    16 32744 32744
 52267 10104  4157  1994     4     6   231  1420  2000     8   117     5 32744 32744
 52267 10104  4157  1994     4     7   231  2000  2000     1   140     5 32744 32744
 52267 10104  4157  1994     4     8   231  2000    35    15    80     6 32744 32744
 52267 10104  4157  1994     4    30   231  1620  1910    30   150    14 32744 32744
 52267 10104  4157  1994     6    22   231  1510  1520     9   120    12 32744 32744
 52267 10104  4157  1994     6    22   231  1942  1956     9   120    12 32744 32744
 52267 10104  4157  1994     8     5   231  1717  1725   300   123    13 32744 32744
 52313  9440  4132  1994     4     7   231   711  2000     3 32744 32744 32744 32744
 52313  9440  4132  1994     4     8   231  2000   638     4 32744 32744 32744 32744
 52323  9702  4148  1994     4     7   231   920  2000     3   130     4 32744 32744
 52323  9702  4148  1994     4     8   231  2000   758     6   110     6 32744 32744
 52323  9702  4148  1994     4    30   231  1210  1535    30   180     1 32744 32744
 52378 10222  4122  1994     2     7   231  1146  1225    30   160    13 32744 32744
 52378 10222  4122  1994     3     6   231  1234  1510    15   137    14 32744 32744
 52378 10222  4122  1994     4     6   231  1217  2000     1   260     4 32744 32744
 52378 10222  4122  1994     4     7   231  2000  2000     1   270     5 32744 32744
 52378 10222  4122  1994     4     8   231  2000  1054     2   220     4 32744 32744
 52378 10222  4122  1994     4    28   231  1230  1704     5   190    13 32744 32744
 52378 10222  4122  1994     4    30   231  1804  2000     7   160    14 32744 32744
 52378 10222  4122  1994     5     1   231  2000   516     4   150    13 32744 32744
 52378 10222  4122  1994     5    15   231  1207  1936     9   160    14 32744 32744
 52378 10222  4122  1994     5    16   231  2145   235     8   180     5 32744 32744
 52378 10222  4122  1994     6    19   231  2237   506     7   190    11 32744 32744
 52378 10222  4122  1994     6    22   231  1646  1802   200   190    13 32744 32744
 52378 10222  4122  1994     7     9   231   210   245   120   190    13 32744 32744
 52378 10222  4122  1994     8    18   231  1522  1651   120   170    16 32744 32744
 52378 10222  4122  1994     9     3   231  1622  1808    80   140    14 32744 32744
 52378 10222  4122  1994     9     8   231   942  1630    40   160    14 32744 32744
 52378 10222  4122  1994    11     5   231  1252  1302    40   150    14 32744 32744
 52378 10222  4122  1994    11     8   231  1040  1250    30   180    13 32744 32744
 52418  9441  4009  1994     3     4   231  1138  1210    90   113    12 32744 32744
 52418  9441  4009  1994     4     5   231  1831  1930    70   123     4 32744 32744
 52418  9441  4009  1994     4     6   231   842  1140    19   160    12 32744 32744
 52418  9441  4009  1994     4     7   231   704  1335     2   107     4 32744 32744
 52418  9441  4009  1994     5    10   231  1806  1915    13    97    13 32744 32744
 52418  9441  4009  1994     5    18   231  1926  2000     7    87    16 32744 32744
 52418  9441  4009  1994     5    19   231  2000  2040    90    97     4 32744 32744
 52418  9441  4009  1994     7    20   231  1923  2000     9    70    16 32744 32744
 52418  9441  4009  1994     7    21   231  2000  2002   200    70    16 32744 32744
 52418  9441  4009  1994     9     7   231  1934  2000     7    73    16 32744 32744
 52418  9441  4009  1994     9     8   231  2000  2310   120    57    15 32744 32744
 52424  9546  4032  1994     1    27   231  1228  1725     9   137     4 32744 32744
 52424  9546  4032  1994     4     7   231   709  2000     1   117     5 32744 32744
 52424  9546  4032  1994     4     8   231  2000  1030     4   100     5 32744 32744
 52436  9702  4016  1994     2     6   231  1214  1246    80   120    14 32744 32744
 52436  9702  4016  1994     3     2   231  1538  1548   200   140    14 32744 32744
 52436  9702  4016  1994     3     4   231  1505  1607   150   120    13 32744 32744
 52436  9702  4016  1994     3    20   231  1830  1835   120   130    14 32744 32744
 52436  9702  4016  1994     4     7   231   805  2000     1    90     4 32744 32744
 52436  9702  4016  1994     4     8   231  2000  2008     3    53     4 32744 32744
 52436  9702  4016  1994     7    15   231  1943  2000     9    80     5 32744 32744
 52436  9702  4016  1994     7    16   231  2000  2025   150    77    14 32744 32744
 52446  9931  4018  1994     1     7   231  1436  1536    40   120    12 32744 32744
 52446  9931  4018  1994     4     7   231  2220  2238     1    93     3 32744 32744
 52446  9931  4018  1994     4     7   231   720  2000     1    93     3 32744 32744
 52446  9931  4018  1994     4     8   231  2000   220     3    90     4 32744 32744
 52447  9854  4000  1994     2     6   231  1553  1612    90    90    14 32744 32744
 52447  9854  4000  1994     3     2   231  1742  1904    60   123    15 32744 32744
 52447  9854  4000  1994     6    22   231  2013  2057   400   127    12 32744 32744
 52495 10448  4010  1994     2     7   231  1109  1724     4   200    14 32744 32744
 52495 10448  4010  1994     2    12   231  1121  1327    60   133     5 32744 32744
 52495 10448  4010  1994     2    19   231   929  1021   150   170    14 32744 32744
 52495 10448  4010  1994     2    21   231  1529  1533    80   163    15 32744 32744
 52495 10448  4010  1994     4     6   231  1240  1315    60   140     5 32744 32744
 52495 10448  4010  1994     4     7   231   940  1556     2   120     6 32744 32744
 52495 10448  4010  1994     4     8   231  1316  1658     6   160     5 32744 32744
 52495 10448  4010  1994     4    28   231  1541  1920   120   150    13 32744 32744
 52533  9829  3946  1994     3     2   231  1826  1843    18    87    15 32744 32744
 52546  9950  3922  1994     4    30   231  1845  1911    40    90     1 32744 32744
 52546  9950  3922  1994     9     1   231  1906  1932    40    77    14 32744 32744
 52576 10141  3913  1994     7     5   231  1630  1710   300   120    14 32744 32744
 52602  9320  3845  1994     3    12   231  1415  1552   300   190    15 32744 32744
 52602  9320  3845  1994     5     2   231  1716  1757   120   177    15 32744 32744
 52602  9320  3845  1994     6     6   231  1753  1804   250   153     1 32744 32744
 52602  9320  3845  1994     6     9   231  1449  1449   250    90    13 32744 32744
 52602  9320  3845  1994     6    18   231  1901  1913   300   190    15 32744 32744
 52602  9320  3845  1994     6    21   231  1542  1604   480   160    15 32744 32744
 52602  9320  3845  1994     6    29   231  1405  1653   350   187    13 32744 32744
 52602  9320  3845  1994     7    21   231  1604  1608   180   110    14 32744 32744
 52633  9825  3848  1994     1    22   231  1514  1519   400   150    12 32744 32744
 52633  9825  3848  1994     3     6   231  1506  1521   300   150    12 32744 32744
 52633  9825  3848  1994     3     7   231  1302  1516     6   170    14 32744 32744
 52633  9825  3848  1994     3    14   231  1533  1535   400   137    14 32744 32744
 52652 10026  3856  1994     2     6   231  1002  1038    80   123    14 32744 32744
 52652 10026  3856  1994     9     1   231  1957  2000     8   130    15 32744 32744
 52652 10026  3856  1994     9     2   231  2000  2023   120   133    15 32744 32744
 52661 10105  3848  1994     2     6   231  1112  1315    18   107    12 32744 32744
 52661 10105  3848  1994     4     7   231  1545  1656     4    70    13 32744 32744
 52679 10240  3755  1994     2     6   231  1512  1535    80    90     1 32744 32744
 52679 10240  3755  1994     2    21   231  1324  1437     9    87     1 32744 32744
 52679 10240  3755  1994     3     6   231  1252  1340    18   103    16 32744 32744
 52681 10305  3838  1994     2     7   231  1419  1444    15   157    14 32744 32744
 52681 10305  3838  1994     3     6   231  1205  1228    30   147    15 32744 32744
 52681 10305  3838  1994     3    21   231  1707  1720   150   140    14 32744 32744
 52681 10305  3838  1994     4     6   231  1142  1640     7   140     6 32744 32744
 52681 10305  3838  1994     4     7   231  1602  2000     4   100     3 32744 32744
 52681 10305  3838  1994     4     8   231  2000  2232    70    73     4 32744 32744
 52681 10305  3838  1994     4    10   231  1714  1735    20    97    14 32744 32744
 52681 10305  3838  1994     5    16   231  1935  2000     8   110    16 32744 32744
 52681 10305  3838  1994     5    17   231  2000  2015   300    87     2 32744 32744
 52681 10305  3838  1994     5    19   231   215   221   150   107    15 32744 32744
 52681 10305  3838  1994     6    22   231  1822  1837   250   110    14 32744 32744
 52681 10305  3838  1994     7     5   231  1917  2000     4   110    15 32744 32744
 52681 10305  3838  1994     7     6   231  2000  2003   280   103    16 32744 32744
 52681 10305  3838  1994     8    15   231  1741  1744   280    77     4 32744 32744
 52707  9341  3648  1994     2     9   231  1230  1351     9   150    14 32744 32744
 52707  9341  3648  1994     5     1   231  2247  2320    80   140    14 32744 32744
 52707  9341  3648  1994     5    21   231   925   933   150   150    12 32744 32744
 52707  9341  3648  1994     7    10   231  2018  2122   250   110    14 32744 32744
 52737  9722  3722  1994     3     7   231  1340  1341   180    80    12 32744 32744
 52737  9722  3722  1994     3    12   231  1255  1256   200   120    12 32744 32744
 52754 10008  3720  1994     1    12   231  1432  1434   200   130    13 32744 32744
 52754 10008  3720  1994     1    26   231  1510  1621   200   143    13 32744 32744
 52754 10008  3720  1994     2     7   231  1315  1358     6   140    15 32744 32744
 52754 10008  3720  1994     3     7   231  1230  1531     6   153    13 32744 32744
 52754 10008  3720  1994     3     9   231  1215  1540     8   153    13 32744 32744
 52754 10008  3720  1994     3    11   231  1330  1354     7   150    15 32744 32744
 52754 10008  3720  1994     3    12   231  1420  1537   200   157    14 32744 32744
 52754 10008  3720  1994     3    21   231  1347  1425     8   140    14 32744 32744
 52754 10008  3720  1994     3    22   231  2105  2235   150   177 32744 32744 32744
 52754 10008  3720  1994     4    11   231  1702  1705   150   130     2 32744 32744
 52754 10008  3720  1994     5     2   231  1117  1227   150   163    14 32744 32744
 52754 10008  3720  1994     6     1   231  1925  1930   150   153    16 32744 32744
 52754 10008  3720  1994    10    18   231  1249  1440     9   160    15 32744 32744
 52754 10008  3720  1994    12    14   231  1601  1613   300   120    13 32744 32744
 52754 10008  3720  1994    12    18   231  1312  1535   150   140    13 32744 32744
 52754 10008  3720  1994    12    19   231  1128  1505     9   160    13 32744 32744
 52754 10008  3720  1994    12    26   231  1505  1624   200   127    13 32744 32744
 52765 10137  3723  1994     2    19   231  1508  1510   300   143    13 32744 32744
 52765 10137  3723  1994     4     7   231  1524  1532   230   100     3 32744 32744
 52818  9454  3625  1994     3    19   231   930  1126    90   130    14 32744 32744
 52818  9454  3625  1994     5     2   231  2201  2208   110   130    15 32744 32744
 52818  9454  3625  1994     5    10   231  1507  1625    80   127     4 32744 32744
 52818  9454  3625  1994     5    11   231  2326     4    40   149    13 32744 32744
 52818  9454  3625  1994     6     8   231  1424  1429   200    97    14 32744 32744
 52818  9454  3625  1994     6    12   231  1802  1805   300    83    14 32744 32744
 52818  9454  3625  1994     7    26   231  2354    15    70   137    12 32744 32744
 52836  9806  3618  1994     2    19   231  1628  1709   150   100    13 32744 32744
 52836  9806  3618  1994     3    21   231  1332  1848     7   127    14 32744 32744
 52836  9806  3618  1994     5    21   231  1749  1818   200    87    13 32744 32744
 52836  9806  3618  1994     6    13   231  1640  1643   400   120    14 32744 32744
 52842  9905  3647  1994     1    26   231  1357  1359     8   160    15 32744 32744
 52842  9905  3647  1994     1    26   231  1733  1735     8   160    15 32744 32744
 52842  9905  3647  1994     2     7   231  1457  1618   100   163    13 32744 32744
 52842  9905  3647  1994     3     7   231  1614  1614   200   160    13 32744 32744
 52842  9905  3647  1994     3     9   231  1248  1427     4   170 32744 32744 32744
 52842  9905  3647  1994     3    11   231  1435  1547   150   170    15 32744 32744
 52842  9905  3647  1994     3    21   231  1309  1620    40   173    13 32744 32744
 52842  9905  3647  1994    10    18   231  1442  1530    50   180 32744 32744 32744
 52842  9905  3647  1994    12    18   231  1334  1418   120   163    13 32744 32744
 52856 10037  3616  1994    12    18   231  1204  1208   150   183    14 32744 32744
 52866 10146  3637  1994     4    11   231  2018  2336    40    67     8 32744 32744
 52908  9305  3513  1994     1    28   231  1541  1615    90   217    13 32744 32744
 52908  9305  3513  1994     2    19   231  1409  1425   120   220    13 32744 32744
 52908  9305  3513  1994     2    21   231  1559  1625    90   230    13 32744 32744
 52908  9305  3513  1994     3     6   231  1401  1523    90   257    13 32744 32744
 52908  9305  3513  1994     3    19   231  1555  1718   250   210    14 32744 32744
 52908  9305  3513  1994     5     2   231  1514  1519   300   240    12 32744 32744
 52908  9305  3513  1994     6     9   231  1603  1603   300   140    13 32744 32744
 52908  9305  3513  1994    11    24   231  1550  1604   300   230    13 32744 32744
 52943  9959  3535  1994     1     4   231  1457  1651   400   170    12 32744 32744
 52943  9959  3535  1994     1    15   231  1130  1554   200   190    12 32744 32744
 52943  9959  3535  1994     1    22   231  1409  1621   400   150    14 32744 32744
 52943  9959  3535  1994     2     6   231  1722  1741   400   150    12 32744 32744
 52943  9959  3535  1994     2    13   231  1305  1536     7   160    12 32744 32744
 52943  9959  3535  1994     2    16   231  1437  1438   500   130    14 32744 32744
 52943  9959  3535  1994     2    17   231  1500  1701   400   150    12 32744 32744
 52943  9959  3535  1994     2    19   231  1439  1504   400   140    13 32744 32744
 52943  9959  3535  1994     2    21   231  1421  1607   200   157    13 32744 32744
 52943  9959  3535  1994     3     7   231  1304  1555   350   150    14 32744 32744
 52943  9959  3535  1994     3     9   231  1113  1810     8   140    13 32744 32744
 52943  9959  3535  1994     3    10   231  1426  1455   400   123    13 32744 32744
 52943  9959  3535  1994     3    11   231  1236  1417     8   130    15 32744 32744
 52943  9959  3535  1994     3    12   231  1345  1712     7   160    13 32744 32744
 52943  9959  3535  1994     3    13   231  1109  1232   150   160    12 32744 32744
 52943  9959  3535  1994     3    14   231  1340  1712     7   170    14 32744 32744
 52943  9959  3535  1994     3    21   231  1236  1732   250   147    14 32744 32744
 52943  9959  3535  1994     4     7   231  1350  1351     8   120    15 32744 32744
 52943  9959  3535  1994     4    14   231  1524  1548   400   137    14 32744 32744
 52943  9959  3535  1994     5     1   231  1719  1721   500   130    12 32744 32744
 52943  9959  3535  1994     5     2   231  1224  1611     6   217    15 32744 32744
 52943  9959  3535  1994    12     9   231  1456  1533   300   147    13 32744 32744
 52943  9959  3535  1994    12    18   231  1408  1659   450   140    14 32744 32744
 52957 10039  3516  1994     1    15   231  1316  1348     8   177    13 32744 32744
 52957 10039  3516  1994     3     9   231  1416  1421    70   170    14 32744 32744
 53068 11158  4339  1994     5    25   231  1730  1755   300   237    16 32744 32744
 53068 11158  4339  1994     5    27   231  1524  1705   300   200    14 32744 32744
 53083 11409  4437  1994     4    22   231  1415  1524    40   140    14 32744 32744
 53083 11409  4437  1994     5    20   231  1412  1806    80   210    14 32744 32744
 53149 11008  4232  1994     2     7   231  1318  1354     8   223    12 32744 32744
 53149 11008  4232  1994     5     8   231  1954  1957     8   180    13 32744 32744
 53149 11008  4232  1994     5    25   231  1530  1639   500   220    15 32744 32744
 53231 10624  4124  1994     2     7   231  1138  1535     8   183    13 32744 32744
 53231 10624  4124  1994     2    12   231   950  1258   100   163     7 32744 32744
 53231 10624  4124  1994     2    19   231  1304  1857     9   150    12 32744 32744
 53231 10624  4124  1994     3    20   231  1213  1337    15   163    14 32744 32744
 53231 10624  4124  1994     4     7   231  1110  2000     5   210     3 32744 32744
 53231 10624  4124  1994     4     8   231  2000  2345     9   200     7 32744 32744
 53231 10624  4124  1994     4     8   231  1536  2000     9   200     7 32744 32744
 53231 10624  4124  1994     4     9   231  2000  2313   200   200     7 32744 32744
 53231 10624  4124  1994     4    25   231  1513  1906    80   150    14 32744 32744
 53231 10624  4124  1994     4    30   231  1747  2000     7   170     3 32744 32744
 53231 10624  4124  1994     5     1   231  2000  2337    80   170     3 32744 32744
 53231 10624  4124  1994     5     1   231   915  1230    80   170     3 32744 32744
 53231 10624  4124  1994     7    21   231  1825  1835   200   147    13 32744 32744
 53231 10624  4124  1994     9     8   231  1423  1858    20   160    12 32744 32744
 53231 10624  4124  1994    11     8   231  1315  1929     6   187    13 32744 32744
 53276 11254  4224  1994     2     7   231  1506  2000     8   157    13   221    14
 53276 11254  4224  1994     2     8   231  2000  2020    15   157    13   202    14
 53276 11254  4224  1994     4     3   231  1408  1635    80   151    13   231    12
 53276 11254  4224  1994     4    17   231  1556  1601   200   135    13   200    13
 53276 11254  4224  1994     4    19   231  1409  1411   180   115     8   219     6
 53276 11254  4224  1994     4    21   231  1615  1622    80   156    13   227    13
 53276 11254  4224  1994     4    25   231  1234  1520    60   136    13   235    14
 53276 11254  4224  1994     5     1   231  1142  1313    40   140     2   177     3
 53276 11254  4224  1994     5    20   231   948  1025    40   163    13   225 32744
 53276 11254  4224  1994     5    25   231  1720  1952     9   167    14   229    11
 53276 11254  4224  1994     5    27   231  1746  1838   110   148    14   225    13
 53276 11254  4224  1994     7     3   231  1748  1753   140   156    13   231    14
 53463 11141  4049  1994    12     1   231  2302  2310   300   117    15 32744 32744
 53502 10545  3947  1994     4     7   231   540  2000     5   143     3 32744 32744
 53502 10545  3947  1994     4     8   231  2000  2120    20   140     5 32744 32744
 53502 10545  3947  1994     4     8   231  1259  1312    20   140     5 32744 32744
 53529 10759  3906  1994     1     5   231  1132  1440     8   160    14 32744 32744
 53529 10759  3906  1994     1    25   231  1334  1416     8   137    16 32744 32744
 53529 10759  3906  1994     2     7   231  1350  1605     9   160    14 32744 32744
 53529 10759  3906  1994     3     6   231  1751  1902    70   120     1 32744 32744
 53529 10759  3906  1994     3     7   231  2351   224     4   120    16 32744 32744
 53529 10759  3906  1994     5     1   231  1210  1420     8   117    16 32744 32744
 53529 10759  3906  1994     5     3   231  1618  1630   200   137    14 32744 32744
 53529 10759  3906  1994     7    23   231  1744  1750   280    70     1 32744 32744
 53529 10759  3906  1994     9    27   231  1610  1618   280   117    16 32744 32744
 53543 10959  3950  1994     2     7   231  1617  1915    18   120    14 32744 32744
 53543 10959  3950  1994     6    25   231  1426  1436   300   157    13 32744 32744
 53545 10944  3934  1994     1     5   231  1355  1535     8   200    14 32744 32744
 53545 10944  3934  1994     3    20   231  1524  1633   150   130    14 32744 32744
 53545 10944  3934  1994     3    23   231   815   831    30   143    16 32744 32744
 53602 10540  3850  1994     5    10   231  2021  2059   200   103     3 32744 32744
 53602 10540  3850  1994     6    10   231  1427  1436   300   163    16 32744 32744
 53602 10540  3850  1994     6    21   231  1855  1859   150   113    16 32744 32744
 53602 10540  3850  1994     8     7   231  1816  1835   200   140    16 32744 32744
 53615 10642  3848  1994     1    25   231  1135  1227   200   154     1   210     1
 53723 10724  3747  1994     1     5   231  1105  1544     4   117    13   181    13
 53723 10724  3747  1994     1    25   231  1344  1630     7    99    16   150    16
 53723 10724  3747  1994     2     7   231  1552  1915    18   119    13   190    13
 53723 10724  3747  1994     2    19   231  1732  1840    90    86     1   146     2
 53723 10724  3747  1994     3     3   231   947  1658     6   116    13   192    13
 53723 10724  3747  1994     3     5   231  1710  1821    80    79    12   125     1
 53723 10724  3747  1994     3     6   231  1851  2000     4    98     1   202     1
 53723 10724  3747  1994     3     7   231  2000    33    15   106    16   179    16
 53723 10724  3747  1994     3    17   231  1437  1634    12   102    14   158    14
 53723 10724  3747  1994     5     1   231   604  2000     2   123    13 32744 32744
 53723 10724  3747  1994     5     2   231  2000   343     4   103     1 32744 32744
 53723 10724  3747  1994     5     3   231  1418  1424    80   110    14 32744 32744
 53723 10724  3747  1994     5     9   231   344   613   150   120    15 32744 32744
 53723 10724  3747  1994     5    10   231  2311     6   120    93    16 32744 32744
 53723 10724  3747  1994     5    11   231   926  1440     9   120     9 32744 32744
 53723 10724  3747  1994     5    13   231  1648  1719   250   107    14 32744 32744
 53723 10724  3747  1994     5    19   231  1528  2000     9   100     2 32744 32744
 53723 10724  3747  1994     5    20   231  2000  2012   120    60     2 32744 32744
 53723 10724  3747  1994     5    23   231  1139  1225    90    97    16 32744 32744
 53723 10724  3747  1994     6    10   231  1704  1716   200   141    16   233    16
 53723 10724  3747  1994     6    25   231  1253  1605   120   117    14   219    13
 53725 10735  3735  1994     1     5   231  1207  1642     7   143    13   202    12
 53725 10735  3735  1994     1    25   231  1407  1724    60   114    16   167     1
 53725 10735  3735  1994     2     7   231  1419  1715    30   126    13   185    13
 53725 10735  3735  1994     2    19   231  1610  1643    60   113    16   156     1
 53725 10735  3735  1994     3     3   231   943  1623     6   140    12 32744 32744
 53725 10735  3735  1994     3     6   231  1929  2000     8   130     1 32744 32744
 53725 10735  3735  1994     3     7   231  2000  2039   100   110    16 32744 32744
 53725 10735  3735  1994     5     3   231  1430  1501    70   137    15 32744 32744
 53725 10735  3735  1994     5    10   231  2312  2334   180   150     2 32744 32744
 53725 10735  3735  1994     5    11   231   924  1334    30   140     8 32744 32744
 53725 10735  3735  1994     5    13   231  1706  1818    90   103    14 32744 32744
 53725 10735  3735  1994     5    19   231  1443  1514    40   120    16 32744 32744
 53725 10735  3735  1994     6    21   231  1603  1626   200   167    13 32744 32744
 53754 11013  3730  1994     3    23   231  1141  1442     7   170    15 32744 32744
 53810 10554  3659  1994     3     6   231  1553  1720   120   140    16   213    16
 53810 10554  3659  1994     5     1   231   653  1632     8   108    16   185    16
 53810 10554  3659  1994     5    19   231   953  1403     8   111    16   173    16
 53810 10554  3659  1994     7    21   231  1753  1804   200    97    14   175    12
 53821 10718  3635  1994     1     5   231  1327  1358     8    90    16 32744 32744
 54218 11858  4216  1994     6     2   231  1828  1844   250   130    12 32744 32744
 54606 11544  3814  1994     2     8   231   924  1005   110   103    15 32744 32744
 54623 11743  3900  1994     4    22   231  1823  1841    60   160    15 32744 32744
 54623 11743  3900  1994     9    21   231  1520  1525   120   157    14 32744 32744
 54623 11743  3900  1994     9    28   231  1802  1830   100   123    13 32744 32744
 54624 11721  3822  1994     5    28   231  1655  1712   130   153     5 32744 32744
 54808 11535  3602  1994     3    23   231  1506  1615   130   155     1   233     1
 54836 11809  3611  1994     2     8   231  1620  1705    60   116    13   190    14
 55228  8005  3230  1994     4     6   231  1309  1810   600 32744 32744 32744 32744
 55228  8005  3230  1994     4     7   231  1541  1548   600 32744 32744 32744 32744
 55228  8005  3230  1994    12     8   231  1437  1643   650 32744 32744 32744 32744
 55228  8005  3230  1994    12     9   231  1309  1311   700 32744 32744 32744 32744
 55248  8425  3209  1994     2     5   231  1804  1805   450 32744 32744 32744 32744
 55248  8425  3209  1994     2    20   231  1706  1718   200 32744 32744 32744 32744
 55248  8425  3209  1994     2    26   231  1740  1756   380 32744 32744 32744 32744
 55248  8425  3209  1994     2    27   231  2019  2048    90 32744 32744 32744 32744
 55248  8425  3209  1994     3    10   231  1611  1641   210 32744 32744 32744 32744
 55248  8425  3209  1994     3    15   231  1740  1758   400 32744 32744 32744 32744
 55248  8425  3209  1994     6     4   231  1705  1708   450 32744 32744 32744 32744
 55248  8425  3209  1994    12     7   231  1620  1634   500 32744 32744 32744 32744
 55248  8425  3209  1994    12    15   231  1334  1413     8 32744 32744 32744 32744
 55279  9001  3123  1994    12    15   231  1423  1552   350   260    13 32744 32744
 55294  9106  3221  1994     1    21   231  1337  1352     9   137    12 32744 32744
 55294  9106  3221  1994     3     1   231  1426  1428   300    60    13 32744 32744
 55472  8838  3057  1994     1    18   231  1249  1320   120 32744 32744 32744 32744
 55472  8838  3057  1994     2    24   231  1216  1237    80 32744 32744 32744 32744
 55569  8736  2905  1994     2    22   231  1417  1624   280 32744 32744 32744 32744
 55569  8736  2905  1994     3     6   231  1452  1458   400 32744 32744 32744 32744
 55569  8736  2905  1994    12    14   231  1701  1704   400 32744 32744 32744 32744
 55569  8736  2905  1994    12    15   231  1721  1725   300 32744 32744 32744 32744
 55591  9108  2940  1994     5     7   231  1330  1340   150    83    15 32744 32744
 55664  8705  2838  1994     1    30   231  1404  1430    80 32744 32744 32744 32744
 55664  8705  2838  1994     2     5   231  1444  1549   400 32744 32744 32744 32744
 55664  8705  2838  1994     2    18   231  1520  1520   300 32744 32744 32744 32744
 55664  8705  2838  1994     2    22   231  2357   245     8 32744 32744 32744 32744
 55664  8705  2838  1994     2    22   231  1409  1550     8 32744 32744 32744 32744
 55664  8705  2838  1994     3     7   231  1444  1507   400 32744 32744 32744 32744
 55664  8705  2838  1994     3    15   231  1736  1815   300 32744 32744 32744 32744
 55664  8705  2838  1994     4    12   231  1551  1555   400 32744 32744 32744 32744
 55664  8705  2838  1994     4    18   231  1540  1540   300 32744 32744 32744 32744
 55664  8705  2838  1994    12    11   231  1748  1751   380 32744 32744 32744 32744
 55680  8936  2855  1994     2    24   231  1310  1329   180 32744 32744 32744 32744
 56004  9226  3413  1994     1    11   231  1430  1432   300   213    12 32744 32744
 56004  9226  3413  1994     1    25   231  1439  1516   400   167    13 32744 32744
 56004  9226  3413  1994     2    20   231  1517  1531   250   197    13 32744 32744
 56004  9226  3413  1994     2    22   231  1458  1502   250   207    13 32744 32744
 56004  9226  3413  1994     5    12   231  1510  1512   250   147    13 32744 32744
 56004  9226  3413  1994    10    16   231  1622  1622   300   170    12 32744 32744
 56004  9226  3413  1994    12    15   231  1330  1358     8   223    12 32744 32744
 56004  9226  3413  1994    12    28   231  1652  1654   350   240    12 32744 32744
 56018  9518  3254  1994    12    13   231  1613  1617   350    33    12 32744 32744
 56018  9518  3254  1994    12    15   231  1517  1537   300    23    13 32744 32744
 56018  9518  3254  1994    12    28   231  1405  1751    80    80    13 32744 32744
 56033  9813  3455  1994     1     4   231  1320  1515     1   173    13 32744 32744
 56033  9813  3455  1994     2    21   231  1455  1502    60   180    13 32744 32744
 56033  9813  3455  1994    12    12   231  1547  1554   300   157    13 32744 32744
 56041  9912  3416  1994     1     4   231  1453  1520   300   243    14 32744 32744
 56041  9912  3416  1994    12    28   231  1514  1521   400   180    14 32744 32744
 56046  9939  3345  1994     1    11   231  1441  1444   250   160    14 32744 32744
 56065 10136  3444  1994     3     7   231  1403  1415   350   117    14 32744 32744
 56065 10136  3444  1994     3    21   231  1056  1110   150   160    14 32744 32744
 56065 10136  3444  1994     4    10   231  1618  1624     1   150    14 32744 32744
 56079 10258  3335  1994     1     4   231  1736  1802   500 32744 32744 32744 32744
 58040 11907  3450  1994     5    10   231  1706  1714    60   120     1 32744 32744
