 50514 11726  4934  1993     5     6   231   941  1012    90   200    11 32744 32744
 50618 11816  4813  1993     6     4   231  1441  1530   150   130     8 32744 32744
 50853 12658  4637  1993     5    10   231  1703  1718   200   167    10 32744 32744
 50853 12658  4637  1993     5    16   231  1329  1537     9   170     8 32744 32744
 50854 12519  4623  1993     4    21   231  1641  1905   120   130    11 32744 32744
 50936 12250  4538  1993     4    21   231  1245  1421     8   127    12 32744 32744
 51133  8300  4644  1993    10    27   231  1647  1735   250   107     6 32744 32744
 51232  8235  4511  1993     5     8   231  1430  1439   150   330    16 32744 32744
 51243  8451  4537  1993     2     4   231  1930  1943   150   276    15   390    15
 51334  8254  4437  1993     5     9   231  2305    35     8   100    16 32744 32744
 51346  8440  4426  1993     5     8   231  1921  1950     8    70    13 32744 32744
 51346  8440  4426  1993     5    17   231  1537  1544   200    57    13 32744 32744
 51346  8440  4426  1993     7    22   231  2219  2230   300   110    13 32744 32744
 51356  8603  4419  1993     5    17   231  1628  1711   150   130     1 32744 32744
 51495  9138  4329  1993     5     9   231  1728  1732    80 32744 32744 32744 32744
 51495  9138  4329  1993     5    18   231  1938  1938   200 32744 32744 32744 32744
 51495  9138  4329  1993     7     5   231  2104  2110   300 32744 32744 32744 32744
 51567  8634  4205  1993     4    19   231  1534  1542   200   100    11 32744 32744
 51567  8634  4205  1993     5     9   231  1836  1915    30    87    15 32744 32744
 51628  8014  4110  1993     4    26   231   813   844    80   119    12   213    12
 51642  8415  4147  1993     3    31   231  1746  1748    10 32744 32744 32744 32744
 51642  8415  4147  1993     8    27   231  2004  2019   300 32744 32744 32744 32744
 51644  8304  4143  1993     7    30   231  2140  2215   200   110    16 32744 32744
 51644  8304  4143  1993    10    26   231   902   913   100    90    16 32744 32744
 51705  7515  3943  1993    10    25   231  1832  1834   500   230    13 32744 32744
 51711  7827  4056  1993     3    31   231  1040  1115   200   127    12 32744 32744
 51711  7827  4056  1993     4    17   231  2333  2347   200   150    12 32744 32744
 51711  7827  4056  1993     6    21   231  1747  1937   200   123    13 32744 32744
 51711  7827  4056  1993     8     6   231  1805  1815   400   103    13 32744 32744
 51711  7827  4056  1993     9    28   231  1641  1751   250   100    12 32744 32744
 51711  7827  4056  1993    10    25   231  1736  1759   400   110    13 32744 32744
 51716  7834  3948  1993     4     1   231  2011  2108    70   110    14 32744 32744
 51716  7834  3948  1993     5     4   231  2125  2215    90    70     2 32744 32744
 51716  7834  3948  1993     5    19   231   932  1020     6    50     4 32744 32744
 51716  7834  3948  1993     6    14   231  1901  1910    90    97    16 32744 32744
 51716  7834  3948  1993    10    26   231  2010  2148   120   110    16 32744 32744
 51720  7903  4030  1993     3    31   231  1303  1704    20 32744 32744 32744 32744
 51720  7903  4030  1993     4    17   231  1753  1801   120 32744 32744 32744 32744
 51720  7903  4030  1993     4    30   231  2134  2212     5 32744 32744 32744 32744
 51720  7903  4030  1993     4    30   231  1205  1401     5 32744 32744 32744 32744
 51720  7903  4030  1993     5     3   231  1958  2000    40 32744 32744 32744 32744
 51720  7903  4030  1993     5     4   231  2000  2109   200 32744 32744 32744 32744
 51720  7903  4030  1993     5    10   231  1736  1742   120 32744 32744 32744 32744
 51720  7903  4030  1993     6    14   231  2117  2128   250 32744 32744 32744 32744
 51720  7903  4030  1993     6    14   231  1648  1703   250 32744 32744 32744 32744
 51720  7903  4030  1993     7    17   231  1915  1920   300 32744 32744 32744 32744
 51720  7903  4030  1993     8     7   231  1915  1920   200 32744 32744 32744 32744
 51720  7903  4030  1993    10    26   231  2019  2032   150 32744 32744 32744 32744
 51730  8103  4030  1993     4     1   231  1841  1907    20 32744 32744 32744 32744
 51730  8103  4030  1993     7    21   231  1856  2000     6 32744 32744 32744 32744
 51730  8103  4030  1993     7    22   231  2000  2012    80 32744 32744 32744 32744
 51765  8742  4038  1993     3    14   231  1115  2000     1 32744 32744 32744 32744
 51765  8742  4038  1993     3    15   231  2000  1243     6 32744 32744 32744 32744
 51765  8742  4038  1993     3    25   231  1054  1341    14 32744 32744 32744 32744
 51765  8742  4038  1993     3    31   231  1537  2000     8 32744 32744 32744 32744
 51765  8742  4038  1993     4     1   231  2000  2130    60 32744 32744 32744 32744
 51765  8742  4038  1993     5     5   231  1823  1930    40 32744 32744 32744 32744
 51765  8742  4038  1993     6     9   231   148   210     4 32744 32744 32744 32744
 51765  8742  4038  1993     6    22   231   925   959   300 32744 32744 32744 32744
 51765  8742  4038  1993     7    15   231  2108  2142   300 32744 32744 32744 32744
 51765  8742  4038  1993    11    16   231  1325  1430     8 32744 32744 32744 32744
 51777  8810  3902  1993     3    13   231  1630  1725    10    88    13   131    13
 51777  8810  3902  1993     3    14   231  1227  2000     1   149     4   246     3
 51777  8810  3902  1993     3    15   231  2000  2330    20   112    11   169 32744
 51777  8810  3902  1993     3    17   231  1540  1824    20    97     4   146     3
 51777  8810  3902  1993     5     5   231  1736  1813    70   149     4   231     5
 51777  8810  3902  1993     5    10   231   304  1634     4   149     4   248     3
 51777  8810  3902  1993     5    18   231  1304  2000     4 32744 32744   210     4
 51777  8810  3902  1993     5    19   231  2000  2232    70   123     4   198     4
 51777  8810  3902  1993     6     8   231  1929  1944    20   146    11   217    11
 51777  8810  3902  1993     8    20   231  1002  1210    30 32744 32744   177    11
 51811  7716  3826  1993     3    14   231  1825  2000     4 32744 32744 32744 32744
 51811  7716  3826  1993     3    15   231  2000  2240    30 32744 32744 32744 32744
 51811  7716  3826  1993     5    26   231  1310  1440     7 32744 32744 32744 32744
 51811  7716  3826  1993     6    23   231  1842  2000     8 32744 32744 32744 32744
 51811  7716  3826  1993     6    24   231  2000  2037    60 32744 32744 32744 32744
 51811  7716  3826  1993     8    25   231  2028  2153    60 32744 32744 32744 32744
 51818  7817  3737  1993     3    13   231  1608  2000     8    70     5 32744 32744
 51818  7817  3737  1993     3    14   231  2000  2024    80    57    15 32744 32744
 51818  7817  3737  1993     3    15   231  2110  2135    70    67    15 32744 32744
 51818  7817  3737  1993     4    26   231   218   330    70    53    13 32744 32744
 51818  7817  3737  1993     4    28   231  1914  2000     7    60    14 32744 32744
 51818  7817  3737  1993     4    29   231  2000  2034    60    50    15 32744 32744
 51818  7817  3737  1993     5    19   231  2103  2120     5    70    10 32744 32744
 51818  7817  3737  1993     5    26   231  1625  1806    80    80    15 32744 32744
 51818  7817  3737  1993     5    30   231   140   153     8    90    10 32744 32744
 51818  7817  3737  1993     6     8   231   122   156     8    63    16 32744 32744
 51818  7817  3737  1993     6    23   231  1911  2000     8    70    15 32744 32744
 51818  7817  3737  1993     6    24   231  2000  2240    80    90    14 32744 32744
 51818  7817  3737  1993     7    19   231  2242  2302    90    83    11 32744 32744
 51818  7817  3737  1993     7    19   231   525   615    90    83    11 32744 32744
 51818  7817  3737  1993     8    10   231   216   308    80    70    15 32744 32744
 51818  7817  3737  1993     8    25   231  2141  2245    80    80    13 32744 32744
 51828  7956  3708  1993     2    14   231   125   240     8    60    14 32744 32744
 51828  7956  3708  1993     3    13   231  1020  1131     8    90     5 32744 32744
 51828  7956  3708  1993     3    13   231  1723  2000     8    90     5 32744 32744
 51828  7956  3708  1993     3    14   231  2000  2106    20    70    14 32744 32744
 51828  7956  3708  1993     3    15   231    19   243     7    73    13 32744 32744
 51828  7956  3708  1993     4    26   231   325   715    20    70    13 32744 32744
 51828  7956  3708  1993     4    29   231    15   120     9    53    14 32744 32744
 51828  7956  3708  1993     5     9   231  1409  1427    10    50    14 32744 32744
 51828  7956  3708  1993     5    26   231  1646  2000     7    80    14 32744 32744
 51828  7956  3708  1993     5    27   231  2000  2038    70    60    13 32744 32744
 51828  7956  3708  1993     5    30   231  2224  2242    50    60    10 32744 32744
 51828  7956  3708  1993     6     1   231  2219  2341    80    73    14 32744 32744
 51828  7956  3708  1993     6     5   231  2129  2226    80    80     9 32744 32744
 51828  7956  3708  1993     6    14   231    25   116    25    70    13 32744 32744
 51828  7956  3708  1993     6    16   231  2140    43    30    63    13 32744 32744
 51828  7956  3708  1993     6    24   231  2216   712     2   110    12 32744 32744
 51828  7956  3708  1993     7    16   231  2111  2218    40    80    14 32744 32744
 51828  7956  3708  1993     8    10   231   454   905     6    63    13 32744 32744
 51828  7956  3708  1993     8    25   231    48   236     7    60    14 32744 32744
 51839  8243  3704  1993     2    14   231   510   718    30    90    12 32744 32744
 51839  8243  3704  1993     3     6   231   918  1427     9    80    12 32744 32744
 51839  8243  3704  1993     3    14   231   723  1928     5   120    12 32744 32744
 51839  8243  3704  1993     3    15   231   735  1535     7    73    12 32744 32744
 51839  8243  3704  1993     4    26   231   604  1650     3   103    12 32744 32744
 51839  8243  3704  1993     5     3   231  1842  2000     3   100    16 32744 32744
 51839  8243  3704  1993     5     4   231  2000  2016    20    47    16 32744 32744
 51839  8243  3704  1993     5     9   231  1715  1739    12    77    14 32744 32744
 51839  8243  3704  1993     5    18   231  1103  1314    25    80    12 32744 32744
 51839  8243  3704  1993     5    27   231  2018   421     4   143    12 32744 32744
 51839  8243  3704  1993     6     1   231  2317   718     6    93    12 32744 32744
 51839  8243  3704  1993     6    14   231   814  1114    10    70    14 32744 32744
 51839  8243  3704  1993     6    16   231   310   832     7    80    12 32744 32744
 51839  8243  3704  1993     6    19   231  2210   112    15    77     6 32744 32744
 51839  8243  3704  1993     6    24   231   628  2000     4   100    12 32744 32744
 51839  8243  3704  1993     6    25   231  2000  2035    50    90    12 32744 32744
 51839  8243  3704  1993     7     1   231  1120  1415     9    67    12 32744 32744
 51839  8243  3704  1993     7    10   231  1615  1935    35    83    11 32744 32744
 51839  8243  3704  1993     7    16   231   337   528    10    70    12 32744 32744
 51839  8243  3704  1993     7    23   231  1922  2000     7    60    13 32744 32744
 51839  8243  3704  1993     7    24   231  2000   537     4    80    12 32744 32744
 51839  8243  3704  1993     7    26   231  2034   225     8   100    12 32744 32744
 51839  8243  3704  1993     8     8   231  1820  2000     7    60    12 32744 32744
 51839  8243  3704  1993     8     9   231  2000  2135    50    70    11 32744 32744
 51839  8243  3704  1993     8    11   231  2026  2040    70    80    11 32744 32744
 51839  8243  3704  1993     8    19   231   930  2000     7    77    12 32744 32744
 51839  8243  3704  1993     8    20   231  2000  2032   200    63    13 32744 32744
 51839  8243  3704  1993     8    25   231   708  1338     7    70    13 32744 32744
 51848  8339  3756  1993     3    14   231   513   925     3    90     5 32744 32744
 51848  8339  3756  1993     3    14   231  1350  2000     3    90     5 32744 32744
 51848  8339  3756  1993     3    15   231  2000  2030    10    57    11 32744 32744
 51848  8339  3756  1993     4     1   231  2136  2343    13    80    15 32744 32744
 51848  8339  3756  1993     4    26   231  1217  1404     9    50    12 32744 32744
 51848  8339  3756  1993     4    30   231   945  1107    40    60     5 32744 32744
 51848  8339  3756  1993     5     3   231  1853  1951     9    80     1 32744 32744
 51848  8339  3756  1993     5    18   231  1907  1917     5    70     2 32744 32744
 51848  8339  3756  1993     5    19   231  2220  2230    10    70     1 32744 32744
 51848  8339  3756  1993     5    27   231     4   603     6    60    14 32744 32744
 51848  8339  3756  1993     6     1   231   355   429    50    63    14 32744 32744
 51848  8339  3756  1993     6     8   231   337   405    70    63    14 32744 32744
 51848  8339  3756  1993     6    24   231  1317  1421     8    57     4 32744 32744
 51848  8339  3756  1993     6    24   231  1738  2000     8    57     4 32744 32744
 51848  8339  3756  1993     6    25   231  2000   130    12    70    10 32744 32744
 51848  8339  3756  1993     7    22   231    30   232     8    73     1 32744 32744
 51848  8339  3756  1993     7    26   231    10   245     8    63    11 32744 32744
 51848  8339  3756  1993     8    19   231  1958  2000     8    30    13 32744 32744
 51848  8339  3756  1993     8    20   231  2000  2136    70    73    16 32744 32744
 51855  8533  3809  1993     3    13   231  1125  1148   150 32744 32744 32744 32744
 51855  8533  3809  1993     3    15   231  1105  1308    15 32744 32744 32744 32744
 51855  8533  3809  1993     5     5   231  1815  1918     7 32744 32744 32744 32744
 51855  8533  3809  1993     5    10   231   926  2000     2 32744 32744 32744 32744
 51855  8533  3809  1993     5    11   231  2000  2001     6 32744 32744 32744 32744
 51855  8533  3809  1993     5    19   231  2047   307     9 32744 32744 32744 32744
 51855  8533  3809  1993     5    27   231   327  1009     2 32744 32744 32744 32744
 51855  8533  3809  1993     6    10   231  1926  1940    15 32744 32744 32744 32744
 51855  8533  3809  1993     6    24   231  1743  2000     2 32744 32744 32744 32744
 51855  8533  3809  1993     6    25   231  2000   652     4 32744 32744 32744 32744
 51855  8533  3809  1993     7    19   231  1853  1924    10 32744 32744 32744 32744
 51855  8533  3809  1993     7    26   231   107   718     8 32744 32744 32744 32744
 51886  9051  3815  1993     1    27   231  1632  1744   260   210    14 32744 32744
 51886  9051  3815  1993     2     7   231  1223  1630   260   150    13 32744 32744
 51886  9051  3815  1993     3     4   231  1529  1820   230   223    14 32744 32744
 51886  9051  3815  1993     4     4   231  1452  1510    80   180    14 32744 32744
 51886  9051  3815  1993     4     6   231  1244  1814     9   210    14 32744 32744
 51886  9051  3815  1993     4    18   231  1642  1644   170   160    15 32744 32744
 51886  9051  3815  1993     4    27   231  1314  1337    20   250    14 32744 32744
 51886  9051  3815  1993     5     4   231  1807  1809   120   140    15 32744 32744
 51886  9051  3815  1993     5     5   231  1443  1908   200   180    14 32744 32744
 51886  9051  3815  1993     5     7   231  1420  1545   270   180    14 32744 32744
 51886  9051  3815  1993     7     5   231  1536  1545   280   187    13 32744 32744
 51886  9051  3815  1993    12     8   231  1449  1558   400   200    15 32744 32744
 51931  8139  3651  1993     3    13   231  1215  1425     8    73     9 32744 32744
 51931  8139  3651  1993     3    14   231  1609  1734    15    80    13 32744 32744
 51931  8139  3651  1993     3    15   231   323   505    20    87    14 32744 32744
 51931  8139  3651  1993     5    18   231   304   321     4    70    11 32744 32744
 51931  8139  3651  1993     5    18   231  1915  2000     4    70    11 32744 32744
 51931  8139  3651  1993     5    19   231  2000  2040    15    63    10 32744 32744
 51931  8139  3651  1993     5    26   231  1847  2000     2   123    14 32744 32744
 51931  8139  3651  1993     5    27   231  2000  2236    40   140    14 32744 32744
 51931  8139  3651  1993     6     1   231  2321   303     4   100    14 32744 32744
 51931  8139  3651  1993     6     7   231  1805  1848    60    70     9 32744 32744
 51931  8139  3651  1993     6     8   231  1325  1403     8    80    10 32744 32744
 51931  8139  3651  1993     6    16   231   110   344     6    70    14 32744 32744
 51931  8139  3651  1993     6    19   231    26   208     9    80     9 32744 32744
 51931  8139  3651  1993     6    24   231   142  1420     6    93    13 32744 32744
 51931  8139  3651  1993     8    19   231  1939  1958     8    60    11 32744 32744
 52267 10104  4157  1993     4    20   231  1406  1756    90   180    14 32744 32744
 52267 10104  4157  1993     4    22   231  1406  1408   150   133    14 32744 32744
 52267 10104  4157  1993     5     5   231  1104  1139   150   153    16 32744 32744
 52378 10222  4122  1993     2     5   231  1126  1742     6   183    13 32744 32744
 52378 10222  4122  1993     2    18   231     7   835     6   200     5 32744 32744
 52378 10222  4122  1993     2    18   231  1412  1637     6   200     5 32744 32744
 52378 10222  4122  1993     3    16   231   904  1302    70   190     5 32744 32744
 52378 10222  4122  1993     4    20   231  1415  2000     4   200    14 32744 32744
 52378 10222  4122  1993     4    21   231  2000  2019   150   130    15 32744 32744
 52378 10222  4122  1993     4    23   231  1002  1358     9   150    14 32744 32744
 52378 10222  4122  1993     4    27   231  1302  1620     6   160    14 32744 32744
 52378 10222  4122  1993     4    30   231  1917  2000     4   180    14 32744 32744
 52378 10222  4122  1993     5     1   231  2000  2110   250   160    14 32744 32744
 52378 10222  4122  1993     5     5   231  1245  1510     6   180    14 32744 32744
 52378 10222  4122  1993     5    19   231   530   641    40   170    13 32744 32744
 52378 10222  4122  1993     6    21   231  1640  1809    60   170    16 32744 32744
 52378 10222  4122  1993     7     7   231  1534  1541   200   133    13 32744 32744
 52378 10222  4122  1993     7    15   231  1627  1703   300   160    13 32744 32744
 52378 10222  4122  1993    12    24   231  1513  1607    70   133    12 32744 32744
 52418  9441  4009  1993     1    27   231  2105  2127    70   100    13 32744 32744
 52418  9441  4009  1993     3    13   231  1834  1935    18   130    12 32744 32744
 52424  9546  4032  1993     3    12   231  1111  1725     6   140     5 32744 32744
 52424  9546  4032  1993     3    13   231  1702  2000     9   110    11 32744 32744
 52424  9546  4032  1993     3    14   231  2000  2022   200    90     5 32744 32744
 52436  9702  4016  1993     3    14   231  2055  2304    30   133    13 32744 32744
 52436  9702  4016  1993     5    19   231  2109  2311    50   120    14 32744 32744
 52436  9702  4016  1993     5    23   231  1543  1549   250    87    14 32744 32744
 52436  9702  4016  1993    10    27   231  2021  2134    50   120    14 32744 32744
 52436  9702  4016  1993    12     5   231  1248  1320    15   150    13 32744 32744
 52446  9931  4018  1993     4     4   231  1521  1544    40   170    14 32744 32744
 52446  9931  4018  1993    11    12   231  1248  1618     8   110    12 32744 32744
 52446  9931  4018  1993    12    24   231  1215  1714     5   130    12 32744 32744
 52447  9854  4000  1993     2     5   231  1436  1542   150   110    13 32744 32744
 52447  9854  4000  1993     4     4   231  1545  1920    17   140    14 32744 32744
 52447  9854  4000  1993     4    20   231  1705  1745    90   120    15 32744 32744
 52447  9854  4000  1993     4    21   231  1612  1938    12   133    14 32744 32744
 52447  9854  4000  1993     4    22   231  1615  1657    60   117    14 32744 32744
 52447  9854  4000  1993     5     5   231  1610  1918    20   120    14 32744 32744
 52447  9854  4000  1993     6    12   231  1707  1713   500   117    14 32744 32744
 52447  9854  4000  1993     7     6   231  2140  2240   300   113    12 32744 32744
 52495 10448  4010  1993     2     5   231  1142  1913     6   187    15 32744 32744
 52495 10448  4010  1993     2    18   231   611  1706     4   170     6 32744 32744
 52495 10448  4010  1993     4     4   231  1528  1530   200   120    14 32744 32744
 52495 10448  4010  1993     4    20   231   736   958     7   220    15 32744 32744
 52495 10448  4010  1993     4    21   231  1502  1711   120   157    14 32744 32744
 52495 10448  4010  1993     4    22   231  1809  1911    60   153    15 32744 32744
 52495 10448  4010  1993     4    23   231   704  1334     7   160    14 32744 32744
 52495 10448  4010  1993     4    27   231  1424  1658   120   167    15 32744 32744
 52495 10448  4010  1993     5     3   231  1207  1639     5   197    15 32744 32744
 52495 10448  4010  1993     5     5   231  1639  2000     2   260    16 32744 32744
 52495 10448  4010  1993     5     6   231  2000  2215   120   193    15 32744 32744
 52495 10448  4010  1993     5    19   231   917  1257    30   180    14 32744 32744
 52495 10448  4010  1993     6    20   231   427   515   200   200    15 32744 32744
 52495 10448  4010  1993     7     7   231  1411  1414   200   160    15 32744 32744
 52495 10448  4010  1993     7     7   231  1823  1835   200   160    15 32744 32744
 52533  9829  3946  1993     5     5   231  1245  1315   120   160    14 32744 32744
 52533  9829  3946  1993     7     5   231  1930  1940    40   113    12 32744 32744
 52533  9829  3946  1993     7     6   231  2124  2210   200   193    12 32744 32744
 52546  9950  3922  1993     4    20   231  1648  1758    18   100    14 32744 32744
 52546  9950  3922  1993     4    21   231  1726  1810    16    63    15 32744 32744
 52546  9950  3922  1993     5     5   231  1343  1447     8   120    16 32744 32744
 52546  9950  3922  1993     5    29   231  1803  1834   110    97    13 32744 32744
 52546  9950  3922  1993     6    12   231  1823  1844   110    80     1 32744 32744
 52576 10141  3913  1993     4    22   231  2009  2031    70   133    14 32744 32744
 52576 10141  3913  1993     5     5   231  1442  1731    30   150    16 32744 32744
 52576 10141  3913  1993     6    20   231  2058  2220   200   130    14 32744 32744
 52576 10141  3913  1993     8    22   231  2008  2116   150   113    14 32744 32744
 52602  9323  3850  1993     6    12   231  1931  2000     1   283    15 32744 32744
 52602  9323  3850  1993     6    13   231  2000  2004   300   257    15 32744 32744
 52602  9323  3850  1993     7     5   231   335   350   250   203    13 32744 32744
 52602  9323  3850  1993     7     5   231  1317  1321   250   203    13 32744 32744
 52602  9323  3850  1993    10    26   231  1907  2000     6   200    15 32744 32744
 52602  9323  3850  1993    10    27   231  2000  2015   110   173    15 32744 32744
 52633  9825  3848  1993     2     5   231  1702  1715   120   133    14 32744 32744
 52633  9825  3848  1993     3     5   231  1456  1459   200   130    13 32744 32744
 52633  9825  3848  1993     4    29   231  1706  1714   300   183    14 32744 32744
 52633  9825  3848  1993     4    30   231  1712  2000     4   193    14 32744 32744
 52633  9825  3848  1993     5     1   231  2000  2014   400   170    14 32744 32744
 52633  9825  3848  1993     5     5   231  1604  1908   150   220    14 32744 32744
 52633  9825  3848  1993     5     6   231  2004  2124   100   170    14 32744 32744
 52633  9825  3848  1993     5     7   231  1603  1610   400   180    14 32744 32744
 52652 10026  3856  1993     2     5   231   818   931   110    80     1 32744 32744
 52652 10026  3856  1993     5     5   231  1404  1615    50   113    16 32744 32744
 52661 10105  3848  1993     5     5   231  1455  1708   150   140    13 32744 32744
 52674 10158  3814  1993     2     5   231  1119  1440     8   180    14 32744 32744
 52674 10158  3814  1993     5     5   231  1554  1920    40   180    14 32744 32744
 52679 10240  3755  1993     2     5   231  1040  1152    15    80     1 32744 32744
 52679 10240  3755  1993     5     5   231  1645  1840     5   133    16 32744 32744
 52679 10240  3755  1993     5    10   231   934  1035    40    80    16 32744 32744
 52681 10305  3838  1993     2     5   231  1128  1141    50   113    15 32744 32744
 52681 10305  3838  1993     4    21   231  2003  2018   200    20    14 32744 32744
 52681 10305  3838  1993     4    22   231  1430  1937    13    50    14 32744 32744
 52681 10305  3838  1993     5     5   231  1641  2000     4     0    15 32744 32744
 52681 10305  3838  1993     5     6   231  2000  2128   200    33    14 32744 32744
 52681 10305  3838  1993     5    10   231   855  1202   150    53    14 32744 32744
 52681 10305  3838  1993     5    19   231   410   641    90    53    15 32744 32744
 52681 10305  3838  1993     6    20   231   138   240     7    70    14 32744 32744
 52681 10305  3838  1993     7     5   231  1825  1930    18   187    13 32744 32744
 52681 10305  3838  1993     7     7   231  1525  1539    20   157    14 32744 32744
 52681 10305  3838  1993     8    28   231  1827  1903   120    43    14 32744 32744
 52681 10305  3838  1993     9    15   231  1823  1837   200    83    14 32744 32744
 52707  9341  3648  1993     3    13   231  1741  1934    50   130    16 32744 32744
 52707  9341  3648  1993     5    27   231  1705  1808    50   180    14 32744 32744
 52707  9341  3648  1993     6     2   231  2002  2010    30   160    16 32744 32744
 52707  9341  3648  1993     6    13   231  2126  2155    80   140    16 32744 32744
 52754 10008  3720  1993     2     6   231  1526  1530   250   143    15 32744 32744
 52754 10008  3720  1993     3     5   231  1240  1630     9   170    15 32744 32744
 52754 10008  3720  1993     3     9   231  1706  1710   150   137    13 32744 32744
 52754 10008  3720  1993     4     4   231  1603  1620   150   177    15 32744 32744
 52754 10008  3720  1993     4     6   231  1834  1836   200   140    15 32744 32744
 52754 10008  3720  1993     4    11   231  1302  1303   180   120    15 32744 32744
 52754 10008  3720  1993     4    20   231  1230  1440   120   133    15 32744 32744
 52754 10008  3720  1993     4    21   231  1625  1632   180   147    13 32744 32744
 52754 10008  3720  1993     4    28   231  1301  1615   150   193    15 32744 32744
 52754 10008  3720  1993     4    30   231  1742  1753   200   130    16 32744 32744
 52754 10008  3720  1993     5     3   231  1843  1910   150   143     2 32744 32744
 52754 10008  3720  1993     5     6   231  1252  1306   150   130    13 32744 32744
 52754 10008  3720  1993    11    15   231  1426  1621   200   157    13 32744 32744
 52754 10008  3720  1993    11    21   231  1350  1434     9   143    13 32744 32744
 52754 10008  3720  1993    11    26   231  1323  1410     9   180    13 32744 32744
 52754 10008  3720  1993    12    31   231  1610  1613   250   127    14 32744 32744
 52765 10137  3723  1993     4    27   231  1320  1329   150   117    14 32744 32744
 52797 10403  3711  1993     5     5   231  1827  2000     2   137    16 32744 32744
 52797 10403  3711  1993     5     6   231  2000  2136    60    80    16 32744 32744
 52818  9454  3625  1993     2    16   231   140   234     8   130    13 32744 32744
 52818  9454  3625  1993     3    26   231  1907  1913    70    87    13 32744 32744
 52818  9454  3625  1993     4     2   231  2326  2334    80   140    12 32744 32744
 52818  9454  3625  1993     5    10   231   507   534    50   133    14 32744 32744
 52818  9454  3625  1993     5    27   231  1910  2000     5   147    13 32744 32744
 52818  9454  3625  1993     5    28   231  2000  2019   120   130    13 32744 32744
 52818  9454  3625  1993     6     9   231  1530  1551   150   143    12 32744 32744
 52818  9454  3625  1993     6    25   231   940  1009   110   140    13 32744 32744
 52818  9454  3625  1993     7     5   231  1515  1520   150   120    12 32744 32744
 52818  9454  3625  1993     8     4   231   849   858   120   127    13 32744 32744
 52825  9625  3626  1993     3    13   231  1825  2000     7   130    13 32744 32744
 52825  9625  3626  1993     3    14   231  2000  2057   150   120    14 32744 32744
 52825  9625  3626  1993     5     8   231  2015  2023   250   157    15 32744 32744
 52836  9806  3618  1993     3     5   231  2321   155     9   100    13 32744 32744
 52836  9806  3618  1993     4    29   231  1918  1919   300    70    14 32744 32744
 52836  9806  3618  1993    10     3   231  2231  2235   250    70    16 32744 32744
 52842  9905  3647  1993     7     8   231  1412  1413   300   160    15 32744 32744
 52856 10037  3616  1993    12    24   231  1332  1335    20   220    14 32744 32744
 52895 10441  3634  1993     4    20   231  1225  1511     6    80     3 32744 32744
 52895 10441  3634  1993     5     5   231  1930  2000     2   103    14 32744 32744
 52895 10441  3634  1993     5     6   231  2000  2010    70    73    14 32744 32744
 52943  9959  3535  1993     2     4   231  1428  1428   500   113    15 32744 32744
 52943  9959  3535  1993     2     5   231  1417  1430   300   130    12 32744 32744
 52943  9959  3535  1993     2     6   231  1412  1412   200   150    14 32744 32744
 52943  9959  3535  1993     3     5   231  1424  1644   350   130    14 32744 32744
 52943  9959  3535  1993     3     6   231  1627  1641   300   140    12 32744 32744
 52943  9959  3535  1993     4     1   231  1501  1504   500   110    12 32744 32744
 52943  9959  3535  1993     4     3   231  1641  1643   200   120    14 32744 32744
 52943  9959  3535  1993     4     4   231  1440  1442   240   153    15 32744 32744
 52943  9959  3535  1993     4     7   231  1220  1613     6   177    14 32744 32744
 52943  9959  3535  1993     4     8   231  1411  1411   500   110    14 32744 32744
 52943  9959  3535  1993     4    20   231  1449  1451   150   160    15 32744 32744
 52943  9959  3535  1993     4    22   231  1408  1409   500   137    14 32744 32744
 52943  9959  3535  1993     5     5   231  1358  1402     8   160    12 32744 32744
 52943  9959  3535  1993     5     6   231  1342  1342   250   150    12 32744 32744
 52943  9959  3535  1993    11    25   231  1313  1452     7   187    14 32744 32744
 52943  9959  3535  1993    11    26   231  1334  1404   400   170    13 32744 32744
 52943  9959  3535  1993    12    19   231  1535  1536   500   140    14 32744 32744
 52943  9959  3535  1993    12    31   231  1444  1458   400   160    14 32744 32744
 52957 10039  3516  1993     4     3   231  1740  1745   300   150    11 32744 32744
 52957 10039  3516  1993     4     7   231  1109  1125   150   150    13 32744 32744
 52957 10039  3516  1993     4     7   231  1458  1502   150   150    13 32744 32744
 52986 10352  3522  1993     4    20   231  1705  1908    40    67     4 32744 32744
 52986 10352  3522  1993     5     6   231    35   120     6    77     4 32744 32744
 52986 10352  3522  1993     5     6   231   530   642     6    77     4 32744 32744
 53068 11158  4339  1993     3    30   231  1303  1724     6   190    14 32744 32744
 53068 11158  4339  1993     4    20   231  1231  1704     6   190    14 32744 32744
 53068 11158  4339  1993     4    21   231  1316  1736     7   170    14 32744 32744
 53068 11158  4339  1993     4    25   231  1345  2000     1   260    16 32744 32744
 53068 11158  4339  1993     4    26   231  2000  2124   300   207    16 32744 32744
 53068 11158  4339  1993     4    28   231  1708  1722   300   140     4 32744 32744
 53068 11158  4339  1993     5     6   231  2245  1832     6   227    14 32744 32744
 53068 11158  4339  1993     5    15   231  1433  1632    90   200    14 32744 32744
 53068 11158  4339  1993     5    17   231  1422  1427   150   130    12 32744 32744
 53068 11158  4339  1993     5    30   231  1502  1507     9 32744 32744 32744 32744
 53068 11158  4339  1993     5    30   231  1936  1952     9 32744 32744 32744 32744
 53149 11008  4232  1993     2     5   231  1425  1840    80   207    14 32744 32744
 53149 11008  4232  1993     2    20   231   809  1007   300   130    16 32744 32744
 53149 11008  4232  1993     3    30   231  1127  1754     3   233    13 32744 32744
 53149 11008  4232  1993     4    20   231  1923  2000     5   200    13 32744 32744
 53149 11008  4232  1993     4    21   231  2000  2129   130   190 32744 32744 32744
 53149 11008  4232  1993     4    25   231  1801  2000     8   200    13 32744 32744
 53149 11008  4232  1993     4    26   231  2000  2123   400   150     1 32744 32744
 53149 11008  4232  1993     4    28   231  1802  1823    90   177    13 32744 32744
 53149 11008  4232  1993     5     3   231  1512  2000     4   230    15 32744 32744
 53149 11008  4232  1993     5     4   231  2000  2018   400   200    16 32744 32744
 53149 11008  4232  1993     5     6   231  2041  2349   150   230    13 32744 32744
 53149 11008  4232  1993     5     6   231   925  1146   150   230    13 32744 32744
 53149 11008  4232  1993     5     6   231  1629  1650   150   230    13 32744 32744
 53149 11008  4232  1993     6    12   231  1950  2000     7   140    13 32744 32744
 53149 11008  4232  1993     6    13   231  2000  2041   400   190    13 32744 32744
 53192 11457  4401  1993     4    21   231  1417  1440    50   190    12 32744 32744
 53192 11457  4401  1993     4    25   231  1710  1930    60   180    12 32744 32744
 53195 11138  4352  1993     4    25   231  1705  1820   120   237    14 32744 32744
 53231 10624  4124  1993     2     5   231  1540  1710    15   160    12 32744 32744
 53231 10624  4124  1993     2    18   231   824  1730     4   247     8 32744 32744
 53231 10624  4124  1993     3    29   231  1620  2000     7   160    14 32744 32744
 53231 10624  4124  1993     3    30   231  2000  2135   120   170    14 32744 32744
 53231 10624  4124  1993     4    20   231   813  2000     5   183    13 32744 32744
 53231 10624  4124  1993     4    21   231  2000  2237   180   160    15 32744 32744
 53231 10624  4124  1993     4    23   231   705   940     4   170     5 32744 32744
 53231 10624  4124  1993     4    26   231  2150   200     8   150     5 32744 32744
 53231 10624  4124  1993     4    27   231  1838  2000     7   163    14 32744 32744
 53231 10624  4124  1993     4    28   231  2000  2035     8   177    15 32744 32744
 53231 10624  4124  1993     4    28   231  1135  1540     8   177    15 32744 32744
 53231 10624  4124  1993     5     3   231  1112  1530     4   203 32744 32744 32744
 53231 10624  4124  1993     5     5   231  1710  2000     4   217    15 32744 32744
 53231 10624  4124  1993     5     6   231  2000  2020     9   173 32744 32744 32744
 53231 10624  4124  1993     5     6   231   103   230     9   173 32744 32744 32744
 53231 10624  4124  1993     5    10   231  1230  1807    20   177     5 32744 32744
 53231 10624  4124  1993     5    19   231   730  1630     7   133    13 32744 32744
 53231 10624  4124  1993     5    30   231  1630  1920    50   157    14 32744 32744
 53231 10624  4124  1993     6     4   231  1340  1710     7   160    14 32744 32744
 53231 10624  4124  1993     6    20   231   525   635   120   190     4 32744 32744
 53231 10624  4124  1993     6    28   231  1527  1532   250   153     1 32744 32744
 53231 10624  4124  1993     7     1   231  1620  1640   300   140    15 32744 32744
 53231 10624  4124  1993    10     8   231  1005  1230   120   177    12 32744 32744
 53276 11254  4224  1993     2     5   231  1430  1803    11   164    12   235    13
 53276 11254  4224  1993     3    30   231  1309  1935     4   179    13   244    14
 53276 11254  4224  1993     4     5   231  1047  1210    25   186    13   263    13
 53276 11254  4224  1993     4    20   231  1430  1742    40   157    14   204    13
 53276 11254  4224  1993     4    21   231   131   538     6   167    13   227    13
 53276 11254  4224  1993     4    21   231  1428  1515     6   167    13   227    13
 53276 11254  4224  1993     4    25   231  1547  2000     0   182    14   263    14
 53276 11254  4224  1993     4    26   231  2000  2135   150   181    16   233    16
 53276 11254  4224  1993     4    28   231  1344  1539     6   150    15   208    15
 53276 11254  4224  1993     5     1   231  1304  1730     7   200    14   277    14
 53276 11254  4224  1993     5     3   231  1652  2000     6   187    12   306    12
 53276 11254  4224  1993     5     4   231  2000  2005    30   192    14   246    14
 53276 11254  4224  1993     5     4   231  2325   406    30   192    14   246    14
 53276 11254  4224  1993     5     6   231   120   305     3   162    13   231 32744
 53276 11254  4224  1993     5     6   231  1129  1131     3   162    13   231 32744
 53276 11254  4224  1993     5     7   231  1006  1015    18   161    13   215 32744
 53276 11254  4224  1993     5     7   231  1609  1723    18   161    13   215 32744
 53276 11254  4224  1993     5    15   231  1336  1740    12   158    14   213    13
 53276 11254  4224  1993     5    29   231  1637  1641   250   125    14   215    12
 53276 11254  4224  1993     5    30   231  1847  1849   250   125    12   227    11
 53276 11254  4224  1993     6    12   231  1808  1814   250   119    12   231    12
 53336 10831  4134  1993     5     5   231  1944  2000     3   153    14 32744 32744
 53336 10831  4134  1993     5     6   231  2000  2330   200   210    14 32744 32744
 53352 11026  4142  1993     3    30   231  1506  1913    50   153    12 32744 32744
 53352 11026  4142  1993     4    20   231  1310  1700     6   157    13 32744 32744
 53352 11026  4142  1993     4    28   231  1335  1712     5   160    12 32744 32744
 53352 11026  4142  1993     5     3   231  1719  1934    15   160    12 32744 32744
 53352 11026  4142  1993     5     4   231  2021  2132   300   140    14 32744 32744
 53352 11026  4142  1993     5     6   231  2152    45   150   140    14 32744 32744
 53352 11026  4142  1993     6    15   231  1540  1549   400   130    14 32744 32744
 53391 11400  4154  1993     3    30   231  1620  2000     6   157    14 32744 32744
 53391 11400  4154  1993     3    31   231  2000  2120   300   140    14 32744 32744
 53391 11400  4154  1993     4    20   231  1640  1940    19   130    16 32744 32744
 53391 11400  4154  1993     4    25   231  1955  2000     9   160    14 32744 32744
 53391 11400  4154  1993     4    26   231  2000  2330   300   150    16 32744 32744
 53391 11400  4154  1993     4    28   231  1704  1825   150   110    14 32744 32744
 53391 11400  4154  1993     5     1   231  1520  1910   150   140    14 32744 32744
 53391 11400  4154  1993     5     3   231  1745  1750   300   110    10 32744 32744
 53399 11442  4109  1993     3    30   231  1652  2000     6   150    14 32744 32744
 53399 11442  4109  1993     3    31   231  2000  2106   100   120    14 32744 32744
 53399 11442  4109  1993     4    26   231  2143  2321   100   130    16 32744 32744
 53399 11442  4109  1993     5     1   231  1621  1916    50   150    14 32744 32744
 53463 11141  4049  1993     4    20   231  1550  1721   100   120    15 32744 32744
 53463 11141  4049  1993     4    26   231  2120   355     8   120     1 32744 32744
 53480 11304  4102  1993     3    30   231  1735  2000     5   153    13 32744 32744
 53480 11304  4102  1993     3    31   231  2000  2206   200   117    14 32744 32744
 53480 11304  4102  1993     4    26   231  2135   345     9 32744 32744 32744 32744
 53480 11304  4102  1993     5     3   231  1712  1735    90   120    11 32744 32744
 53487 11320  4006  1993     4    20   231  1851  2000     8   120    14 32744 32744
 53487 11320  4006  1993     4    21   231  2000  2021    80   157    13 32744 32744
 53502 10545  3947  1993     4    20   231   906  1110    70   180    15 32744 32744
 53502 10545  3947  1993     5     5   231  1758  2000     3   200    15 32744 32744
 53502 10545  3947  1993     5     6   231  2000  2118    60   160    15 32744 32744
 53502 10545  3947  1993     6    20   231   708  1002     8   133    16 32744 32744
 53513 10725  4045  1993     2     5   231  1325  1407     8    90    13 32744 32744
 53513 10725  4045  1993     4    26   231  2325  2347    40    70     3 32744 32744
 53513 10725  4045  1993     5     3   231  1503  1725   110   107    13 32744 32744
 53513 10725  4045  1993     5     5   231  1910  2000     3    70    13 32744 32744
 53513 10725  4045  1993     5     6   231  2000  2325    80    97    13 32744 32744
 53513 10725  4045  1993     8    29   231  1412  1416   200    70    10 32744 32744
 53519 10646  3913  1993     5     5   231  1939  2000     2   197    15   279    15
 53519 10646  3913  1993     5     6   231  2000   205     5   218    16   302    16
 53529 10759  3906  1993     2     5   231  1725  2000     7   130    16 32744 32744
 53529 10759  3906  1993     2     6   231  2000  2026    40   123    15 32744 32744
 53529 10759  3906  1993     3    30   231  1152  1734     8   150    14 32744 32744
 53529 10759  3906  1993     4    20   231  1252  1703     7   153    16 32744 32744
 53529 10759  3906  1993     4    22   231   934  1735    40   147    14 32744 32744
 53529 10759  3906  1993     4    23   231   923  1512     8   170    16 32744 32744
 53529 10759  3906  1993     4    27   231  1248  1309   160   133    16 32744 32744
 53529 10759  3906  1993     5    26   231  1625  1705   180   113     4 32744 32744
 53529 10759  3906  1993     6    13   231  1417  1619   170   150    14 32744 32744
 53543 10959  3950  1993     4    20   231  1406  1627    40   120    15 32744 32744
 53543 10959  3950  1993     4    22   231  1145  1434     9   137    14 32744 32744
 53543 10959  3950  1993     5     3   231  1902  2000     7   130    14 32744 32744
 53543 10959  3950  1993     5     4   231  2000  2241   180   113    14 32744 32744
 53543 10959  3950  1993     6    13   231  1637  1726   200   130    14 32744 32744
 53545 10944  3934  1993     3    30   231  1130  1836     6   177    14 32744 32744
 53545 10944  3934  1993     4    20   231  1402  2000     9   187    15 32744 32744
 53545 10944  3934  1993     4    21   231  2000  2112    70   133    15 32744 32744
 53545 10944  3934  1993     4    22   231  2351    35     7   170    14 32744 32744
 53545 10944  3934  1993     4    22   231  1051  1812     7   170    14 32744 32744
 53545 10944  3934  1993     4    23   231   953  1032    60   143    15 32744 32744
 53545 10944  3934  1993     6    13   231  1617  1628   300   177    14 32744 32744
 53602 10540  3850  1993     4    20   231  1032  1420     4   123    16 32744 32744
 53602 10540  3850  1993     4    23   231  1040  1805     2   130    16 32744 32744
 53602 10540  3850  1993     5     5   231  1857  2000     0   183    16 32744 32744
 53602 10540  3850  1993     5     6   231  2000     8    90   120    16 32744 32744
 53602 10540  3850  1993     6    20   231   613  1027     8    97    16 32744 32744
 53614 10613  3829  1993     4    20   231  1247  1514     7   155    15   219    14
 53614 10613  3829  1993     4    23   231   918   922     8   172    14   277    13
 53614 10613  3829  1993     4    23   231  1222  1632     8   172    14   277    13
 53614 10613  3829  1993     5     6   231  2014  2340    18   159    14   217    14
 53615 10642  3848  1993     2     5   231  1525  2000     9   154    16   210    16
 53615 10642  3848  1993     2     6   231  2000  2103    80   138    16   215     1
 53615 10642  3848  1993     3     4   231  1849  2000     7   131     3   173     4
 53615 10642  3848  1993     3     5   231  2000  2117   100   117     4   154     4
 53615 10642  3848  1993     4    20   231  1125  1517     7   128    16   198    16
 53615 10642  3848  1993     4    23   231  1119  1540     9   119    15   202    15
 53615 10642  3848  1993     5     3   231  1840  2000     9   120     1   183    16
 53615 10642  3848  1993     5     4   231  2000  2116   150   109     1   167     1
 53615 10642  3848  1993     5     6   231  2004   312     8   151    16   242    16
 53615 10642  3848  1993     7     3   231  1832  2000     8   111     6   169     6
 53615 10642  3848  1993     7     4   231  2000  2057   100    93     7   146     7
 53663 11149  3855  1993     4    20   231  1753  1854    30   100    14 32744 32744
 53663 11149  3855  1993     4    22   231  1416  1520    30   130    13 32744 32744
 53663 11149  3855  1993     4    23   231  1121  1219    30   163    12 32744 32744
 53698 11425  3802  1993     6    22   231  1455  1511    30   147    16 32744 32744
 53705 10540  3729  1993     4    20   231  1125  1253    50   140    13   196    14
 53705 10540  3729  1993     4    22   231  1146  1317    50   149    14   210    14
 53705 10540  3729  1993     4    23   231  1516  1550    60   146    14   229    14
 53705 10540  3729  1993     5     6   231  2005  2050    70   187    14   267    14
 53723 10724  3747  1993     2     5   231  1505  1841    18    95    13   144    13
 53723 10724  3747  1993     2    19   231   925  1016    50    88     7   121     7
 53723 10724  3747  1993     3     4   231  1751  2000     7    99    10   173     1
 53723 10724  3747  1993     3     5   231  2000  2042   200    85     1   131     1
 53723 10724  3747  1993     3     8   231  1624  1739   120    90    13   133    13
 53723 10724  3747  1993     3    12   231  1105  1605     8   112     8   156     9
 53723 10724  3747  1993     3    30   231  1132  1435     6   108    13   160    14
 53723 10724  3747  1993     4     2   231  1005  1935     8   116    13   181    12
 53723 10724  3747  1993     4    17   231  1423  1720    20    91     9   133     9
 53723 10724  3747  1993     4    20   231  1240  1803     7   104    15   169    16
 53723 10724  3747  1993     4    22   231   809  1828     1   143    14 32744 32744
 53723 10724  3747  1993     4    23   231   852  1936     1   150    14 32744 32744
 53723 10724  3747  1993     5     3   231   812  1009    12   101    10   142    10
 53723 10724  3747  1993     5     3   231  1852  1940    12   101    10   142    10
 53723 10724  3747  1993     5     6   231  2155  2159   120   100    15   225    10
 53723 10724  3747  1993     5     8   231  1743  1801   150   115    14   223    11
 53723 10724  3747  1993     5    10   231   608   945     9    98     9   140     9
 53723 10724  3747  1993     5    11   231   407  1329     3   110    12   173    16
 53723 10724  3747  1993     5    19   231  1651  1801    50   141    13   202    13
 53723 10724  3747  1993     5    26   231  1836  1930    12   115     5   167     4
 53723 10724  3747  1993     6     7   231  2135  2144    90    88     1   165    16
 53723 10724  3747  1993     6    10   231  1802  1937    15   112    14   173    14
 53723 10724  3747  1993     6    20   231   904  1510     9    93    12   144    12
 53723 10724  3747  1993     7     3   231  1836  1927    12   115     4   175     5
 53723 10724  3747  1993     7     4   231    39   123    15   113    11   177    11
 53723 10724  3747  1993     7    24   231  1654  1825    18   122     4   190     4
 53723 10724  3747  1993    12    24   231  1533  1624    15   118    14   185    14
 53725 10735  3735  1993     2     5   231  1635  1819    70   143    14 32744 32744
 53725 10735  3735  1993     2    19   231   818  1320    30   130     8 32744 32744
 53725 10735  3735  1993     2    26   231  1552  1637    60    90    14 32744 32744
 53725 10735  3735  1993     3     4   231  1017  1239     9   113     2 32744 32744
 53725 10735  3735  1993     3     4   231  1823  2000     9   113     2 32744 32744
 53725 10735  3735  1993     3     5   231  2000  2003   150    53     2 32744 32744
 53725 10735  3735  1993     3    12   231  1019  1802    20   103     8 32744 32744
 53725 10735  3735  1993     4     2   231  1727  1913    40   127    16 32744 32744
 53725 10735  3735  1993     4    17   231  1547  1718    60   130     8 32744 32744
 53725 10735  3735  1993     4    20   231  1316  1738     6   140     1 32744 32744
 53725 10735  3735  1993     4    23   231   848  1720     1   160    14 32744 32744
 53725 10735  3735  1993     5     3   231  1848  1924    30   107     1 32744 32744
 53725 10735  3735  1993     5     6   231  2216  2248    70   157    12 32744 32744
 53725 10735  3735  1993     5    10   231   409   810     4   110     8 32744 32744
 53725 10735  3735  1993     5    11   231   533  1245     7   130    13 32744 32744
 53725 10735  3735  1993     5    26   231  1822  1850    60   130     4 32744 32744
 53725 10735  3735  1993    12    24   231  1616  1635    30   129    13   177    13
 53738 10810  3655  1993     4    20   231  1505  1728    25   120     1 32744 32744
 53738 10810  3655  1993     4    22   231  1444  1632    70   110    15 32744 32744
 53738 10810  3655  1993     4    23   231  1325  1908     8   120    15 32744 32744
 53740 10914  3756  1993     4     2   231  1930  1941    20   177    14 32744 32744
 53740 10914  3756  1993     4    20   231  1509  1706    50   153    15 32744 32744
 53740 10914  3756  1993     4    22   231  1015  1501    15   187    14 32744 32744
 53740 10914  3756  1993     4    23   231  1104  1406     7   193    13 32744 32744
 53740 10914  3756  1993     6    13   231  1716  1727    80   173    15 32744 32744
 53740 10914  3756  1993    12    25   231  1046  1551     9   157    14 32744 32744
 53754 11013  3730  1993     4    23   231  1250  1540     8   160    15 32744 32744
 53764 11106  3730  1993     4    23   231  1525  1530    80   123    16 32744 32744
 53772 11233  3747  1993     3    30   231  1441  1446   100   150    14 32744 32744
 53772 11233  3747  1993     4    23   231  1415  1632    60   150    14 32744 32744
 53806 10539  3634  1993     2     5   231  1512  1823    50   148    11   221    12
 53806 10539  3634  1993     3     4   231   805   823    20   124    11   183    10
 53806 10539  3634  1993     4    20   231  1105  1510     5   171    15   221    15
 53806 10539  3634  1993     5     6   231  2043  2156    80   186    15   252    16
 53810 10554  3659  1993     2     5   231  1414  1537    60   134    16   215    15
 53810 10554  3659  1993     4    20   231  1153  1630     7   138    16   210    15
 53810 10554  3659  1993     4    23   231  1638  1807    60   117    16   202    15
 53810 10554  3659  1993     5     6   231  2031  2140   120   153    16   263    16
 53810 10554  3659  1993     5    10   231  1554  1632    80    84     8   131     2
 53810 10554  3659  1993     5    19   231  1237  1516     9   105    15   169    15
 53810 10554  3659  1993     7    10   231  1805  1811   200   101     8   146     7
 53810 10554  3659  1993     8    19   231  1912  1918   150   113     1   210     1
 53817 10616  3600  1993     2     5   231  1642  1958     9   133    11   200    11
 53817 10616  3600  1993     5     6   231  2203  2217    30   140    16   229     1
 53821 10718  3635  1993     2     5   231  1710  1830    15    70    16 32744 32744
 53821 10718  3635  1993     4    20   231  1420  1835    40    93    16 32744 32744
 53845 10930  3636  1993     4    20   231  1750  1820     7    40    11 32744 32744
 53853 11057  3642  1993     4    23   231  1425  1732    20   170    14 32744 32744
 53915 10640  3533  1993     2     5   231  1753  1820    70    97    15 32744 32744
 53929 10748  3512  1993     4    20   231  1852  2000     6    87    16 32744 32744
 53929 10748  3512  1993     4    21   231  2000  2215   100    80    16 32744 32744
 53986 11353  3519  1993     4    23   231  1840  1848    40    98     4   148     5
 54026 12054  4434  1993     4    21   231  1030  1205   110    77    10 32744 32744
 54134 12117  4336  1993     4     6   231   530   640    40   233    15 32744 32744
 54134 12117  4336  1993     4     6   231  1421  1621    40   233    15 32744 32744
 54134 12117  4336  1993     4    26   231   713   756     7   227     1 32744 32744
 54218 11858  4216  1993     4    26   231  2323    55    40   150    12 32744 32744
 54226 12042  4220  1993     4    26   231   618   724    20   173    14 32744 32744
 54606 11544  3814  1993     4     9   231  1418  1525    90    93    15 32744 32744
 54606 11544  3814  1993     4    23   231  1643  1803   120   113     2 32744 32744
 54606 11544  3814  1993     6    22   231  1530  1603   150    80     1 32744 32744
 54616 11650  3820  1993     6    16   231  1345  1347     3   137     1 32744 32744
 54616 11650  3820  1993     6    22   231  1610  1620   110   147    16 32744 32744
 54623 11743  3900  1993     3    30   231  1540  1548   100   130    15   200    15
 54623 11743  3900  1993     4    23   231  1536  1547   100   157    14   219    15
 54623 11743  3900  1993     6    22   231  1620  1628   100   120    14   203    14
 54705 11523  3722  1993     4    23   231  1530  1545   100   120    16 32744 32744
 54705 11523  3722  1993     6    22   231  1640  1659   110   193    15 32744 32744
 54714 11619  3726  1993     6    14   231  1734  1747   120   109     1   219    16
 54714 11619  3726  1993     6    16   231  1430  1437   110   100     1   177     1
 54714 11619  3726  1993     6    22   231  1720  1745   100    98     1   190     1
 54843 11911  3645  1993     4    21   231  1304  1312    50   136     1   208    16
 55228  8005  3230  1993     1     3   231  1705  1730   700 32744 32744 32744 32744
 55228  8005  3230  1993     1     4   231  1646  1647   700 32744 32744 32744 32744
 55228  8005  3230  1993     1     6   231  1525  1529   650 32744 32744 32744 32744
 55228  8005  3230  1993     1     7   231  1450  1619   650 32744 32744 32744 32744
 55228  8005  3230  1993     1    14   231  1550  1650   700 32744 32744 32744 32744
 55228  8005  3230  1993     1    18   231  1510  1837   700 32744 32744 32744 32744
 55228  8005  3230  1993     1    20   231  1647  1650   700 32744 32744 32744 32744
 55228  8005  3230  1993     2    17   231  1255  1255   700 32744 32744 32744 32744
 55228  8005  3230  1993     2    18   231  1512  1515   700 32744 32744 32744 32744
 55228  8005  3230  1993     3    16   231  1636  1638   700 32744 32744 32744 32744
 55228  8005  3230  1993     4    15   231  1602  1602   700 32744 32744 32744 32744
 55228  8005  3230  1993     5     3   231  1735  1739   700 32744 32744 32744 32744
 55228  8005  3230  1993     5    11   231  1751  1757   700 32744 32744 32744 32744
 55228  8005  3230  1993     6    25   231  1805  1914   700 32744 32744 32744 32744
 55228  8005  3230  1993     9     3   231  1851  1856   600 32744 32744 32744 32744
 55228  8005  3230  1993    10    10   231  1727  1733   700 32744 32744 32744 32744
 55228  8005  3230  1993    11    18   231  1405  1407    99 32744 32744 32744 32744
 55248  8425  3209  1993     1     6   231  1732  1740   300 32744 32744 32744 32744
 55248  8425  3209  1993     1    24   231  1926  1932    89 32744 32744 32744 32744
 55248  8425  3209  1993     1    26   231  1613  1735   480 32744 32744 32744 32744
 55248  8425  3209  1993     2    13   231  1604  1604   400 32744 32744 32744 32744
 55248  8425  3209  1993    10    19   231  1624  1627   500 32744 32744 32744 32744
 55248  8425  3209  1993    11    18   231  1543  1543   500 32744 32744 32744 32744
 55248  8425  3209  1993    12     1   231  1825  1849   500 32744 32744 32744 32744
 55294  9106  3221  1993     1     8   231  1257  1310   150    40    12 32744 32744
 55299  9204  3129  1993     3    31   231  1653  1712   300    73    12 32744 32744
 55472  8838  3057  1993     1    24   231  1430  1450    98 32744 32744 32744 32744
 55472  8838  3057  1993     3    16   231  1622  1721   200 32744 32744 32744 32744
 55472  8838  3057  1993     3    22   231  1543  1715   200 32744 32744 32744 32744
 55472  8838  3057  1993     3    26   231  1424  1427   200 32744 32744 32744 32744
 55472  8838  3057  1993     4     1   231  1413  1416    98 32744 32744 32744 32744
 55569  8736  2905  1993     1     6   231  1613  1625   350 32744 32744 32744 32744
 55569  8736  2905  1993     1     7   231  1607  1626   350 32744 32744 32744 32744
 55569  8736  2905  1993     1    19   231  1710  1753   400 32744 32744 32744 32744
 55569  8736  2905  1993     1    21   231  1527  1552   400 32744 32744 32744 32744
 55569  8736  2905  1993     1    22   231  1453  1728   400 32744 32744 32744 32744
 55569  8736  2905  1993     1    24   231  1638  1642   400 32744 32744 32744 32744
 55569  8736  2905  1993     2    13   231  1420  1442   400 32744 32744 32744 32744
 55569  8736  2905  1993     3    16   231  1420  1427   400 32744 32744 32744 32744
 55569  8736  2905  1993     3    17   231  1710  1714   400 32744 32744 32744 32744
 55569  8736  2905  1993     3    18   231  1551  1557   400 32744 32744 32744 32744
 55569  8736  2905  1993     4     1   231  1401  1406   400 32744 32744 32744 32744
 55569  8736  2905  1993     5     8   231  1714  1730   400 32744 32744 32744 32744
 55569  8736  2905  1993    12    19   231  1537  1602   400 32744 32744 32744 32744
 55591  9108  2940  1993     3    26   231  1914  1925   250     0    12 32744 32744
 55598  9146  2915  1993     3    29   231  1627  1730   300 32744 32744 32744 32744
 55598  9146  2915  1993     5    15   231  1705  1730   400 32744 32744 32744 32744
 55598  9146  2915  1993     5    28   231  1602  1605   400 32744 32744 32744 32744
 55664  8705  2838  1993     1    22   231  1720  1827   300 32744 32744 32744 32744
 55664  8705  2838  1993     1    23   231  1241  1246    90 32744 32744 32744 32744
 55664  8705  2838  1993     1    23   231  1708  1818    90 32744 32744 32744 32744
 55664  8705  2838  1993    12    13   231  1633  1633   300 32744 32744 32744 32744
 55680  8936  2855  1993     3    17   231  1306  1328   150 32744 32744 32744 32744
 55680  8936  2855  1993     3    25   231  1851  1853   250 32744 32744 32744 32744
 55680  8936  2855  1993     3    29   231  1904  1927   300 32744 32744 32744 32744
 56004  9226  3413  1993     1     2   231  1622  1641   300   197    13 32744 32744
 56004  9226  3413  1993     1     4   231  1607  1625   300   150    13 32744 32744
 56004  9226  3413  1993     2     7   231  1340  1652   120   270    15 32744 32744
 56004  9226  3413  1993     5     7   231  1656  1819    70   223    15 32744 32744
 56004  9226  3413  1993    11    20   231  1108  1112   200   170    13 32744 32744
 56004  9226  3413  1993    11    25   231  1621  1627   400   150    14 32744 32744
 56004  9226  3413  1993    11    30   231  1407  1626   350   170    13 32744 32744
 56004  9226  3413  1993    12     4   231  1304  1312   200   160    14 32744 32744
 56004  9226  3413  1993    12    11   231  1338  1349     9   140    13 32744 32744
 56004  9226  3413  1993    12    17   231  1140  1454    90   163    14 32744 32744
 56004  9226  3413  1993    12    28   231  1703  1704   400   187    12 32744 32744
 56018  9518  3254  1993     3    22   231  1754  1759   350   120    12 32744 32744
 56018  9518  3254  1993     3    31   231  1615  1618   400   130    12 32744 32744
 56018  9518  3254  1993     4     3   231  1405  1449   300   137    12 32744 32744
 56018  9518  3254  1993     4     3   231  1754  1755   300   137    12 32744 32744
 56018  9518  3254  1993     4     4   231  1231  1241   250   137    12 32744 32744
 56018  9518  3254  1993     4     5   231  1735  1740   400   120    12 32744 32744
 56018  9518  3254  1993     5     3   231  1602  1607   350   110    15 32744 32744
 56018  9518  3254  1993     5    11   231  1912  1917   150   137    13 32744 32744
 56018  9518  3254  1993    11    24   231  1435  1442   400   110    12 32744 32744
 56029  9701  3301  1993     4    30   231  1803  1807   400   100    14 32744 32744
 56033  9813  3455  1993     4    29   231  1916  1920   250   117    11 32744 32744
 56046  9939  3345  1993     2     7   231  1805  1805   400   167    14 32744 32744
 56046  9939  3345  1993     5    19   231  1608  1615   450   150    14 32744 32744
 56065 10136  3444  1993     4    28   231  1330  1330   300    90    14 32744 32744
 56065 10136  3444  1993     6    15   231  1616  1647   350    90    15 32744 32744
 54237 12143  4205  1993     4     6   231   910  1755     8   140    14 32744 32744
 54237 12143  4205  1993     4     7   231  2050   540     7   170    16 32744 32744
 54237 12143  4205  1993     4    26   231   704   740    20   177    16 32744 32744
