 50603 11649  4840  2007     4    29   231  1834  1847    90   117    15   205     1
 50915 11658  4531  2007     3    30   231  1840  2000     8   120    12   170    13
 50915 11658  4531  2007     3    31   231  2000  2108     8    96    12   148    12
 50924 11940  4532  2007     6    10   231  1728  1738   110   113    11   186    11
 50924 11940  4532  2007     6    11   231  1505  1513    80   123    10   209    11
 50928 12020  4504  2007     3    24   231  1237  1335    20   170    14 32744 32744
 50928 12020  4504  2007     4    20   231  1513  1514   200   127    14 32744 32744
 50928 12020  4504  2007     5     3   231  1135  1515    50   160    13 32744 32744
 50937 12128  4503  2007     3    10   231  1032  1250    50   161    15   233    15
 50937 12128  4503  2007     3    24   231  1050  1630     3   151    14   233    14
 51365  8732  4412  2007     4    15   231  1353  1415     8   104     1   168     1
 51379  8934  4401  2007     4     1   231  1610  1905     5    88     4   135     5
 51379  8934  4401  2007     4     2   231  2005  2110     8    63    11    90    12
 51628  8014  4110  2007     6     8   231  1705  1715    70   109    11   167    10
 51642  8415  4147  2007     5     9   231  2105  2140     1   102     1   209     1
 51644  8258  4143  2007     8    22   231  2020  2135     9    99    16   219     1
 51705  7515  3943  2007     6    14   231  1554  1604   400   163    13   245    13
 51711  7827  4056  2007     6    11   231  2001  2006   300    80    12   170    13
 51711  7827  4056  2007     8    29   231  2011  2028   400    80    12   164    12
 51716  7834  3948  2007     5    10   231   908  1425     8    84     3   145     3
 51720  7903  4030  2007     4    19   231  1942  1956     8    73     2   139     2
 51720  7903  4030  2007     5     8   231  1356  1412     8   141    14   200    14
 51720  7903  4030  2007     5    10   231   650   735     8    57     5   115     6
 51720  7903  4030  2007     6    22   231  1926  1929   300    63     5   189     5
 51720  7903  4030  2007     7     8   231  1238  1243    80   100    14   186    12
 51720  7903  4030  2007     8     1   231  1809  1839    70   101     1   174    16
 51720  7903  4030  2007     8    27   231  2007  2034   200    78    11   125    11
 51720  7903  4030  2007     8    30   231  1849  2000     6   108    16   216     1
 51720  7903  4030  2007     8    31   231  2000  2015     6   104    16   163     1
 51730  8116  4033  2007     5     8   231  1553  1742    60    94    15   194    15
 51730  8116  4033  2007     5    10   231   357   730    10    63     5   110     4
 51730  8116  4033  2007     5    20   231  1919  2000     6    68    15   127    14
 51730  8116  4033  2007     5    21   231  2000  2056     6    77    15   155    15
 51730  8116  4033  2007     5    29   231  2052  2111   150    85     4   157     3
 51747  8340  3900  2007     4    16   231   626   923     4    85     4   140     5
 51747  8340  3900  2007     4    22   231   317  1409     4    97     4   156     4
 51747  8340  3900  2007     5     9   231  2035  2335     3   144    16   231    15
 51747  8340  3900  2007     5    10   231   305   541     7    78     5   129     4
 51747  8340  3900  2007     5    14   231  2128  2345     6    96     2   153     2
 51747  8340  3900  2007     5    19   231  1907  2000     8    82     4   136     4
 51747  8340  3900  2007     5    20   231  2000  2352     7    74     5   132     6
 51747  8340  3900  2007     5    21   231  2103  2203     9    84    15   136    16
 51747  8340  3900  2007     5    22   231  1715  1735    15    97     1   145     1
 51747  8340  3900  2007     5    29   231  2310   315     3   117     3   200     3
 51747  8340  3900  2007     5    29   231  1012  1320     3   117     3   200     3
 51747  8340  3900  2007     6    12   231  1820  2000     4   117     3   169     2
 51747  8340  3900  2007     6    13   231  2000  2340     6   112     2   163     3
 51747  8340  3900  2007     6    16   231  1740  1745    80   121     1   199     2
 51747  8340  3900  2007     6    19   231  2340     5     8    73     3   119     4
 51747  8340  3900  2007     6    30   231   220   344     7    80     5   123     5
 51747  8340  3900  2007     7     4   231  1653  1700     8   126     1   223    16
 51747  8340  3900  2007     8    12   231  1851  2000     8    97    16   164    16
 51747  8340  3900  2007     8    13   231  2000  2330     8   100     2   153     2
 51765  8742  4038  2007     4     1   231  1128  1337    80   106     5   177     4
 51765  8742  4038  2007     4    21   231  1849  2000     2   114     4   189     4
 51765  8742  4038  2007     4    22   231  2000   511     1   133     4   208     4
 51765  8742  4038  2007     5     8   231  1046  1136    60   107     5   180     5
 51765  8742  4038  2007     5     9   231  1601  2000     9   108     4   182     4
 51765  8742  4038  2007     5    10   231  2000  2143     9    90     4   150     4
 51765  8742  4038  2007     5    22   231  1640  1836   300   129    15   205    15
 51765  8742  4038  2007     7     9   231   842   916   200    86    12   156    12
 51765  8742  4038  2007     7    28   231  1531  1647   150   113    15   174    15
 51765  8742  4038  2007     8    18   231  1441  1536   300   111    15   171    16
 51777  8810  3902  2007     2    27   231  1720  2000     1    80     3   133     3
 51777  8810  3902  2007     2    28   231  2000  2320     1    83     3   135     4
 51777  8810  3902  2007     3    31   231  1018  1835     5   109     4   165     4
 51777  8810  3902  2007     4     1   231  1230  2000     6    94     3   160     5
 51777  8810  3902  2007     4     2   231  2000  2037     2    64     3   100     4
 51777  8810  3902  2007     4    16   231   120   428     3   113     4   177     4
 51777  8810  3902  2007     4    22   231  2330   710     1    97     4   153     3
 51777  8810  3902  2007     5     9   231   830  1015     1    80     3   160    12
 51777  8810  3902  2007     5     9   231  1758  1810     1    80     3   160    12
 51777  8810  3902  2007     5    19   231  1646  2000     1   107     4   167     4
 51777  8810  3902  2007     5    20   231  2000   425     1    78     3   139     3
 51777  8810  3902  2007     5    21   231  1620  2000     4    86    12   123    11
 51777  8810  3902  2007     5    22   231  2000   330     6    95    11   151    11
 51777  8810  3902  2007     5    22   231  1925  2000     6    95    11   151    11
 51777  8810  3902  2007     5    23   231  2000  2130     7    67     1   112    16
 51777  8810  3902  2007     6    16   231  2033  2115     4    76     4   124     5
 51777  8810  3902  2007     7     9   231   530   820     6   116    11   185    11
 51777  8810  3902  2007     7    28   231   215   720     6    99    12   141    11
 51777  8810  3902  2007     9    16   231  2040  2230     8   132     4   210     4
 51804  7514  3746  2007     3    30   231  1712  1712   400   138    11   252     8
 51811  7716  3826  2007     5     5   231  2227   120     7    71    15   151    15
 51811  7716  3826  2007     6     6   231   240   334     8    92    15   189    15
 51811  7716  3826  2007     7     7   231  1959  2000     3    63    14   190    15
 51811  7716  3826  2007     7     8   231  2000  2220     3   105    15   218    13
 51811  7716  3826  2007     7    16   231  1856  1909     3   100    15   221    14
 51818  7817  3737  2007     5     8   231   610  1027     5    80    14   152    16
 51818  7817  3737  2007     5     8   231  1931  2000     5    80    14   152    16
 51818  7817  3737  2007     5     9   231  2000  2005     5    50    14    88    11
 51818  7817  3737  2007     5    20   231   118   537     8    99    15   188    15
 51818  7817  3737  2007     6    28   231  1935  2000     8    75    15   151    13
 51818  7817  3737  2007     6    29   231  2000  2205     8    71    14   148    14
 51818  7817  3737  2007     7     8   231  2155  2340    25    85    15   175    15
 51818  7817  3737  2007     7    13   231  2015  2153    15    74    15   153    15
 51828  7956  3708  2007     5     8   231  1108  1635     7    78    12   123    13
 51828  7956  3708  2007     5    20   231   627   705     2    70    14   111    13
 51828  7956  3708  2007     5    21   231  2115  2238     8    96    13   140    12
 51828  7956  3708  2007     6     6   231   525   832     5   111    13   182    14
 51828  7956  3708  2007     6     7   231  2045  2132     8    69    10   113     9
 51828  7956  3708  2007     6     9   231  2223  2228     4    95    12   127    16
 51828  7956  3708  2007     6     9   231   347   510     4    95    12   127    16
 51828  7956  3708  2007     6    20   231  2150  2226     4    70     6   136     6
 51828  7956  3708  2007     6    29   231  2115   120     3    79    13   134    14
 51828  7956  3708  2007     7     8   231    19   236     5    83    13   136    14
 51828  7956  3708  2007     7    13   231  2320   215     7    84    13   135    12
 51828  7956  3708  2007    10     4   231   552   725     8    81    13   126    14
 51839  8243  3704  2007     2    27   231  1309  1424     8    82    13   130    13
 51839  8243  3704  2007     4    18   231   718  1040     7    67    12   107    12
 51839  8243  3704  2007     5     1   231   704  1512     5    89    12   138    12
 51839  8243  3704  2007     5     8   231  1038  2000     5    81    12   122    12
 51839  8243  3704  2007     5     9   231  2000  2330     0   121    12   180    12
 51839  8243  3704  2007     5     9   231  1027  1149     0   121    12   180    12
 51839  8243  3704  2007     5    19   231  1030  1137     6    63    12   101    12
 51839  8243  3704  2007     5    20   231  2010  2218     2    63     3    93     4
 51839  8243  3704  2007     5    21   231   143   933     0   107    12   165    11
 51839  8243  3704  2007     5    21   231  1315  1508     0   107    12   165    11
 51839  8243  3704  2007     6     6   231   854  1420     2   101    12   159    12
 51839  8243  3704  2007     6     7   231  2230   110     2   102    12   143    12
 51839  8243  3704  2007     6    14   231  1425  1530     7    64    16   102    16
 51839  8243  3704  2007     6    15   231  1518  1725     3    81    12   137    13
 51839  8243  3704  2007     6    19   231  1647  1730     9    70     6   115    10
 51839  8243  3704  2007     7     8   231   445  1228     4    98    12   146    12
 51839  8243  3704  2007     7    13   231   346   930     5    90    12   141    12
 51839  8243  3704  2007     7    13   231  1810  2000     5    90    12   141    12
 51839  8243  3704  2007     7    14   231  2000   126     2   111    12   171    12
 51839  8243  3704  2007     7    15   231  1524  1540    15    94    12   155    11
 51839  8243  3704  2007     7    24   231   940  1216     8    72    12   111    13
 51839  8243  3704  2007     7    27   231   222   728     6    96    12   141    12
 51839  8243  3704  2007     8    12   231  1235  1325     6    94    12   139    13
 51839  8243  3704  2007     8    12   231  1720  2000     6    94    12   139    13
 51839  8243  3704  2007     8    13   231  2000  2127     6    91    12   127    12
 51839  8243  3704  2007     8    15   231  1930  2000     7    93    12   136    12
 51839  8243  3704  2007     8    16   231  2000  2025     7    78    12   120    11
 51839  8243  3704  2007     8    18   231  2135  2205     8    75    12   126    14
 51839  8243  3704  2007     9     3   231  1125  1830     7    80    12   117    13
 51839  8243  3704  2007     9    23   231   933  1239     3   106    12   148    13
 51839  8243  3704  2007    10     4   231  1115  1430     4    77    12   117    12
 51855  8533  3809  2007     3    31   231  1730  1810     8    78     3   140     3
 51855  8533  3809  2007     4    22   231   410  1022     6    82     4   140     4
 51855  8533  3809  2007     5     9   231    21   132     8    85    15   165    12
 51855  8533  3809  2007     5    10   231   118   530     6    61     4   108     4
 51855  8533  3809  2007     5    20   231  2035   140     3    71     4   131     4
 51855  8533  3809  2007     5    21   231   940  2000     1    81    11   160    11
 51855  8533  3809  2007     5    22   231  2000  2212     2   100    11   184    11
 51855  8533  3809  2007     5    22   231  1952  2000     2   100    11   184    11
 51855  8533  3809  2007     5    23   231  2000  2025     2    56     3   119    16
 51855  8533  3809  2007     7     9   231   212   230    15    85    11   167    10
 51855  8533  3809  2007     7    14   231   720  1138     8    79    11   151    12
 51855  8533  3809  2007     7    16   231  2037  2122     3    99    11   190    10
 51886  9051  3815  2007     1    22   231  1424  1442    13   169    14   221    14
 51886  9051  3815  2007     2    23   231  1503  1505    60   143    14   222    15
 51886  9051  3815  2007     3    29   231  1540  1653     2   182    14   262    14
 51886  9051  3815  2007     4    22   231  1433  1543     6   187    14   276    14
 51886  9051  3815  2007     4    26   231  1349  1403     7   162    13   209    13
 51886  9051  3815  2007     4    27   231  1316  2000     4   201    15   268    15
 51886  9051  3815  2007     4    28   231  2000  2015     4   150    15   205    16
 51886  9051  3815  2007     5    10   231  1406  1414    60   157    14   230    15
 51886  9051  3815  2007     6    27   231  1241  1245   120   158    13   231    14
 51886  9051  3815  2007     9    15   231  1855  1858     6   169    14   211    14
 51931  8139  3651  2007     5     8   231  1845  1940     4    73    13   130    14
 51931  8139  3651  2007     5     9   231  2016  2045     4    80    10   138     9
 51931  8139  3651  2007     5    21   231  2329   233     8    94    13   162    13
 51931  8139  3651  2007     5    22   231  2025  2220    80    79     9   148     9
 51931  8139  3651  2007     6     7   231  2147  2341    30   102    11   168    12
 51931  8139  3651  2007     7     8   231   251   353    80    76    13   126    14
 52112  9508  4346  2007     2    20   231  1617  1640   200   146    15   222    15
 52112  9508  4346  2007     3    31   231  1428  1635    80   175    15   266    15
 52112  9508  4346  2007     4    10   231  1556  1621   150   161    15   231    16
 52112  9508  4346  2007    11    24   231   917   935   150   207    15   298    15
 52112  9508  4346  2007    12    27   231   941  1110    80   184    15   298    16
 52267 10104  4157  2007     5    23   231  1104  1412     7   129    14   185    13
 52267 10104  4157  2007    12    27   231  1238  1417     7   124    13   183    13
 52378 10222  4122  2007     3    25   231  1541  1710    80   144    13   178    13
 52378 10222  4122  2007     3    28   231  1624  2000     8   155    13   203    13
 52378 10222  4122  2007     3    29   231  2000  2023     8   123    13   144    13
 52378 10222  4122  2007     3    30   231   926  1218    80   151    13   188    14
 52378 10222  4122  2007     3    31   231  1247  1445     6   154    13   209    13
 52378 10222  4122  2007     4    13   231  1904  1926   300   145    13   178    13
 52378 10222  4122  2007     4    14   231  1207  2000     6   174    14   231    14
 52378 10222  4122  2007     4    15   231  2000  2022     8    79    16   116    16
 52378 10222  4122  2007     4    19   231  1405  1608    60   137    14   186    14
 52378 10222  4122  2007     4    22   231  1127  2000     6   201     4   253     4
 52378 10222  4122  2007     4    23   231  2000  2043     8   131     4   162     4
 52378 10222  4122  2007     4    29   231  1620  1816   300   128    14   204    13
 52378 10222  4122  2007     5     9   231  1920  2000     6   166    13   245    13
 52378 10222  4122  2007     5    10   231  2000   325     6   166    13   216    13
 52378 10222  4122  2007     5    10   231  1013  1615     6   166    13   216    13
 52378 10222  4122  2007     5    15   231   102   140    40   140    14   223    13
 52378 10222  4122  2007     5    23   231   752  1904     6   182    13   245    12
 52378 10222  4122  2007     5    30   231  1112  1914     6   168    13   221    13
 52378 10222  4122  2007     6    27   231  1242  1405     9   144    14   204    14
 52378 10222  4122  2007     8    22   231  1709  2000     8   168    14   220    14
 52378 10222  4122  2007     8    23   231  2000  2031     8   125    13   187    13
 52378 10222  4122  2007     8    30   231  1834  1902   300   155     9   215     9
 52378 10222  4122  2007    11    24   231  1745  1836    90   138    14   183    14
 52378 10222  4122  2007    12    27   231  1630  2000     7   173    12   226    12
 52378 10222  4122  2007    12    28   231  2000  2125     7   140    13   181    13
 52418  9441  4009  2007     4     2   231   239  1442     8   132     4   232     5
 52418  9441  4009  2007     5     9   231   839  1108     4   116    13   196    13
 52418  9441  4009  2007     7     9   231  1344  1814     7   118    13   249    13
 52418  9441  4009  2007     7    29   231  2353    45     9    90    14   163    13
 52424  9546  4032  2007     4     2   231   725  2000     2   161     5   251     5
 52424  9546  4032  2007     4     3   231  2000  2016     8    72     5   125     6
 52424  9546  4032  2007     4    13   231  1730  1746   300   103    15   160    15
 52424  9546  4032  2007     5     9   231  1038  1102   150   104    13   205    12
 52424  9546  4032  2007     7     9   231  1652  1820    60    94     5   165     4
 52436  9702  4016  2007     4     2   231  1234  1918     7   135     5   220     6
 52436  9702  4016  2007     4    13   231  1427  1446   400   107    13   180    12
 52436  9702  4016  2007     7    10   231  2027  2209    60    76    12   129    12
 52446  9931  4018  2007     4    13   231  1445  1507   400   188    15   248    15
 52446  9931  4018  2007    10    29   231  1438  1512   250   152    14   208    14
 52447  9854  4000  2007     4     2   231  1436  1635    12   120     5   175     4
 52447  9854  4000  2007     4    13   231  1451  1615   200   131    16   186    16
 52447  9854  4000  2007     5    23   231   933  1602     9   135    14   199    13
 52495 10448  4010  2007     1    26   231  1125  1912     3   188    13   229    14
 52495 10448  4010  2007     3    27   231  1630  1817     3   200    15   251    15
 52495 10448  4010  2007     3    30   231  1110  1255     7   163    14   201    14
 52495 10448  4010  2007     4    14   231  1622  1938     5   178    14   232    14
 52495 10448  4010  2007     4    22   231  1104  1615     3   160     5   212     6
 52495 10448  4010  2007     5     9   231   825   853     8   155     5   194     5
 52495 10448  4010  2007     5    19   231  1955  2000     9   127     2   177     1
 52495 10448  4010  2007     5    20   231  2000  2237     7   144     2   205     3
 52495 10448  4010  2007     5    23   231  1205  1306     8   178    13   224    14
 52495 10448  4010  2007     6    24   231  1751  1807     8   157    13   204    11
 52533  9829  3946  2007     2    23   231  1541  1608     9   113    15   160    15
 52533  9829  3946  2007     3    27   231  1710  1916     8   123    15   181    15
 52533  9829  3946  2007     4    11   231  1308  1458     8   138    14   203    14
 52533  9829  3946  2007     4    13   231  1516  1715     4   126    16   207    15
 52546  9950  3922  2007     4     2   231  1706  2000     7   109     4   155     4
 52546  9950  3922  2007     4     3   231  2000  2040     7    94     5   141     5
 52546  9950  3922  2007     4    13   231  1606  1715   130   146    16   208    15
 52546  9950  3922  2007     5     2   231  1724  1732    70   130    16   233    16
 52546  9950  3922  2007     7     5   231  1802  1815   400   116    13   196    13
 52575 10247  3925  2007     3    27   231  1503  1706    70   180    14 32744 32744
 52576 10141  3913  2007     3    27   231  1431  1445    20   143    15   213    14
 52576 10141  3913  2007     5     9   231  1457  1625     7   162     7   231     6
 52576 10141  3913  2007     5    23   231  1603  2000     8   115    14   188    14
 52576 10141  3913  2007     5    24   231  2000  2120     8    78    14   127    14
 52576 10141  3913  2007     7     5   231  1953  2000     1    94    14   191    14
 52576 10141  3913  2007     7     6   231  2000  2115     1   119    14   179    14
 52576 10141  3913  2007     7    10   231  1722  1740    15   105    13   149    14
 52576 10141  3913  2007     7    16   231  1739  2000     4   118    14   187    14
 52576 10141  3913  2007     7    17   231  2000  2036     4   107    14   168    14
 52602  9320  3845  2007     3    31   231  1635  1720   120   184    15   242    15
 52602  9320  3845  2007     4     2   231  1937  1957     8   157    14   200    14
 52602  9320  3845  2007     4    22   231  1538  1634   200   176    15   255    15
 52602  9320  3845  2007     5     9   231  1439  1545    80   194    13   250    14
 52602  9320  3845  2007     6    24   231  1345  1436     2   183    15   267    14
 52607 10508  3803  2007     2    27   231  1150  2000     6   187     7 32744 32744
 52607 10508  3803  2007     2    28   231  2000  2110     8   167     7 32744 32744
 52607 10508  3803  2007     3    27   231  1837  2000     6   180    15 32744 32744
 52607 10508  3803  2007     3    28   231  2000  2110     6   110    15 32744 32744
 52607 10508  3803  2007     4    14   231  1415  1810    20   150    14 32744 32744
 52607 10508  3803  2007     4    22   231  1142  1410     8   163     6 32744 32744
 52607 10508  3803  2007     4    27   231  1948  2000     1   140    13 32744 32744
 52607 10508  3803  2007     4    28   231  2000  2112     1   140    13 32744 32744
 52607 10508  3803  2007     5     2   231  1325  1342    20   150    14 32744 32744
 52633  9825  3848  2007     1    25   231  1920  1942    50   146    14   216    14
 52633  9825  3848  2007     5     2   231  1131  1135   300   165    14   267    14
 52633  9825  3848  2007     5     9   231  1756  1949     9   141    15   198    14
 52652 10026  3856  2007     5     9   231  1145  1408     6   113    16   216     2
 52674 10158  3814  2007     1    26   231  1534  1620   280   157    14   216    14
 52681 10305  3838  2007     1    26   231  1128  1239     7   137    15   198    14
 52681 10305  3838  2007     3    27   231  1528  1910     6   137    15   204    16
 52681 10305  3838  2007     4    13   231  1924  1940    18   118    14   178    14
 52681 10305  3838  2007     4    14   231  1203  1335     9   142    14   219    14
 52681 10305  3838  2007     4    27   231  1624  1940     1   155    14   247    14
 52681 10305  3838  2007     5     2   231  1052  1541     6   132    14   205    13
 52681 10305  3838  2007     5     9   231  1749  2000     2   134    15   219    14
 52681 10305  3838  2007     5    10   231  2000  2120     4   127    15   232    14
 52681 10305  3838  2007     5    23   231  1149  1611     4   123    14   181    13
 52707  9341  3648  2007     1    25   231  1428  1534    10   138    14   186    13
 52707  9341  3648  2007     4     2   231  1947  2000     1   123    15   183    15
 52707  9341  3648  2007     4     3   231  2000  2044     1   139    14   188    14
 52707  9341  3648  2007     4    12   231  1645  1719   120   122    13   207    13
 52707  9341  3648  2007     4    16   231  1553  1557    80   138    15   213    15
 52713  9522  3751  2007     5     9   231  1556  1905     6   131    14   187    14
 52797 10403  3711  2007     4    13   231  1853  1920   150   122    15   178    16
 52797 10403  3711  2007    12    27   231  1218  1331    13    94    14   148    13
 52818  9454  3625  2007     1    25   231  1554  1627     8    87    13   162    12
 52818  9454  3625  2007     2    21   231   520   604     8   100    13   181    13
 52818  9454  3625  2007     3    15   231   138   252     8    84    13   146    13
 52818  9454  3625  2007     4     3   231  2237    47     7    75    13   141    13
 52818  9454  3625  2007     4    16   231  1229  1328    30   113    15   210    15
 52818  9454  3625  2007     4    16   231  1725  1732    30   113    15   210    15
 52825  9625  3626  2007     4     3   231    11   308     5    97    13   176    13
 52825  9625  3626  2007     5     9   231  1627  2000     7    95    13   192    13
 52825  9625  3626  2007     5    10   231  2000  2025     7    90    14   185    15
 52833  9829  3655  2007     5     9   231  1945  2000     7    89    12   187    12
 52833  9829  3655  2007     5    10   231  2000  2350     7    97    12   187    12
 52836  9806  3618  2007     1    26   231  2108  2132    60   108    13   173    12
 52836  9806  3618  2007     4    14   231  1240  1815     5   145    14   242    13
 52836  9806  3618  2007     4    16   231  1530  1744     5   145    14   254    13
 52836  9806  3618  2007     5     9   231  1831  2000     3   141    13   230    13
 52836  9806  3618  2007     5    10   231  2000  2137     4    93    13   159    13
 52856 10037  3616  2007     4    16   231  1317  1527    80   163    13   259    13
 52868 10126  3602  2007     4    16   231  1515  1627   150    82    13   175    13
 52908  9305  3513  2007     3     1   231  1410  1620   400   168    12   241    12
 52908  9305  3513  2007    12    27   231  1422  1524   200   194    13   271    14
 52908  9305  3513  2007    12    30   231  1425  1447   150   191    13   256    13
 52943  9959  3535  2007     1    24   231  1517  1519   500   128    13   188    13
 52943  9959  3535  2007     4    13   231  1555  1604     7   174    14   249    15
 52955 10045  3535  2007     4    16   231  1630  1710   400    90    14   178    13
 53068 11158  4339  2007     3    30   231  1310  2000     4   180    13   237    13
 53068 11158  4339  2007     3    31   231  2000   143     0   195    13   275    13
 53068 11158  4339  2007     4    19   231  1411  1437    70   152    13   199    14
 53083 11409  4437  2007     3    30   231  1539  2000     2   159    13   236    13
 53083 11409  4437  2007     3    31   231  2000  2331     2   177    14   256    14
 53083 11409  4437  2007     4    29   231  1320  1329   120   146    12   218    12
 53149 11008  4232  2007     3    30   231  1442  2000     4   197    13   279    13
 53149 11008  4232  2007     3    31   231  2000  2208     8   167    14   224    14
 53149 11008  4232  2007     5    10   231   957  1244     8   131    13   170    13
 53149 11008  4232  2007     6     6   231  1720  1723   300   116     8   167     8
 53149 11008  4232  2007    12    28   231  2116   637     8   193    13   289    13
 53192 11457  4401  2007     3    30   231  1705  1920     5   146    13   199    13
 53192 11457  4401  2007     3    31   231  2045   110     4   170    12   236    12
 53192 11457  4401  2007     4    19   231  1538  1710     7   144    13   197    13
 53192 11457  4401  2007     5     3   231  1510  1516   150   130    14   190    13
 53195 11338  4352  2007     3    26   231  1205  1247   150   179    14   230    15
 53195 11338  4352  2007     3    30   231  1535  2000     3   200    13   251    12
 53195 11338  4352  2007     3    31   231  2000  2326     3   217    13   279    13
 53195 11338  4352  2007     4    19   231  1414  1626    30   178    13   243    14
 53195 11338  4352  2007     5    24   231  2014  2022   120   201    14   262    14
 53195 11338  4351  2007    12    28   231  1135  1510     8   183    12   244    13
 53231 10624  4124  2007     2    27   231   756  1820     6   206     7   305     7
 53231 10624  4124  2007     2    28   231  2140     4    40   181     7   224     7
 53231 10624  4124  2007     2    28   231   323   430    40   181     7   224     7
 53231 10624  4124  2007     3    30   231  1020  2000     3   168    12   221    12
 53231 10624  4124  2007     3    31   231  2000  2020     4   142    12   198    12
 53231 10624  4124  2007     3    31   231  1704  2000     4   142    12   198    12
 53231 10624  4124  2007     4     1   231  2000  2040   200   120    12   170    16
 53231 10624  4124  2007     5    10   231   506   958     3   157    12   205    12
 53231 10624  4124  2007     5    10   231  1555  1853     3   157    12   205    12
 53231 10624  4124  2007     5    14   231  1703  1835    40   124    12   177    13
 53231 10624  4124  2007     5    20   231  2017  2243    20   178     2   225     2
 53231 10624  4124  2007     5    23   231  1017  2000     4   172    12   222    12
 53231 10624  4124  2007     5    24   231  2000  2036     5   130    12   192    13
 53231 10624  4124  2007     5    29   231  1856  1925   150   162    10   216    10
 53231 10624  4124  2007     6    10   231   940  1020    55   166     8   215     8
 53231 10624  4124  2007     6    25   231  1906  1910   150    96    14   184    13
 53231 10624  4124  2007     7     8   231  1722  1730   300   132    16   180    16
 53231 10624  4124  2007     9    16   231  1437  1534   120   121    13   163    13
 53231 10624  4124  2007    12    27   231  1440  2000     4   174    12   219    12
 53231 10624  4124  2007    12    28   231  2000   115     4   174    12   228    12
 53272 11238  4245  2007     3    30   231  1603  2000     8   210    14 32744 32744
 53272 11238  4245  2007     3    31   231  2000   124     8   250    13 32744 32744
 53272 11238  4245  2007     4    19   231  1532  1815    80   200    15 32744 32744
 53272 11238  4245  2007     5    10   231  1336  1558     7   153    13 32744 32744
 53272 11238  4245  2007     5    23   231  1940  2000     8   227    14 32744 32744
 53272 11238  4245  2007     5    24   231  2000  2045     8   200    15 32744 32744
 53272 11238  4245  2007    12    28   231   135   715     8   230    13 32744 32744
 53276 11254  4224  2007     3    30   231  1314  1951     3   176    13   236    12
 53276 11254  4224  2007     4    19   231  1647  1821     8   155    14   212    13
 53276 11254  4224  2007     5     8   231  1031  1037    60   168     2   216     2
 53276 11254  4224  2007     5    15   231  1535  1715     2   192    13   260    13
 53276 11254  4224  2007    12    28   231   938  1429     0   166    13   233    12
 53289 11350  4214  2007     3    30   231  1502  2000     6   149    13   209    12
 53289 11350  4214  2007     3    31   231  2000   530     3   177    13   274    13
 53289 11350  4214  2007     5     8   231  1125  1150   200   144     3   227     3
 53289 11350  4214  2007     5    15   231  1630  1734   150   145    14   219    13
 53289 11350  4214  2007    12    28   231  1224  1722     5   159    13   203    13
 53324 10703  4104  2007     3    30   231  1358  2000     8   173    14 32744 32744
 53324 10703  4104  2007     3    31   231  2000  2030     8   100    13 32744 32744
 53336 10831  4134  2007     3    30   231  1145  1940     6   137    13   195    12
 53343 10958  4146  2007     3    30   231  1435  2000     2   230    13 32744 32744
 53343 10958  4146  2007     3    31   231  2000  2110     2   183    14 32744 32744
 53348 10908  4101  2007     3    30   231  1530  2000     8   110    14 32744 32744
 53348 10908  4101  2007     3    31   231  2000  2135     8    53    12 32744 32744
 53348 10908  4101  2007     5    15   231  1449  1630    90   100    15 32744 32744
 53348 10908  4101  2007     5    23   231  1722  1856    80    90    14 32744 32744
 53352 11026  4142  2007     3    30   231  1341  2000     3   140    12   232    13
 53352 11026  4142  2007     3    31   231  2000   240     3   115    12   184    13
 53357 11003  4102  2007     3    30   231  1757  1836    30   110    13 32744 32744
 53362 11141  4132  2007     2    27   231  1320  1405     9   125     9   210     9
 53362 11141  4132  2007     3    30   231  1605  2000     9   120    13   210    14
 53362 11141  4132  2007     3    31   231  2000    27     9   118    14   180    14
 53367 11114  4119  2007     3    30   231  1607  2000     7   210    16 32744 32744
 53367 11114  4119  2007     3    31   231  2000   234     6   167    15 32744 32744
 53367 11114  4119  2007     5    10   231  1325  1402     8   150    12 32744 32744
 53367 11114  4119  2007     5    15   231  1625  1709    80   220    16 32744 32744
 53367 11114  4119  2007     5    23   231  1856  2000     6   170    16 32744 32744
 53367 11114  4119  2007     5    24   231  2000  2023     6   160    16 32744 32744
 53368 11128  4105  2007     3    30   231  1551  2000     5   147    13   212    13
 53368 11128  4105  2007     3    31   231  2000   152     5   128    13   189    13
 53378 11237  4117  2007     3    30   231  1725  2000     7   170    13 32744 32744
 53378 11237  4117  2007     3    31   231  2000  2330     7   173    14 32744 32744
 53391 11400  4154  2007     3    30   231  1623  2000     6   112    12   212    12
 53391 11400  4154  2007     3    31   231  2000   536     5   146    14   232    13
 53419 10700  4020  2007     3    30   231  1517  1615   150    97    13   159    14
 53420 10707  4051  2007     3    30   231  1514  1720    60   140    13 32744 32744
 53457 11002  4024  2007     3    30   231  1730  1850    30   128    12   190    12
 53463 11141  4049  2007     3    30   231  1820  2000     6    83    12   142    15
 53463 11141  4049  2007     3    31   231  2000  2040     6    86    14   151    13
 53463 11141  4049  2007     5     7   231   350   430     8    61    15   108    16
 53464 11109  4041  2007     3    30   231  1835  1918    80    78    14   156    14
 53467 11111  4016  2007     3    30   231  1732  2000     8    99    13   149    13
 53467 11111  4016  2007     3    31   231  2000  2140     8    77    13   116    13
 53469 11149  4024  2007     3    30   231  1726  2000     7    91    13   156    14
 53469 11149  4024  2007     3    31   231  2001  2010     7    82    13   139    14
 53472 11234  4052  2007     5    15   231  1707  1820   200    97    14 32744 32744
 53480 11304  4102  2007     3    30   231  1938  2000     7   100    14   155    14
 53480 11304  4102  2007     3    31   231  2000   410     7   123    14   196    14
 53483 11352  4053  2007     3    31   231  2032  2150   120   123    15 32744 32744
 53502 10545  3947  2007     1    26   231  1233  1640     3   146    14   218    15
 53502 10545  3947  2007     3    27   231  1705  1940    15   144    13   217    16
 53502 10545  3947  2007     3    30   231  1115  1643     3   147    14   197    15
 53502 10545  3947  2007     4    14   231  1633  1957     7   141    14   223    13
 53502 10545  3947  2007     4    22   231  1301  2000     6   137     4   202     4
 53502 10545  3947  2007     4    23   231  2000  2320     7   138     4   202     4
 53502 10545  3947  2007     5     2   231  1111  1140    60   136    14   202    14
 53502 10545  3947  2007     5    10   231   531  1020     4   140    15   217    15
 53502 10545  3947  2007     5    15   231  1006  1812     7   136    14   215    14
 53502 10545  3947  2007     5    23   231  1324  1420     9   130    14   198    14
 53505 10524  3753  2007     3    27   231  1850  2000     4   167    14 32744 32744
 53505 10524  3753  2007     3    28   231  2000  2053     4   147    14 32744 32744
 53505 10524  3753  2007     4    14   231  1302  1926     6   160    13 32744 32744
 53505 10524  3753  2007     5     2   231  1445  1720    70   160    13 32744 32744
 53505 10524  3753  2007     5    10   231   733  1014     8   143    14 32744 32744
 53512 10648  3948  2007     6     9   231  1703  1713    60   130     8   173     9
 53513 10725  4045  2007     3    30   231  1310  2000     6    78    14   145    13
 53513 10725  4045  2007     3    31   231  2000  2013     9    58    13   111    13
 53529 10759  3906  2007     3    28   231  2123  2215     8   116    14   177    14
 53533 10844  3951  2007     3    30   231  1254  2000     8   130    14   206    15
 53533 10844  3951  2007     3    31   231  2000  2043     8    96    14   166    14
 53545 10944  3934  2007     3    30   231  1802  2000     8   130    13   233    14
 53545 10944  3934  2007     3    31   231  2000  2049     8    97    14   188    14
 53545 10944  3934  2007     4    11   231  1625  1630   250   131    14   214    14
 53553 11113  3952  2007     3    30   231  1615  1639    30   144    13   256    14
 53562 11140  3955  2007     3    30   231  1810  1934    20   122    12   186    13
 53602 10540  3850  2007     3    27   231  1604  2000     3   106    13   185    14
 53602 10540  3850  2007     3    28   231  2000  2030     3    63    15   122    15
 53602 10540  3850  2007     7     2   231  1656  1733   150    96     2   156     2
 53644 10850  3836  2007     5    15   231  1436  1550    30    96    14   183    14
 53646 10947  3816  2007     3    28   231  2335   208     8   175    13   263    15
 53646 10947  3816  2007     5    11   231  1140  1242     9   133    14   202    15
 53646 10947  3816  2007     5    15   231  1418  2000     7   151    14   205    13
 53646 10947  3816  2007     5    16   231  2000  2136     8   111    14   174    14
 53646 10947  3816  2007     5    23   231  1928  2000     7   100    15   150    15
 53646 10947  3816  2007     5    24   231  2000  2043     7   116    14   180    13
 53723 10723  3748  2007     1    26   231  1415  1626    70   132    14   196    14
 53723 10723  3748  2007     3    28   231  2125  2309   120   116    14   187    14
 53723 10723  3748  2007     5    10   231   910  1216    90    98    12   153    12
 53725 10735  3735  2007     3    28   231  2138  2304     8   141    15   205    15
 53725 10735  3735  2007     4    14   231  1252  1307     9   150    15   225    15
 53725 10735  3735  2007     4    30   231  1328  1508     9   120    16   178    15
 53725 10735  3735  2007     5     2   231  1548  1723     9   130    16   189    16
 53730 10729  3811  2007     3    28   231  2102  2230    60   113    14   206    14
 53740 10914  3756  2007     3    28   231  2332  2354   130   157    14   238    14
 53772 11233  3747  2007     4    12   231  1617  1630    60    98    15   178    14
 53810 10554  3658  2007    12    27   231  1454  1536    60   138    16   216    16
 53821 10718  3635  2007     5     2   231  1645  1706   170    97    16   162    16
 54012 11736  4435  2007     3    31   231  2348    58    80   150    12   209    12
 54012 11736  4435  2007     7    18   231  1847  1930   120   108     1   220    16
 54027 11924  4359  2007     6    11   231  1950  2000     4   122    12   210    12
 54027 11924  4359  2007     6    12   231  2000  2007     4   127    12   192    13
 54039 12201  4402  2007     6    24   231  1710  1720   200   110    14 32744 32744
 54041 12304  4448  2007     3    24   231  1155  1830     7   146    14   237    13
 54041 12304  4448  2007     5    15   231   829  1110    60   137     8   193     9
 54047 12317  4408  2007     5     7   231  1313  1330    90   132     1   198     1
 54102 11607  4357  2007     3    30   231  1810  2000     9   108    13   173    13
 54102 11607  4357  2007     3    31   231  2205   200     5   158    12   231    12
 54117 11732  4315  2007     3    31   231  2327   521     1   143    13   213    13
 54117 11732  4315  2007    12    28   231  1606  1921    20   115    13   173    13
 54122 12003  4353  2007     3    31   231   505  1336    15    96    13   195    14
 54122 12003  4353  2007     5     7   231   946  1027   150   171    16   383    15
 54122 12003  4353  2007     6    11   231  1750  1845   200   119    11   193    12
 54204 11500  4218  2007     3    31   231  2148    16    30   187    12 32744 32744
 54204 11500  4218  2007     4    19   231  1739  1850    60   137    15 32744 32744
 54204 11500  4218  2007    12    28   231  1420  1455    20   147    13 32744 32744
 54205 11600  4214  2007     3    31   231  2312   318     4   213    13   285    13
 54205 11600  4214  2007     4    19   231  1806  1932    30   174    14   238    14
 54205 11600  4214  2007    12    28   231  1446  1724    80   149    13   202    14
 54208 11628  4211  2007     4    19   231  1846  2000     8   133    14   180    15
 54208 11628  4211  2007     4    20   231  2000  2036     8   121    14   170    15
 55248  8425  3209  2007     1     2   231  1626  1703    90   145    13   234    12
 55248  8425  3209  2007     1     3   231  1450  1648    90   172    13   277    13
 55248  8425  3209  2007     4     3   231  1647  1815   500   151    14   248    14
 55569  8736  2905  2007     1     1   231  1635  1648   400   123    14   258    14
 55569  8736  2905  2007     1     2   231  1630  1725   400   134    14   240    15
 55578  8853  2915  2007     1    20   231  1636  1640   300   100    13   211    12
 55585  9010  2926  2007     1    21   231  1437  1439    90    89    11   254    11
 56004  9226  3413  2007     4    16   231  1720  1735   400   174     1   256     1
 56033  9813  3455  2007     3     8   231  1428  1709    50   157    14   249    16
 56033  9813  3455  2007     4    16   231  1750  1757   200   168    14   254    13
 56033  9813  3455  2007    12    27   231  1445  1456   400   156    14   248    14
 56046  9939  3345  2007     3    11   231  1841  1855     5   144    14   247    14
 56125  9629  3212  2007     4    16   231  1409  1415   400    94    14   184    13
