 50425 12011  5015  1998     5    15   231  1714  1740   150   153    12 32744 32744
 50548 12343  4912  1998     4    20   231   720  1448     4   187    12 32744 32744
 50548 12343  4912  1998     5    15   231  1340  1354     9    93    11 32744 32744
 50603 11649  4840  1998     4    19   231  1913  1952     9   157    11 32744 32744
 50834 12113  4636  1998     5    11   231  1237  1240   300   140    12 32744 32744
 50936 12250  4538  1998     5    31   231  1825  1844   150 32744 32744 32744 32744
 51068  8728  4707  1998     4    13   231  2037  2103   150   190    14 32744 32744
 51068  8728  4707  1998     4    18   231  1621  1858   120   197    15 32744 32744
 51133  8300  4644  1998     6    30   231  1942  1947     8    95    14   165    12
 51241  8336  4556  1998     4    12   231  1603  1706   400 32744 32744 32744 32744
 51241  8336  4556  1998     4    18   231  1545  1731   200 32744 32744 32744 32744
 51241  8336  4556  1998     5    10   231  1820  1915   150 32744 32744 32744 32744
 51241  8336  4556  1998     5    12   231  1453  1524   200 32744 32744 32744 32744
 51241  8336  4556  1998     6    27   231  2159  2205   400 32744 32744 32744 32744
 51243  8451  4537  1998     4    18   231  1650  1738   200   233    14   315    15
 51288  9032  4522  1998     4     8   231  1654  1727    15 32744 32744 32744 32744
 51288  9032  4522  1998     4    13   231   110   207     1 32744 32744 32744 32744
 51288  9032  4522  1998     4    18   231  1625  2000     8 32744 32744 32744 32744
 51288  9032  4522  1998     4    19   231  2000  2044   300 32744 32744 32744 32744
 51334  8254  4437  1998     4    18   231  1613  1639     2   120    16 32744 32744
 51334  8254  4437  1998     7     1   231  2017  2305   150   137    16 32744 32744
 51334  8254  4437  1998     7     5   231  2008  2015   300   100    16 32744 32744
 51365  8732  4412  1998     4    18   231  1444  1625    60 32744 32744 32744 32744
 51379  8934  4401  1998     4    18   231  1602  1932    30 32744 32744 32744 32744
 51437  8108  4309  1998     4    18   231  1223  1414     1 32744 32744 32744 32744
 51467  8618  4244  1998     4    18   231  1520  1737   500 32744 32744 32744 32744
 51477  8819  4321  1998     4     8   231  1522  1538   200   205    13   315    13
 51477  8819  4321  1998     4    18   231  1556  1638    15   206    13   283    13
 51495  9138  4329  1998     4     8   231  1830  1835    60 32744 32744 32744 32744
 51495  9138  4329  1998     4    18   231  1743  2000     4 32744 32744 32744 32744
 51495  9138  4329  1998     4    19   231  2000  2112    20 32744 32744 32744 32744
 51495  9138  4329  1998     4    19   231   710   735    20 32744 32744 32744 32744
 51495  9138  4329  1998     5     3   231  1915  1934    20 32744 32744 32744 32744
 51495  9138  4329  1998     5     4   231  2001  2108   120 32744 32744 32744 32744
 51542  8409  4302  1998     4    18   231  1418  1635    90   260    16 32744 32744
 51573  8912  4256  1998     3    17   231  1635  1720     8 32744 32744 32744 32744
 51573  8912  4256  1998     4    18   231  1918  1931    15    90    15 32744 32744
 51628  8014  4110  1998     5    14   231  2142  2305     5   157    15   258    14
 51628  8014  4110  1998     5    14   231    38   258     5   157    15   258    14
 51628  8014  4110  1998     7    30   231  2135  2142   100   123    11   196    11
 51628  8014  4110  1998     8    18   231  2030  2240   100   100    16   185    16
 51628  8014  4110  1998    10    10   231  1844  2000     8   104     1   167     1
 51628  8014  4110  1998    10    11   231  2000  2028   100    96    16   179     1
 51642  8415  4147  1998     3    17   231  1040  1740     6 32744 32744 32744 32744
 51642  8415  4147  1998     3    18   231  2313  2354     5 32744 32744 32744 32744
 51642  8415  4147  1998     4     9   231     7    15    80 32744 32744 32744 32744
 51644  8304  4143  1998     4    18   231  1642  1715    40   116    16   221    16
 51644  8304  4143  1998     5    20   231  2120  2153    50   102    16   198     1
 51709  7559  3928  1998     3    18   231  2335  2358     3    78     5   152     4
 51709  7559  3928  1998     5    27   231  2008  2017    50    80     1   148    16
 51709  7559  3928  1998     6    28   231  2303  2307   200    92     1   167     1
 51716  7834  3948  1998     3    18   231  2035   610     5   117     3 32744 32744
 51716  7834  3948  1998     3    28   231  1210  1230    30   100    15 32744 32744
 51716  7834  3948  1998     5    14   231  2145    35    70   123    16 32744 32744
 51716  7834  3948  1998     5    19   231  1638  1713    15    90    15 32744 32744
 51716  7834  3948  1998     5    20   231  2125     5    80    80     1 32744 32744
 51716  7834  3948  1998     7    25   231  1920  1928    70 32744 32744 32744 32744
 51720  7903  4030  1998     3    18   231  2005  2224    20 32744 32744 32744 32744
 51720  7903  4030  1998     4    18   231  1528  1556   250 32744 32744 32744 32744
 51720  7903  4030  1998     4    20   231  1630  1936    20 32744 32744 32744 32744
 51720  7903  4030  1998     4    21   231  2021  2050    40 32744 32744 32744 32744
 51720  7903  4030  1998     4    21   231  1623  1928    40 32744 32744 32744 32744
 51720  7903  4030  1998     4    22   231  2033  2308    40 32744 32744 32744 32744
 51720  7903  4030  1998     4    22   231  1422  1540    40 32744 32744 32744 32744
 51720  7903  4030  1998     4    27   231  1447  1453    80 32744 32744 32744 32744
 51720  7903  4030  1998     5     7   231  1415  1536    90 32744 32744 32744 32744
 51720  7903  4030  1998     5    13   231   813   929    80 32744 32744 32744 32744
 51720  7903  4030  1998     5    19   231  2133  2144    40 32744 32744 32744 32744
 51720  7903  4030  1998     5    19   231  1253  1521    40 32744 32744 32744 32744
 51720  7903  4030  1998     6     3   231  1724  1811    80 32744 32744 32744 32744
 51720  7903  4030  1998     6    17   231   301   340   120 32744 32744 32744 32744
 51720  7903  4030  1998     6    21   231  1850  1920   400 32744 32744 32744 32744
 51720  7903  4030  1998     6    23   231   427   506   150 32744 32744 32744 32744
 51720  7903  4030  1998     7     6   231  1832  1854   350 32744 32744 32744 32744
 51720  7903  4030  1998     7    19   231  2240  2315    60 32744 32744 32744 32744
 51720  7903  4030  1998     7    19   231   230   247    60 32744 32744 32744 32744
 51720  7903  4030  1998     7    23   231  2338  2343   200 32744 32744 32744 32744
 51720  7903  4030  1998     7    24   231  2145  2218   120 32744 32744 32744 32744
 51720  7903  4030  1998     7    26   231  2004  2009   250 32744 32744 32744 32744
 51720  7903  4030  1998     8    17   231  1940  2000     9 32744 32744 32744 32744
 51720  7903  4030  1998     8    18   231  2000  2003   300 32744 32744 32744 32744
 51720  7903  4030  1998     8    24   231  1108  1120   300 32744 32744 32744 32744
 51720  7903  4030  1998    10    11   231  2310  2355   200 32744 32744 32744 32744
 51720  7903  4030  1998    10    11   231   135   250   200 32744 32744 32744 32744
 51720  7903  4030  1998    10    15   231  1415  1419    90 32744 32744 32744 32744
 51730  8103  4030  1998     3    17   231  1612  2000     5 32744 32744 32744 32744
 51730  8103  4030  1998     3    18   231  2000  2208    20 32744 32744 32744 32744
 51730  8103  4030  1998     3    28   231  1541  1811    40 32744 32744 32744 32744
 51730  8103  4030  1998     4    27   231  1740  1748    60 32744 32744 32744 32744
 51730  8103  4030  1998     4    29   231  1922  1941    40 32744 32744 32744 32744
 51730  8103  4030  1998     5    13   231  1255  1258   180 32744 32744 32744 32744
 51730  8103  4030  1998     5    18   231  2105  2210   150 32744 32744 32744 32744
 51730  8103  4030  1998     5    20   231  2009  2034    70 32744 32744 32744 32744
 51730  8103  4030  1998     7    23   231  1935  2000     6 32744 32744 32744 32744
 51730  8103  4030  1998     7    24   231  2000  2025   200 32744 32744 32744 32744
 51765  8742  4038  1998     3    17   231   613  2000     4 32744 32744 32744 32744
 51765  8742  4038  1998     3    18   231  2000   824     6 32744 32744 32744 32744
 51765  8742  4038  1998     3    28   231  1332  1420     7 32744 32744 32744 32744
 51765  8742  4038  1998     3    28   231  1928  2000     7 32744 32744 32744 32744
 51765  8742  4038  1998     3    29   231  2000  2210   150 32744 32744 32744 32744
 51765  8742  4038  1998     4    21   231   936  1133    60 32744 32744 32744 32744
 51765  8742  4038  1998     4    22   231   842  1325    40 32744 32744 32744 32744
 51765  8742  4038  1998     4    30   231  2014  2020   250 32744 32744 32744 32744
 51765  8742  4038  1998     5    14   231  2316    23    80 32744 32744 32744 32744
 51765  8742  4038  1998     7     1   231  1853  2000     8 32744 32744 32744 32744
 51765  8742  4038  1998     7     2   231  2000  2110   250 32744 32744 32744 32744
 51777  8810  3902  1998     3    17   231  1047  2000     2   150     5   227     5
 51777  8810  3902  1998     3    18   231  2000  2022    70   121     5   208     5
 51777  8810  3902  1998     7    20   231  1710  1725   180   138    11   238    11
 51804  7514  3747  1998     2    13   231  1846  1921   200    80     2 32744 32744
 51804  7514  3747  1998     3    13   231  1715  1730   550 32744 32744 32744 32744
 51811  7716  3826  1998     3    18   231   216  1020     7 32744 32744 32744 32744
 51811  7716  3826  1998     4    21   231  2024  2120     6 32744 32744 32744 32744
 51811  7716  3826  1998     4    26   231    40    57    20 32744 32744 32744 32744
 51811  7716  3826  1998     4    27   231  2310  2327    60 32744 32744 32744 32744
 51811  7716  3826  1998     5     4   231  2057  2340    40 32744 32744 32744 32744
 51811  7716  3826  1998     5     4   231   307   525    40 32744 32744 32744 32744
 51811  7716  3826  1998     5    11   231  1604  1706    60 32744 32744 32744 32744
 51811  7716  3826  1998     5    13   231  1340  2000     6 32744 32744 32744 32744
 51811  7716  3826  1998     5    14   231  2000  2210    40 32744 32744 32744 32744
 51811  7716  3826  1998     5    19   231   115   140    20 32744 32744 32744 32744
 51811  7716  3826  1998     6     1   231  1620  1708    60 32744 32744 32744 32744
 51818  7817  3737  1998     4    13   231   540  1132    20    77    12 32744 32744
 51818  7817  3737  1998     5     4   231  2325    30    10    70    15 32744 32744
 51818  7817  3737  1998     5     4   231   535   553    10    70    15 32744 32744
 51818  7817  3737  1998     5    11   231  1803  1932    15    67    15 32744 32744
 51818  7817  3737  1998     5    13   231  1833  1847    12    67    15 32744 32744
 51818  7817  3737  1998     5    14   231   807   822    30    63     9 32744 32744
 51818  7817  3737  1998     5    27   231  2227  2236    90    77    15 32744 32744
 51818  7817  3737  1998     6     7   231  2120  2145   100    63    10 32744 32744
 51818  7817  3737  1998     6    26   231  1902  1941    20    73    12 32744 32744
 51818  7817  3737  1998     7     1   231    52   120    40    73    16 32744 32744
 51818  7817  3737  1998     7    20   231   105   120   100    70    16 32744 32744
 51818  7817  3737  1998     8     2   231  1930  1940    30    50    10 32744 32744
 51818  7817  3737  1998     9    14   231  2355   132    40    70    14 32744 32744
 51828  7956  3708  1998     3    18   231   209   407     8    67     4   125     4
 51828  7956  3708  1998     4    13   231   835  1220    20    88    11   144    11
 51828  7956  3708  1998     4    13   231  1547  1641    20    88    11   144    11
 51828  7956  3708  1998     4    27   231  1426  1742    20    67    16   127    14
 51828  7956  3708  1998     5     4   231   327   628    10    75    14   165    12
 51828  7956  3708  1998     5    12   231  2106  2310    15    66    14   123    15
 51828  7956  3708  1998     5    13   231  1015  1125    40    66    13   125    14
 51828  7956  3708  1998     5    14   231  2122  2338    25    61    13   125    15
 51828  7956  3708  1998     5    19   231   135   358     7    76    16   169    15
 51828  7956  3708  1998     5    21   231   120   319     5    61     5   127     5
 51828  7956  3708  1998     6     8   231  2008  2025    80    85    12   140    12
 51828  7956  3708  1998     6    17   231   902  1020    40    64    12   123    14
 51828  7956  3708  1998     7     1   231   306   540    60    79    13   154    15
 51828  7956  3708  1998     8     2   231  1955  2000     9    40    10 32744 32744
 51828  7956  3708  1998     8     3   231  2000  2016    70    60    10 32744 32744
 51828  7956  3708  1998     9    14   231   248   332    40    67    14     0 32744
 51828  7956  3708  1998    10    11   231   121   438     6    77    14   158    14
 51839  8243  3704  1998     1     3   231  1623  1747    25    80    13 32744 32744
 51839  8243  3704  1998     3    18   231  2206   127     3    77     3 32744 32744
 51839  8243  3704  1998     3    31   231   830  1405     7   107    12 32744 32744
 51839  8243  3704  1998     4     8   231  1044  1535     4   100    12 32744 32744
 51839  8243  3704  1998     4    13   231  1555  2000     9    90    11 32744 32744
 51839  8243  3704  1998     4    14   231  2000  2038    35    80    11 32744 32744
 51839  8243  3704  1998     4    22   231  1715  1813     4    70     3 32744 32744
 51839  8243  3704  1998     4    23   231  2052  2310     6    53     3 32744 32744
 51839  8243  3704  1998     4    26   231   535   815     6    70    12 32744 32744
 51839  8243  3704  1998     4    27   231  1937  1950     3    57    14 32744 32744
 51839  8243  3704  1998     4    28   231  2003  2125     8    57     3 32744 32744
 51839  8243  3704  1998     4    30   231   407   547     6    70     3 32744 32744
 51839  8243  3704  1998     5     4   231   604  1437     2   130    13 32744 32744
 51839  8243  3704  1998     5    12   231   212   427    40    83    12 32744 32744
 51839  8243  3704  1998     5    14   231   205   530    15    70    13 32744 32744
 51839  8243  3704  1998     5    19   231   750  1010     7    93    12 32744 32744
 51839  8243  3704  1998     5    21   231  2025  2218    30    57     3 32744 32744
 51839  8243  3704  1998     5    28   231  1035  1050    40    77    11 32744 32744
 51839  8243  3704  1998     6     4   231   220   627    40    70    12 32744 32744
 51839  8243  3704  1998     6     8   231   118   417     7   100    12 32744 32744
 51839  8243  3704  1998     6    13   231   621  1226     6   110    12 32744 32744
 51839  8243  3704  1998     6    28   231   820   934    12    90    13 32744 32744
 51839  8243  3704  1998     7     1   231   717  1206     2   120    12 32744 32744
 51839  8243  3704  1998     7    19   231  1125  1432     4    70    12 32744 32744
 51839  8243  3704  1998     7    23   231  1041  1136     3    80    12 32744 32744
 51839  8243  3704  1998     7    23   231  1910  2000     3    80    12 32744 32744
 51839  8243  3704  1998     7    24   231  2000  2116    60    90    11 32744 32744
 51839  8243  3704  1998     7    27   231   943  1106    35    70    11 32744 32744
 51839  8243  3704  1998     7    28   231   820  1530     9   100    12 32744 32744
 51839  8243  3704  1998     8     7   231  2205   235     8    90    11 32744 32744
 51839  8243  3704  1998     8    27   231    25   110    80    90    10 32744 32744
 51839  8243  3704  1998     9    14   231   808  1138    30    87    12 32744 32744
 51839  8243  3704  1998     9    18   231  1312  1526     4    70     2 32744 32744
 51839  8243  3704  1998    10    11   231   718   940     6   100    12 32744 32744
 51839  8243  3704  1998    11    16   231  1317  1428     8    80    13 32744 32744
 51848  8339  3756  1998     3    17   231  1905  2000     2    80     5 32744 32744
 51848  8339  3756  1998     3    18   231  2000  1207     3   100     4 32744 32744
 51848  8339  3756  1998     4    22   231  1712  2000     4    80     5 32744 32744
 51848  8339  3756  1998     4    23   231  2000  2132    20    77     4 32744 32744
 51848  8339  3756  1998     4    27   231  1954  2000     2    43     1 32744 32744
 51848  8339  3756  1998     4    28   231  2000  2232    40    90    16 32744 32744
 51848  8339  3756  1998     4    30   231    30   840     6    70     5 32744 32744
 51848  8339  3756  1998     5     4   231   815  1425     8    80    10 32744 32744
 51848  8339  3756  1998     5    14   231  2100  2126    20    77    16 32744 32744
 51848  8339  3756  1998     5    14   231   222   711    20    77    16 32744 32744
 51848  8339  3756  1998     5    20   231   101   340     2    67     1 32744 32744
 51848  8339  3756  1998     5    20   231  1618  1720     2    67     1 32744 32744
 51848  8339  3756  1998     6     5   231  2137  2154    60    60    11 32744 32744
 51848  8339  3756  1998     6     8   231   232   305    40    43    14 32744 32744
 51848  8339  3756  1998     6    22   231  2217  2221    60    60    15 32744 32744
 51848  8339  3756  1998     7     1   231  1532  1617    50    73    15 32744 32744
 51848  8339  3756  1998     7    19   231  1430  1852    20    90    16 32744 32744
 51848  8339  3756  1998     8     1   231  1420  1557    70    80    15 32744 32744
 51855  8533  3809  1998     3    17   231  1732  2000     3 32744 32744 32744 32744
 51855  8533  3809  1998     3    18   231  2000   122     8 32744 32744 32744 32744
 51855  8533  3809  1998     4    22   231  1634  2000     6 32744 32744 32744 32744
 51855  8533  3809  1998     4    23   231  2000  2036    80 32744 32744 32744 32744
 51855  8533  3809  1998     5    14   231   810   945    15 32744 32744 32744 32744
 51855  8533  3809  1998     6    20   231  1708  1720   180 32744 32744 32744 32744
 51855  8533  3809  1998     9    15   231  1205  1330    15 32744 32744 32744 32744
 51886  9051  3815  1998     1     3   231  1323  1643   180   130    14 32744 32744
 51886  9051  3815  1998     2    12   231  1415  1641   160   190    14 32744 32744
 51886  9051  3815  1998     3    14   231  1529  1714   200   190    14 32744 32744
 51886  9051  3815  1998     3    15   231  1439  1834   250   210    14 32744 32744
 51886  9051  3815  1998     3    16   231  1516  1603   280   150    14 32744 32744
 51886  9051  3815  1998     3    17   231  1306  1423     5   183    14 32744 32744
 51886  9051  3815  1998     3    17   231  1845  1848     5   183    14 32744 32744
 51886  9051  3815  1998     3    26   231  1710  1718   220   200    14 32744 32744
 51886  9051  3815  1998     4    22   231  1550  2000     8   240    15 32744 32744
 51886  9051  3815  1998     4    23   231  2000  2128    70   180    14 32744 32744
 51886  9051  3815  1998     4    30   231  1521  1522   120   120    15 32744 32744
 51886  9051  3815  1998     5     7   231  1928  1930    60   127     2 32744 32744
 51886  9051  3815  1998     5    14   231  1527  1530     7   200    15 32744 32744
 51886  9051  3815  1998     5    14   231  1835  2000     7   200    15 32744 32744
 51886  9051  3815  1998     5    15   231  2000  2025    70   183    15 32744 32744
 51886  9051  3815  1998     5    31   231  1528  1535   300   173    15 32744 32744
 51886  9051  3815  1998     9    18   231  1211  1542    80   220    15 32744 32744
 51886  9051  3815  1998    10    12   231  1631  1638    80   177    15 32744 32744
 51886  9051  3815  1998    10    23   231  1529  1558   400   170    15 32744 32744
 51886  9051  3815  1998    11    15   231  1519  1639   150   187    15 32744 32744
 51886  9051  3815  1998    12     5   231  1403  1415   400   167    14 32744 32744
 51931  8139  3651  1998     4    13   231  1205  1427     8    87    14 32744 32744
 51931  8139  3651  1998     4    27   231  1805  2000     6    80    15 32744 32744
 51931  8139  3651  1998     4    28   231  2000  2025    30    50    15 32744 32744
 51931  8139  3651  1998     5    20   231    21    47    50    97    12 32744 32744
 51931  8139  3651  1998     6     8   231  2203  2311    70    87    13 32744 32744
 51931  8139  3651  1998     7     1   231   548   733     9    70    13 32744 32744
 51931  8139  3651  1998    10    11   231   625   643    40    90    15 32744 32744
 52101  9300  4336  1998     4    18   231  1516  2000     1 32744 32744 32744 32744
 52101  9300  4336  1998     4    19   231  2000  2025    80 32744 32744 32744 32744
 52118  9442  4316  1998     4    19   231  2002  2210    14 32744 32744 32744 32744
 52203  9331  4249  1998     3    27   231  1406  1433   160    77    15 32744 32744
 52203  9331  4249  1998     4    19   231   704   907     9   100     3 32744 32744
 52267 10104  4157  1998     4    14   231  1941  1954     3   120    14 32744 32744
 52267 10104  4157  1998     4    15   231   911  1330    20   190    15 32744 32744
 52267 10104  4157  1998     5     4   231  1048  1810     8   147    16 32744 32744
 52267 10104  4157  1998     5    20   231   720  1228     1   153    14 32744 32744
 52267 10104  4157  1998     7     6   231  1856  1906    80    80     3 32744 32744
 52323  9702  4148  1998     4    19   231  2256   130    20   160    16 32744 32744
 52323  9702  4148  1998     5    19   231  1850  2000     3   170    16 32744 32744
 52323  9702  4148  1998     5    20   231  2000  2155    70   153    16 32744 32744
 52378 10222  4122  1998     3     6   231  1755  1810    70   150     4 32744 32744
 52378 10222  4122  1998     3    17   231  1803  2000     6   190    13 32744 32744
 52378 10222  4122  1998     3    18   231  2000  2104    90   187    13 32744 32744
 52378 10222  4122  1998     4    12   231  1212  1609     6   140    13 32744 32744
 52378 10222  4122  1998     4    15   231   820  1835     8   187    15 32744 32744
 52378 10222  4122  1998     4    19   231   305  1100     6   150    13 32744 32744
 52378 10222  4122  1998     4    27   231  1851  1927    30   140    16 32744 32744
 52378 10222  4122  1998     4    30   231  1432  1610   200   177    14 32744 32744
 52378 10222  4122  1998     5    10   231  1750  1754   200   140    15 32744 32744
 52378 10222  4122  1998     5    15   231  1215  1856     8   147    13 32744 32744
 52378 10222  4122  1998     5    26   231   806   915   150   110     4 32744 32744
 52378 10222  4122  1998     5    31   231  1420  1436   200   160    13 32744 32744
 52378 10222  4122  1998     6     6   231   409  1125     8   183     5 32744 32744
 52378 10222  4122  1998     6    16   231  1538  1740   150   140    13 32744 32744
 52378 10222  4122  1998     6    17   231  1522  1543   150   127    13 32744 32744
 52378 10222  4122  1998     6    26   231  1325  1530     8   150    13 32744 32744
 52378 10222  4122  1998     7     3   231  1049  1102   200   123    13 32744 32744
 52378 10222  4122  1998    11     1   231  1013  1205    30   163    13 32744 32744
 52424  9546  4032  1998     9    14   231  1302  1730     7   130     6 32744 32744
 52436  9702  4016  1998     5    20   231  1433  1705    80   120    12 32744 32744
 52436  9702  4016  1998     8    22   231   948  1040    20   110    14 32744 32744
 52446  9931  4018  1998     4    19   231   240   410    40   147     1 32744 32744
 52446  9931  4018  1998     4    22   231  1735  1932    12   197    16 32744 32744
 52446  9931  4018  1998     5    27   231  2050  2107   150   120    16 32744 32744
 52446  9931  4018  1998     5    27   231   510   525   150   120    16 32744 32744
 52446  9931  4018  1998     6    16   231  1523  1604   300   167    16 32744 32744
 52446  9931  4018  1998     7     2   231  1905  1926    20   123    13 32744 32744
 52446  9931  4018  1998     7     3   231  2257  2320   200   120    14 32744 32744
 52446  9931  4018  1998     7    13   231  1719  1740   300   120    14 32744 32744
 52446  9931  4018  1998     8     3   231  1946  1959     6    90    14 32744 32744
 52446  9931  4018  1998     8    22   231  1834  1941    17   127    13 32744 32744
 52447  9854  4000  1998     3    27   231  1634  1644   200   147    14 32744 32744
 52447  9854  4000  1998     4    15   231  1318  1520     6   140    15 32744 32744
 52447  9854  4000  1998     5    14   231   812  1137    12   123    14 32744 32744
 52447  9854  4000  1998     6    17   231  1506  1520   300   110    14 32744 32744
 52495 10448  4010  1998     2     8   231  1411  2000     4   190    14 32744 32744
 52495 10448  4010  1998     2     9   231  2000  2113   120   193    15 32744 32744
 52495 10448  4010  1998     3    26   231  1610  1735    90   170    13 32744 32744
 52495 10448  4010  1998     4    12   231  1306  1542    20   180    15 32744 32744
 52495 10448  4010  1998     4    15   231  1031  1915     1   220    15 32744 32744
 52495 10448  4010  1998     4    20   231  1016  1405     9   157    10 32744 32744
 52495 10448  4010  1998     4    30   231  1905  1940    40   203    15 32744 32744
 52495 10448  4010  1998    11     1   231  1216  1237    90   180    13 32744 32744
 52533  9829  3946  1998     3    26   231  1433  1506    60   135    14   200    14
 52533  9829  3946  1998     3    27   231  1206  1210    80   124    14   183    16
 52533  9829  3946  1998     6    17   231  1542  1608   120   106    14   192    14
 52546  9950  3922  1998     4    15   231  1335  1720     8   100    16 32744 32744
 52546  9950  3922  1998     4    22   231  1933  2000     4    97     1 32744 32744
 52546  9950  3922  1998     4    23   231  2000  2026   150    80    15 32744 32744
 52546  9950  3922  1998     4    27   231   335   420   110    83    13 32744 32744
 52546  9950  3922  1998     6    17   231  1616  1623    80    80     2 32744 32744
 52576 10141  3913  1998     4    15   231  1210  1245    50   143    15 32744 32744
 52576 10141  3913  1998     4    30   231  1520  1628   200   137    15 32744 32744
 52576 10141  3913  1998     7    14   231  2007  2145   300   143    14 32744 32744
 52602  9320  3845  1998     2    12   231  1435  1527   250   190    15 32744 32744
 52602  9320  3845  1998     3    18   231   904  1023    40   207    14 32744 32744
 52602  9320  3845  1998     4    22   231  1546  1804    20   180    13 32744 32744
 52602  9320  3845  1998     5    20   231  1219  1540     3   230    15 32744 32744
 52602  9320  3845  1998     5    22   231  1603  1615   120   187    15 32744 32744
 52602  9320  3845  1998     7     2   231  1217  1506   180   180 32744 32744 32744
 52602  9320  3845  1998     7    23   231  1701  1708   300   200    14 32744 32744
 52602  9320  3845  1998     8    14   231  1730  1815   500   203    15 32744 32744
 52602  9320  3845  1998     9    15   231  1950  1958     7   190    14 32744 32744
 52602  9320  3845  1998     9    18   231  1152  1724     6   210    15 32744 32744
 52633  9825  3848  1998     1     2   231  1524  1533   300   110    14 32744 32744
 52633  9825  3848  1998     2    12   231  1904  1908   250   150    14 32744 32744
 52633  9825  3848  1998     3    18   231  1028  1957     3   180    13 32744 32744
 52633  9825  3848  1998     3    20   231  1540  1720   200   160    15 32744 32744
 52633  9825  3848  1998     3    22   231  1630  1832   200   173    14 32744 32744
 52633  9825  3848  1998     4    10   231  1535  1850   250   190    14 32744 32744
 52633  9825  3848  1998     4    22   231  1643  2000     1   180    14 32744 32744
 52633  9825  3848  1998     4    23   231  2000  2017   300   130    14 32744 32744
 52633  9825  3848  1998     4    29   231  1532  1555   200   150    14 32744 32744
 52633  9825  3848  1998     5     4   231  1649  1658   300   190    14 32744 32744
 52633  9825  3848  1998     5    14   231  1540  2000     8   180    14 32744 32744
 52633  9825  3848  1998     5    15   231  2000  2014   120   160    14 32744 32744
 52633  9825  3848  1998     5    27   231  1218  1235   250   150    13 32744 32744
 52633  9825  3848  1998    11    15   231  1205  1520     7   170    13 32744 32744
 52633  9825  3848  1998    11    26   231  1412  1506   200   150    13 32744 32744
 52652 10026  3856  1998     4    15   231  1411  1731    50   107    15   169    16
 52652 10026  3856  1998     4    23   231  2050  2124    80    83    15   169    16
 52652 10026  3856  1998     4    29   231  1742  1820   120   128    14   200    13
 52652 10026  3856  1998     7    28   231  1848  1902   300   106    13   181    13
 52674 10158  3814  1998     4    19   231   920  1010     3   103    14 32744 32744
 52679 10240  3755  1998     4    15   231  1638  1714    25   119    15   204    14
 52679 10240  3755  1998     5    20   231  1837  1923    15    83    16   165     1
 52681 10305  3838  1998     1    19   231  1512  1543   250   119    15   167    14
 52681 10305  3838  1998     2    16   231  1706  1728    50    99     6   148     7
 52681 10305  3838  1998     4    15   231   939  1610     3   166    14   252    15
 52681 10305  3838  1998     4    19   231   736   907     7    81    15   115    15
 52681 10305  3838  1998     4    27   231   853  1108   150   102    15   146    16
 52681 10305  3838  1998     4    30   231  1803  1925    14   136    15   206    15
 52681 10305  3838  1998     5    20   231   952  1021    80   117    16   179    16
 52681 10305  3838  1998     6    18   231  2023  2030   300   116    16   210     1
 52681 10305  3838  1998     7    14   231  2303  2341   200   100    13   163    13
 52681 10305  3838  1998    11     1   231  1130  1510     8   155    14   231    13
 52707  9341  3648  1998     4    22   231  1855  1922    30   190    16 32744 32744
 52707  9341  3648  1998     4    26   231  1939  1940   250    97     8 32744 32744
 52707  9341  3648  1998     5     4   231   102   136    30   190    13 32744 32744
 52707  9341  3648  1998     5    14   231   720   935     6   203    14 32744 32744
 52707  9341  3648  1998     7    12   231  1925  1928   250   120    12 32744 32744
 52754 10008  3720  1998     1     3   231  1650  1655   200   147    12 32744 32744
 52754 10008  3720  1998     1     7   231  1312  1327   200   123    14 32744 32744
 52754 10008  3720  1998     1    26   231  1402  1615   150   197    13 32744 32744
 52754 10008  3720  1998     2    10   231  1706  1709   300   123    13 32744 32744
 52754 10008  3720  1998     2    12   231  1535  1615   200   147    13 32744 32744
 52754 10008  3720  1998     3    31   231  1401  1740    90   177    14 32744 32744
 52754 10008  3720  1998     4    10   231  1809  1831   200   130    15 32744 32744
 52754 10008  3720  1998     4    23   231  1338  1618     7   150    13 32744 32744
 52754 10008  3720  1998     5    13   231  1742  1744   250   157    16 32744 32744
 52754 10008  3720  1998    10    23   231  1652  1655   250   130    12 32744 32744
 52754 10008  3720  1998    10    24   231  1301  1431   200   160    13 32744 32744
 52754 10008  3720  1998    11    26   231  1409  1516   250   157    14 32744 32744
 52754 10008  3720  1998    11    29   231  1439  1617   250   143    13 32744 32744
 52754 10008  3720  1998    12     2   231  1439  1528   200   157    13 32744 32744
 52754 10008  3720  1998    12    29   231  1441  1444   200   137    14 32744 32744
 52765 10137  3723  1998     3    16   231  1504  1504   300   130    11 32744 32744
 52765 10137  3723  1998     3    29   231  1642  1644   280   100    14 32744 32744
 52765 10137  3723  1998     4    19   231  1501  1502   150   100    10 32744 32744
 52765 10137  3723  1998    11    29   231  1447  1449   300   130    12 32744 32744
 52765 10137  3723  1998    12     6   231  1332  1609   300   110    14 32744 32744
 52818  9454  3625  1998     4    23   231  2002  2125   150   110    15 32744 32744
 52818  9454  3625  1998     5    21   231  2041  2049   120    77    15 32744 32744
 52825  9625  3626  1998     2    12   231   435   510   200   113    12 32744 32744
 52825  9625  3626  1998     5    19   231  1906  1930   110   103    14 32744 32744
 52836  9806  3618  1998     4    29   231  1710  1725    90    90    14 32744 32744
 52842  9905  3647  1998     2    12   231  1234  1259    50   217    13 32744 32744
 52842  9905  3647  1998     6    24   231  1631  1633   200   113     5 32744 32744
 52842  9905  3647  1998     7    29   231  1657  1702   300   170     1 32744 32744
 52856 10037  3616  1998    12     2   231  1606  1609   300   200    14 32744 32744
 52895 10441  3634  1998     4    15   231  1938  2000     6    73    16 32744 32744
 52895 10441  3634  1998     4    16   231  2000  2115    80    80    16 32744 32744
 52895 10441  3634  1998     4    19   231  1503  1701    20    70     2 32744 32744
 52895 10441  3634  1998     5    27   231  1538  1604    60    97    16 32744 32744
 52908  9305  3513  1998     1    14   231  1150  1551    80   260    13 32744 32744
 52908  9305  3513  1998     1    24   231  1515  1525   250   233    13 32744 32744
 52908  9305  3513  1998     3    17   231  1252  1354     9   213    12 32744 32744
 52908  9305  3513  1998     3    19   231  1542  1647   200   220    13 32744 32744
 52908  9305  3513  1998     3    20   231  1338  1535     6   233    13 32744 32744
 52908  9305  3513  1998     5    22   231  1556  1559   300   160    16 32744 32744
 52908  9305  3513  1998    11    30   231  1445  1820    80   217    13 32744 32744
 52943  9959  3535  1998     1    26   231  1640  1642   450   163    14 32744 32744
 52943  9959  3535  1998     2     8   231  1514  1549   450   157    13 32744 32744
 52943  9959  3535  1998     2    11   231   909   941    80   160    13 32744 32744
 52943  9959  3535  1998     2    12   231  1556  1633   300   120    13 32744 32744
 52943  9959  3535  1998     3    16   231  1351  1410     8   137    14 32744 32744
 52943  9959  3535  1998     3    17   231  1349  1441     7   167    12 32744 32744
 52943  9959  3535  1998    11    16   231  1234  1536   400   137    13 32744 32744
 52943  9959  3535  1998    11    30   231  1441  1444   300   143    12 32744 32744
 52943  9959  3535  1998    12     6   231  1326  1443     9   150    12 32744 32744
 52957 10039  3516  1998     3     7   231  1708  1714   500   100    13 32744 32744
 52957 10039  3516  1998     3    14   231  1533  1550   400   110    16 32744 32744
 52957 10039  3516  1998     3    17   231  1243  1324   200   160    13 32744 32744
 52957 10039  3516  1998     4    24   231  1609  1610   400   130     1 32744 32744
 52957 10039  3516  1998    12     6   231  1132  1142   150   190    14 32744 32744
 53068 11158  4339  1998     4    19   231  1334  1954     5   250    13 32744 32744
 53068 11158  4339  1998     5    18   231  1223  1236   250   150    11 32744 32744
 53083 11409  4437  1998     3    17   231  1731  2000     8   177     3 32744 32744
 53083 11409  4437  1998     3    18   231  2000  2232   120   193     3 32744 32744
 53083 11409  4437  1998     4    19   231  1310  1910     8   200    12 32744 32744
 53149 11008  4232  1998     2    17   231  1037  1120   150   170     9 32744 32744
 53149 11008  4232  1998     3    27   231  1310  1325   150   167    12 32744 32744
 53149 11008  4232  1998     4    15   231  1225  1655     8   190    12 32744 32744
 53149 11008  4232  1998     4    19   231  1241  1654     4   200    11 32744 32744
 53149 11008  4232  1998     5    18   231  1503  1503   600   150    12 32744 32744
 53149 11008  4232  1998     6     1   231  1604  1607   600   157    12 32744 32744
 53192 11457  4401  1998     3    17   231  1720  1914    90   133     2 32744 32744
 53192 11457  4401  1998     4    15   231  1306  1530     8   140    12 32744 32744
 53192 11457  4401  1998     4    19   231  1310  1852     7   153    12 32744 32744
 53192 11457  4401  1998     4    22   231  1603  1955     8   140     2 32744 32744
 53192 11457  4401  1998     5    18   231  1517  1542   300   157    12 32744 32744
 53195 11138  4352  1998     3    17   231  1750  2000     4   150     4 32744 32744
 53195 11138  4352  1998     3    18   231  2000  2235    12   160     3 32744 32744
 53195 11138  4352  1998     3    19   231  1013  1528     6   157    14 32744 32744
 53195 11138  4352  1998     3    26   231  1419  1425   120   150    12 32744 32744
 53195 11138  4352  1998     3    27   231  1457  1502   200   170    13 32744 32744
 53195 11138  4352  1998     4    11   231  1251  1519     8   217    13 32744 32744
 53195 11138  4352  1998     4    15   231  1413  1543   120   170    13 32744 32744
 53195 11138  4352  1998     4    19   231  1401  2000     3   220    14 32744 32744
 53195 11138  4352  1998     4    20   231  2000  2350    20   160    14 32744 32744
 53195 11138  4352  1998     4    25   231  1551  1623   150   180    13 32744 32744
 53231 10624  4124  1998     3     7   231  1030  1120   150   250     7 32744 32744
 53231 10624  4124  1998     3    26   231  1512  1840    30   170    12 32744 32744
 53231 10624  4124  1998     4    12   231  1420  1450    60   180    13 32744 32744
 53231 10624  4124  1998     4    15   231   945  1532     6   210    13 32744 32744
 53231 10624  4124  1998     4    27   231  1922  2000     8   170     2 32744 32744
 53231 10624  4124  1998     4    28   231  2000  2305   120   160     2 32744 32744
 53231 10624  4124  1998     5     1   231  2015  2120   150   190    14 32744 32744
 53276 11254  4224  1998     4    15   231  1221  1805     6   158    13   225    13
 53276 11254  4224  1998     4    19   231  1505  1835    10   163    12   283    13
 53276 11254  4224  1998     6    10   231  1627  1628   400    97    15   242    15
 53336 10831  4134  1998     4    15   231  1220  1925     4   150    13 32744 32744
 53336 10831  4134  1998     6     1   231  1530  1540   200   147    16 32744 32744
 53336 10831  4134  1998     6    17   231   613   627   250   157    15 32744 32744
 53352 11026  4142  1998     2    17   231  1038  1716     7   120    10 32744 32744
 53352 11026  4142  1998     4    12   231  1557  1612   200   137    12 32744 32744
 53352 11026  4142  1998     4    15   231  1006  1615     6   170    14 32744 32744
 53352 11026  4142  1998     4    19   231  1542  2000     9   123    12 32744 32744
 53352 11026  4142  1998     4    20   231  2000  2024   400   100    10 32744 32744
 53362 11141  4132  1998     4    15   231  1533  1644   120   137    13 32744 32744
 53391 11400  4154  1998     4    15   231  1733  1920   150   110    12 32744 32744
 53391 11400  4154  1998     4    19   231  1624  1907    60   120    10 32744 32744
 53446 10951  4040  1998     4    15   231  1402  1750    30   127    13 32744 32744
 53446 10951  4040  1998     4    22   231  1640  1648   150   123     2 32744 32744
 53463 11141  4049  1998     4    15   231  1725  1848    70   147    11 32744 32744
 53478 11227  4000  1998     4    15   231  1833  2000     6   167    14 32744 32744
 53478 11227  4000  1998     4    16   231  2000  2130    70   170    14 32744 32744
 53480 11304  4102  1998     4    15   231  1752  1910   110   130    14 32744 32744
 53502 10545  3947  1998     4    15   231  1420  1851    40   177    14 32744 32744
 53513 10725  4045  1998     4    15   231  1430  1540    20 32744 32744 32744 32744
 53519 10646  3913  1998     4    15   231  1626  2000     7   163    15   250    15
 53519 10646  3913  1998     4    16   231  2000  2315    60   133    16   194    16
 53529 10759  3906  1998     3    18   231  1152  1713     4   143    16 32744 32744
 53529 10759  3906  1998     3    27   231  1431  1655    40   120    14 32744 32744
 53529 10759  3906  1998     4    12   231  1615  2000     9   150    14 32744 32744
 53529 10759  3906  1998     4    13   231  2000  2018   300    90    16 32744 32744
 53529 10759  3906  1998     4    15   231  1154  2000     5   167    14 32744 32744
 53529 10759  3906  1998     4    16   231  2000  2232   110   130    15 32744 32744
 53529 10759  3906  1998     5     1   231  1335  1740     9   153    13 32744 32744
 53529 10759  3906  1998     5    27   231  1910  1926    40   110     1 32744 32744
 53529 10759  3906  1998    11     1   231  1523  1654    70   177    14 32744 32744
 53543 10959  3950  1998     4    15   231  1713  2000     9   130    14 32744 32744
 53543 10959  3950  1998     4    16   231  2000  2016    90   120    15 32744 32744
 53602 10540  3850  1998     2    17   231   250   710    80   150     6 32744 32744
 53602 10540  3850  1998     4    15   231  1310  2000     4   143    16 32744 32744
 53602 10540  3850  1998     4    16   231  2000  2130   120   110     1 32744 32744
 53614 10613  3829  1998     4    15   231  1728  2000     4   165    13   244 32744
 53614 10613  3829  1998     4    16   231  2000  2044    50    89    15   133 32744
 53615 10642  3848  1998     2    17   231  1237  2000     7   108     8   154     7
 53615 10642  3848  1998     2    18   231  2000  2206   100    74     9   102     9
 53615 10642  3848  1998     4    15   231  1628  2000     7   130    16   210    15
 53615 10642  3848  1998     4    16   231  2000  2008   120    85    16   135    16
 53646 10942  3814  1998     4    15   231  1826  2000     3   130    16 32744 32744
 53646 10942  3814  1998     4    16   231  2000    35   120   140    16 32744 32744
 53705 10540  3729  1998     4    19   231  1540  1744    30   103    13   160     9
 53723 10724  3747  1998     2    17   231   844  1841     8    99     8   158     9
 53723 10724  3747  1998     3    17   231  1111  1336    12    96     9   129     9
 53723 10724  3747  1998     3    18   231   101  1706     6   116    12   177    11
 53723 10724  3747  1998     3    30   231  1936  2000     7    96     2   160     2
 53723 10724  3747  1998     3    31   231  2000  2121    50    96     2   140     1
 53723 10724  3747  1998     4    15   231  1138  2000     6   134    13   210    13
 53723 10724  3747  1998     4    16   231  2000  2216   120    93    15   158    16
 53723 10724  3747  1998     4    22   231  1738  1821    80    80    11   108 32744
 53723 10724  3747  1998     4    23   231   652  1031     7    74    16   131     1
 53723 10724  3747  1998     4    27   231   531   937     6    91     8   133     9
 53725 10735  3735  1998     2     8   231  1226  1612     9   128    13   181    13
 53725 10735  3735  1998     2    17   231   235  1935     5   160     9   231 32744
 53725 10735  3735  1998     2    18   231  1215  1419     6   125     9   167 32744
 53725 10735  3735  1998     3    17   231  1242  1532     8   126     8   185     8
 53725 10735  3735  1998     3    18   231   115  1921     7   123     1   177    11
 53725 10735  3735  1998     4    12   231  1323  1617     6   105 32744   158    14
 53725 10735  3735  1998     4    15   231  1124  2000     6   127 32744   204 32744
 53725 10735  3735  1998     4    16   231  2000  2335    60   121 32744   181 32744
 53725 10735  3735  1998     4    21   231  1220  1512     8   116     8   158     8
 53725 10735  3735  1998     4    23   231   940  1210    40   107     1   152     1
 53725 10735  3735  1998     4    27   231  2353  1015     7   129     9   219     9
 53725 10735  3735  1998    11     1   331   854  1810     6   161    13   235    15
 53738 10810  3655  1998     3    18   231   941  1810     9   100    16 32744 32744
 53738 10810  3655  1998     4    15   231  1627  2000     5   127    14 32744 32744
 53738 10810  3655  1998     4    16   231  2000  2354    60   100     1 32744 32744
 53740 10914  3756  1998     2     8   231  1630  1820   120   120    14 32744 32744
 53740 10914  3756  1998     4    12   231  1925  1940    15   103    13 32744 32744
 53740 10914  3756  1998     4    15   231  1610  2000     1   160    14 32744 32744
 53740 10914  3756  1998     4    16   231  2000  2350    30   170    16 32744 32744
 53754 11013  3730  1998     4    16   231  2022   105    60   202 32744   281    15
 53798 11430  3704  1998     4    16   231    33   130    15   100    14 32744 32744
 53806 10539  3634  1998     2    17   231  1434  1548    30   122     6   204     7
 53806 10539  3634  1998     4    15   231  1740  2000     8   143    14   215    14
 53806 10539  3634  1998     4    16   231  2000  2135    70   132    15   200    15
 54102 11604  4357  1998     4    19   231  1830  1910    16   123    11   200    13
 54134 12117  4336  1998    10    31   231   520   812     6   180    15 32744 32744
 54236 12232  4225  1998     3    26   231  1234  1425     8   190    10 32744 32744
 54236 12232  4225  1998     4    18   231  1251  1638     7   183    10 32744 32744
 54705 11523  3722  1998     6    17   231  1646  1655   100   130    15 32744 32744
 55228  8005  3230  1998     5    29   231  1507  1715   400 32744 32744 32744 32744
 55248  8425  3209  1998     3    21   231  1619  1658   400 32744 32744 32744 32744
 55437  8115  3017  1998    12    12   231  1120  1225   500 32744 32744 32744 32744
 55493  9106  3029  1998     3    13   231  1557  1603   350 32744 32744 32744 32744
 55569  8736  2905  1998     1     5   231  1140  1205   400 32744 32744 32744 32744
 55569  8736  2905  1998     1    15   231  1420  1525   400 32744 32744 32744 32744
 55569  8736  2905  1998     2    23   231  1703  1721   400 32744 32744 32744 32744
 55569  8736  2905  1998     3     8   231  1704  1721   400 32744 32744 32744 32744
 55569  8736  2905  1998     3     9   231  1307  1321   400 32744 32744 32744 32744
 55569  8736  2905  1998     3    10   231  1350  1358    10 32744 32744 32744 32744
 55569  8736  2905  1998     5     1   231  1905  1907   400 32744 32744 32744 32744
 55578  8853  2915  1998     3     1   231  1633  1636   350   110    12 32744 32744
 55578  8853  2915  1998     5     6   231  1840  1843   350   107    16 32744 32744
 56004  9226  3413  1998     1     3   231  1501  1620   120   180    14 32744 32744
 56004  9226  3413  1998     1    14   231  1305  1456     6   190    12 32744 32744
 56004  9226  3413  1998     1    15   231  1235  1603     8   200    14 32744 32744
 56004  9226  3413  1998     1    23   231  1323  1325   150   160    13 32744 32744
 56004  9226  3413  1998     1    24   231  1356  1438     7   190    13 32744 32744
 56004  9226  3413  1998     2    22   231  1636  1640   300   187    13 32744 32744
 56004  9226  3413  1998     3    17   231  1533  1534   200   190    12 32744 32744
 56004  9226  3413  1998     5     8   231  1635  1729   250   183    12 32744 32744
 56004  9226  3413  1998     5    14   231  1812  1814   300   157    12 32744 32744
 56021  9547  3408  1998     5     6   231  1500  1515   500   210    14 32744 32744
 56033  9813  3455  1998    11    29   231  1310  1448     8   160    12 32744 32744
 56034  9708  3348  1998     4    23   231  1729  1737     8   207    16 32744 32744
 56046  9939  3345  1998    12    25   231  1608  1610   350   133    13 32744 32744
 56065 10136  3444  1998     3    11   231  1641  1643   200   127    15 32744 32744
 56875 10233  2421  1998     5    12   231  1544  1547   200    80    12 32744 32744
 57083 11339  3443  1998     4    16   231   702   829     7   104    14   179    14
