 50527 11945  4913  1989     5    13   231  1530  1546   120   160    16 32744 32744
 50527 11945  4913  1989     5    31   231  1320  1326   200   110    10 32744 32744
 50548 12343  4912  1989     5    13   231  1450  1505   300    70     2 32744 32744
 50618 11816  4813  1989     6    22   231  1421  1430   360   123    13 32744 32744
 50915 11658  4531  1989     4    20   231  1602  1621   230   140    10 32744 32744
 50915 11658  4531  1989     8    10   231  1707  1710   250   107    16 32744 32744
 51059  8552  4726  1989     5    31   231  1912  1915   350   147    14 32744 32744
 51059  8552  4726  1989     7    27   231  1921  1936    80   190    14 32744 32744
 51059  8552  4726  1989     8    10   231  1606  1627   400   170    14 32744 32744
 51059  8552  4726  1989     9    17   231  1650  1710   400   137    14 32744 32744
 51059  8552  4726  1989    10    21   231  1702  1705   400   150    13 32744 32744
 51133  8300  4644  1989     4     9   231  2210  2227   150   140    13 32744 32744
 51133  8300  4644  1989     4    19   231  2120  2140   150   160    13 32744 32744
 51133  8300  4644  1989     4    30   231  1509  1514   200   163    13 32744 32744
 51133  8300  4644  1989     7    12   231  1520  1535   400   113    15 32744 32744
 51133  8300  4644  1989     7    27   231  1707  1745   150   120    13 32744 32744
 51133  8300  4644  1989     8     9   231  1650  1655   400    70     1 32744 32744
 51133  8300  4644  1989     8    20   231  1318  1325    90   120    13 32744 32744
 51133  8300  4644  1989     9    17   231  1805  1820   200    63    15 32744 32744
 51241  8336  4556  1989     4     8   231  1245  1320   350 32744 32744 32744 32744
 51241  8336  4556  1989     5    28   231  1735  1822   500 32744 32744 32744 32744
 51241  8336  4556  1989     7    11   231  1332  1341   500 32744 32744 32744 32744
 51241  8336  4556  1989     8    20   231  1225  1239   400 32744 32744 32744 32744
 51241  8336  4556  1989     9    17   231  1905  1932   150 32744 32744 32744 32744
 51334  8254  4437  1989     4     1   231  1627  1658     5   130    16 32744 32744
 51334  8254  4437  1989     4     9   231   413   557   120   177    16 32744 32744
 51346  8440  4426  1989     4    26   231  1650  1653   400    63    12 32744 32744
 51346  8440  4426  1989     4    30   231  1911  1919   150   100    13 32744 32744
 51346  8440  4426  1989     6    28   231  1856  1914   300    97    13 32744 32744
 51526  8813  4214  1989     6    25   231  1142  1205   400   127    14 32744 32744
 51526  8813  4214  1989     7     9   231  2052  2114   250   120    14 32744 32744
 51526  8813  4214  1989     7    18   231  2005  2012   350   100    14 32744 32744
 51567  8634  4205  1989     3    18   231  2015  2032   150 32744 32744 32744 32744
 51567  8634  4205  1989     6     2   231  2029  2035    50 32744 32744 32744 32744
 51567  8634  4205  1989     6     2   231  1924  1943    50 32744 32744 32744 32744
 51573  8912  4256  1989     4    19   231   313   403    80   107    16 32744 32744
 51573  8912  4256  1989     5    29   231  1847  1916    50   100    16 32744 32744
 51573  8912  4256  1989     6     1   231  1852  1910    80   110    16 32744 32744
 51573  8912  4256  1989     8    12   231  1930  2000     8    90    15 32744 32744
 51573  8912  4256  1989     8    13   231  2000  2208    20   140    15 32744 32744
 51628  8014  4110  1989     5    31   231  1740  1840   100   127    13 32744 32744
 51628  8014  4110  1989     9    30   231  1901  1925    10   100    14 32744 32744
 51642  8415  4147  1989     9     7   231  2043  2110   200 32744 32744 32744 32744
 51644  8257  4143  1989     8    12   231  1840  2000     7   147    15 32744 32744
 51644  8257  4143  1989     8    13   231  2000  2005   200   100    16 32744 32744
 51656  8608  4145  1989     6    20   231  2121  2140   200   117    10 32744 32744
 51705  7515  3943  1989     4    18   231  1552  1907   450   220    14 32744 32744
 51705  7515  3943  1989     4    19   231  1908  1914   500   190    14 32744 32744
 51705  7515  3943  1989     4    20   231  2006  2008   120   200    13 32744 32744
 51705  7515  3943  1989     6     2   231  1624  1625   500   190    16 32744 32744
 51709  7559  3928  1989     4    10   231  2132  2205    40    93     1 32744 32744
 51709  7559  3928  1989     5     7   231  1938  2000     8 32744 32744 32744 32744
 51709  7559  3928  1989     5     8   231  2000  2003   100 32744 32744 32744 32744
 51709  7559  3928  1989     5    23   231  1910  2000     3 32744 32744 32744 32744
 51709  7559  3928  1989     5    24   231  2000  2220    12 32744 32744 32744 32744
 51709  7559  3928  1989     5    24   231  1445  1540    12 32744 32744 32744 32744
 51711  7827  4056  1989     3     1   231  1605  1835    80   137    12 32744 32744
 51711  7827  4056  1989     8    12   231  1930  1940   300   117    16 32744 32744
 51711  7827  4056  1989     9    30   231  1605  1630   300   123    12 32744 32744
 51716  7834  3948  1989     4     9   231  1950  2000     9    90    15 32744 32744
 51716  7834  3948  1989     4    10   231  2000  2035    50    97    16 32744 32744
 51716  7834  3948  1989     4    18   231  1245  1352     9    97    16 32744 32744
 51716  7834  3948  1989     4    19   231   236   332    18   103    12 32744 32744
 51716  7834  3948  1989     4    20   231  2056  2157    50   130    14 32744 32744
 51716  7834  3948  1989     4    20   231   305   400    50   130    14 32744 32744
 51716  7834  3948  1989     4    25   231  1420  1612    70   120    13 32744 32744
 51716  7834  3948  1989     5    18   231  1625  1643   200    90    16 32744 32744
 51716  7834  3948  1989     6     5   231  1723  1731   150   120    16 32744 32744
 51716  7834  3948  1989     6    10   231  1912  1924    30    97     2 32744 32744
 51720  7903  4030  1989     3     2   231   603   610    25 32744 32744 32744 32744
 51720  7903  4030  1989     3     2   231  1107  1232    25 32744 32744 32744 32744
 51720  7903  4030  1989     3    18   231  1418  1510    28 32744 32744 32744 32744
 51720  7903  4030  1989     4     1   231  1137  1141   180 32744 32744 32744 32744
 51720  7903  4030  1989     4     2   231   221   632   130 32744 32744 32744 32744
 51720  7903  4030  1989     4     6   231  2043  2050    70 32744 32744 32744 32744
 51720  7903  4030  1989     4     9   231  1751  1817   160 32744 32744 32744 32744
 51720  7903  4030  1989     4    11   231  2128  2350    20 32744 32744 32744 32744
 51720  7903  4030  1989     4    11   231  1542  1546    20 32744 32744 32744 32744
 51720  7903  4030  1989     4    18   231  1035  1348     9 32744 32744 32744 32744
 51720  7903  4030  1989     4    19   231  2136  2201   300 32744 32744 32744 32744
 51720  7903  4030  1989     4    19   231  1549  1915   300 32744 32744 32744 32744
 51720  7903  4030  1989     4    20   231  2102  2103   250 32744 32744 32744 32744
 51720  7903  4030  1989     4    25   231  2303  2308   200 32744 32744 32744 32744
 51720  7903  4030  1989     4    26   231  1807  1808   150 32744 32744 32744 32744
 51720  7903  4030  1989     5     2   231  1033  1232    12 32744 32744 32744 32744
 51720  7903  4030  1989     5    10   231  1803  1809   300 32744 32744 32744 32744
 51720  7903  4030  1989     5    11   231  2153  2209    60 32744 32744 32744 32744
 51720  7903  4030  1989     5    15   231  1827  1843   250 32744 32744 32744 32744
 51720  7903  4030  1989     5    28   231  1710  1745    80 32744 32744 32744 32744
 51720  7903  4030  1989     5    31   231  1723  1731   200 32744 32744 32744 32744
 51720  7903  4030  1989     6     2   231  1816  1820   300 32744 32744 32744 32744
 51720  7903  4030  1989     6    11   231  1741  1754   350 32744 32744 32744 32744
 51720  7903  4030  1989     6    22   231  1907  1909   250 32744 32744 32744 32744
 51720  7903  4030  1989     6    23   231  1839  1908   300 32744 32744 32744 32744
 51720  7903  4030  1989     6    25   231  1910  1918   250 32744 32744 32744 32744
 51720  7903  4030  1989     6    27   231  2200  2259   300 32744 32744 32744 32744
 51720  7903  4030  1989     6    30   231  2003  2005   450 32744 32744 32744 32744
 51720  7903  4030  1989     7     2   231  1702  1705   300 32744 32744 32744 32744
 51720  7903  4030  1989     7     5   231  1903  1906   250 32744 32744 32744 32744
 51720  7903  4030  1989     7     8   231  2135  2138   550 32744 32744 32744 32744
 51720  7903  4030  1989     7    13   231  2003  2012   200 32744 32744 32744 32744
 51720  7903  4030  1989     7    15   231  2116  2342   350 32744 32744 32744 32744
 51720  7903  4030  1989     7    17   231  1957  1957   160 32744 32744 32744 32744
 51720  7903  4030  1989     8    12   231  1627  1851   200 32744 32744 32744 32744
 51720  7903  4030  1989     8    24   231   927   947   350 32744 32744 32744 32744
 51720  7903  4030  1989     8    26   231  2130  2136   250 32744 32744 32744 32744
 51720  7903  4030  1989     9     4   231  1751  1753   300 32744 32744 32744 32744
 51720  7903  4030  1989     9    22   231   509   512    15 32744 32744 32744 32744
 51720  7903  4030  1989     9    22   231   829   834    15 32744 32744 32744 32744
 51730  8103  4030  1989     4    20   231   920  1035    70 32744 32744 32744 32744
 51730  8103  4030  1989     4    25   231  1903  2000     6 32744 32744 32744 32744
 51730  8103  4030  1989     4    26   231  2000  2015    90 32744 32744 32744 32744
 51730  8103  4030  1989     5    31   231  1929  1935    15 32744 32744 32744 32744
 51730  8103  4030  1989     6    11   231  1800  1824   250 32744 32744 32744 32744
 51765  8742  4038  1989     3     2   231  1740  1950     9 32744 32744 32744 32744
 51765  8742  4038  1989     3     3   231  2216   410     9 32744 32744 32744 32744
 51765  8742  4038  1989     5    24   231  1016  1245    30 32744 32744 32744 32744
 51765  8742  4038  1989     6    11   231  1553  1611    60 32744 32744 32744 32744
 51777  8810  3902  1989     3     2   231   312   901     7   177     4 32744 32744
 51777  8810  3902  1989     4    19   231   316   525    30   167    12 32744 32744
 51777  8810  3902  1989     4    19   231  1421  1459    30   167    12 32744 32744
 51777  8810  3902  1989     6     3   231   940  1005    90   123     5 32744 32744
 51777  8810  3902  1989     7     2   231  2104  2112   250   120    11 32744 32744
 51777  8810  3902  1989     7     9   231  1120  1339    11   120    10 32744 32744
 51804  7514  3747  1989     1    27   231  1648  1721   200   160    16 32744 32744
 51811  7716  3826  1989     4     1   231  1235  2000     2 32744 32744 32744 32744
 51811  7716  3826  1989     4     2   231  2000  2322    40 32744 32744 32744 32744
 51811  7716  3826  1989     4    25   231  2035  2318    40 32744 32744 32744 32744
 51811  7716  3826  1989     5     2   231  2207   220     9 32744 32744 32744 32744
 51811  7716  3826  1989     5    24   231  2009   534     1 32744 32744 32744 32744
 51811  7716  3826  1989     5    24   231  1435  2000     1 32744 32744 32744 32744
 51811  7716  3826  1989     5    25   231  2000   540     1 32744 32744 32744 32744
 51811  7716  3826  1989     5    25   231   925  1111     1 32744 32744 32744 32744
 51811  7716  3826  1989     6     3   231  2226  2315     0 32744 32744 32744 32744
 51811  7716  3826  1989     6     3   231  1855  2000     0 32744 32744 32744 32744
 51811  7716  3826  1989     6     4   231  2000  2140    30 32744 32744 32744 32744
 51811  7716  3826  1989     6    22   231    19    39    90 32744 32744 32744 32744
 51811  7716  3826  1989     7     6   231    29    34   100 32744 32744 32744 32744
 51811  7716  3826  1989     7    13   231  1812  1819   100 32744 32744 32744 32744
 51818  7817  3737  1989     4    25   231  2313  2330    60    50    15 32744 32744
 51818  7817  3737  1989     5    14   231  2008  2033   150    87    10 32744 32744
 51818  7817  3737  1989     5    25   231  2117  2225    15    80    11 32744 32744
 51818  7817  3737  1989     5    25   231   231   608    15    80    11 32744 32744
 51818  7817  3737  1989     5    25   231  1409  1444    15    80    11 32744 32744
 51818  7817  3737  1989     6     4   231  2035  2238    80    90    14 32744 32744
 51818  7817  3737  1989     6    10   231  2153  2345   100    60    16 32744 32744
 51818  7817  3737  1989     6    11   231  2303    15   150    70    14 32744 32744
 51818  7817  3737  1989     6    14   231  2302  2319   120    67    15 32744 32744
 51818  7817  3737  1989     6    16   231  2140  2335   120    50     8 32744 32744
 51818  7817  3737  1989     7     1   231  1935  1949     9    50     9 32744 32744
 51818  7817  3737  1989     7     6   231   244   325   150    60    15 32744 32744
 51818  7817  3737  1989     7    14   231    43    50   150    60    16 32744 32744
 51828  7956  3708  1989     2    24   231  1311  1405     8    80    14 32744 32744
 51828  7956  3708  1989     4     1   231  1829  2000     2    90    13 32744 32744
 51828  7956  3708  1989     4     2   231  2000  2027     2    73    14 32744 32744
 51828  7956  3708  1989     4     2   231  2348   550     2    73    14 32744 32744
 51828  7956  3708  1989     4    10   231   340   610    50    87    13 32744 32744
 51828  7956  3708  1989     4    18   231  1309  1729     6    80    14 32744 32744
 51828  7956  3708  1989     4    20   231  1638  1822    15    57     2 32744 32744
 51828  7956  3708  1989     4    25   231   208   318    10    63    14 32744 32744
 51828  7956  3708  1989     4    25   231  1214  1452    10    63    14 32744 32744
 51828  7956  3708  1989     5     8   231  2010  2028    30    57    14 32744 32744
 51828  7956  3708  1989     5    19   231  1617  1646    60    80    11 32744 32744
 51828  7956  3708  1989     5    23   231   408   724    10    60    14 32744 32744
 51828  7956  3708  1989     5    25   231  2148  1810     2    80    13 32744 32744
 51828  7956  3708  1989     6     4   231  2308   110    10   107    14 32744 32744
 51828  7956  3708  1989     6     5   231   318   417    40    83    15 32744 32744
 51828  7956  3708  1989     6    14   231   128   248     4    97    13 32744 32744
 51828  7956  3708  1989     6    19   231   338   402    50    80    13 32744 32744
 51828  7956  3708  1989     7     6   231   521   814     9    87    13 32744 32744
 51828  7956  3708  1989     7    18   231  1734  1746     5    77     2 32744 32744
 51828  7956  3708  1989     7    21   231  1133  1438     9    57    13 32744 32744
 51839  8243  3704  1989     2    13   231   213   305     6    93    13 32744 32744
 51839  8243  3704  1989     2    13   231   856  1440     6    93    13 32744 32744
 51839  8243  3704  1989     2    24   231  1137  1611     3   110    13 32744 32744
 51839  8243  3704  1989     3    18   231  1512  1905     6    80     3 32744 32744
 51839  8243  3704  1989     4     2   231   135  1325     3    90    13 32744 32744
 51839  8243  3704  1989     4     6   231  2347    42    17    70    12 32744 32744
 51839  8243  3704  1989     4    10   231   733  1315     4   113    11 32744 32744
 51839  8243  3704  1989     4    18   231  1719  2000     3    93    16 32744 32744
 51839  8243  3704  1989     4    19   231  2000  2154    30    77    10 32744 32744
 51839  8243  3704  1989     4    19   231   815  1219    30    77    10 32744 32744
 51839  8243  3704  1989     4    20   231  1421  2000     6    77    14 32744 32744
 51839  8243  3704  1989     4    21   231  2000  2207    15    67    15 32744 32744
 51839  8243  3704  1989     4    25   231   845  1115    30    87    13 32744 32744
 51839  8243  3704  1989     4    25   231  1835  1940    30    87    13 32744 32744
 51839  8243  3704  1989     5     4   231    42   431     3    60    12 32744 32744
 51839  8243  3704  1989     5    11   231  1743  2000     3    80    12 32744 32744
 51839  8243  3704  1989     5    12   231  2000    30    30    83    11 32744 32744
 51839  8243  3704  1989     5    13   231  2147  2305    30    57    13 32744 32744
 51839  8243  3704  1989     5    19   231  2228  2320    30    60     1 32744 32744
 51839  8243  3704  1989     5    23   231  1105  1246     8    70    12 32744 32744
 51839  8243  3704  1989     5    25   231   120  2000     2   103    13 32744 32744
 51839  8243  3704  1989     5    26   231  2000  1432     4    90    12 32744 32744
 51839  8243  3704  1989     5    27   231  1009  1135    12    77    13 32744 32744
 51839  8243  3704  1989     6     3   231   617  1127     5    97    13 32744 32744
 51839  8243  3704  1989     6     4   231   314   822     6    80    11 32744 32744
 51839  8243  3704  1989     6     5   231   629  1338     8    90    13 32744 32744
 51839  8243  3704  1989     6     7   231   106   340     8    70    13 32744 32744
 51839  8243  3704  1989     6    12   231  2130  2137    70    80    13 32744 32744
 51839  8243  3704  1989     6    13   231  1604  1615    50    50    15 32744 32744
 51839  8243  3704  1989     6    19   231   740   925     8    80    13 32744 32744
 51839  8243  3704  1989     6    19   231  1523  1738     8    80    13 32744 32744
 51839  8243  3704  1989     6    24   231  1220  1330    12    67    12 32744 32744
 51839  8243  3704  1989     7     6   231  1035  1539     8    70    13 32744 32744
 51839  8243  3704  1989     7    18   231  1927  2000     3    73    12 32744 32744
 51839  8243  3704  1989     7    19   231  2000  2313    30    83    13 32744 32744
 51839  8243  3704  1989     7    24   231  2013   531     4   100    12 32744 32744
 51839  8243  3704  1989     8     1   231  2049  2220    90    70    11 32744 32744
 51839  8243  3704  1989     8    13   231   949  1245    20    60    12 32744 32744
 51839  8243  3704  1989     8    27   231  2140  2224     7    70    13 32744 32744
 51839  8243  3704  1989     8    27   231   136   731     7    70    13 32744 32744
 51839  8243  3704  1989     9     5   231   913  1410     4    80    13 32744 32744
 51839  8243  3704  1989     9     5   231  1743  1808     4    80    13 32744 32744
 51839  8243  3704  1989    10    12   231  1128  1420     9    67    13 32744 32744
 51839  8243  3704  1989    10    13   231   932  1340    40    77    13 32744 32744
 51839  8243  3704  1989    10    28   231  1105  1213    40    70    12 32744 32744
 51848  8339  3756  1989     3    18   231  1525  1715    12    80     3 32744 32744
 51848  8339  3756  1989     4    10   231  1410  1503    80    90    13 32744 32744
 51848  8339  3756  1989     4    18   231  1905  2000     6    83    16 32744 32744
 51848  8339  3756  1989     4    19   231  2000  2221     8   110    10 32744 32744
 51848  8339  3756  1989     4    19   231   815  1720     8   110    10 32744 32744
 51848  8339  3756  1989     4    20   231  1704  2000     7    80    13 32744 32744
 51848  8339  3756  1989     4    21   231  2000  2140    20    83    13 32744 32744
 51848  8339  3756  1989     5    11   231  1041  1230    13    90     4 32744 32744
 51848  8339  3756  1989     9     5   231  1809  2000     5    90     1 32744 32744
 51848  8339  3756  1989     9     6   231  2000  2021    20    77     1 32744 32744
 51855  8533  3809  1989     2    13   231  1231  1240    40 32744 32744 32744 32744
 51855  8533  3809  1989     3     2   231  1040  1142    12 32744 32744 32744 32744
 51855  8533  3809  1989     4     2   231  1240  1325    15 32744 32744 32744 32744
 51855  8533  3809  1989     4    10   231  1411  2000     2 32744 32744 32744 32744
 51855  8533  3809  1989     4    11   231  2000  2226    70 32744 32744 32744 32744
 51855  8533  3809  1989     4    19   231  2230    10     3 32744 32744 32744 32744
 51855  8533  3809  1989     4    19   231   855  1658     3 32744 32744 32744 32744
 51855  8533  3809  1989     5    11   231   615   808     9 32744 32744 32744 32744
 51855  8533  3809  1989     5    24   231   950  1125     3 32744 32744 32744 32744
 51855  8533  3809  1989     5    26   231  2120  2254    20 32744 32744 32744 32744
 51855  8533  3809  1989     6    13   231  1835  1843    80 32744 32744 32744 32744
 51855  8533  3809  1989     7     1   231  1534  1552    90 32744 32744 32744 32744
 51855  8533  3809  1989     7     9   231  1820  2000     7 32744 32744 32744 32744
 51855  8533  3809  1989     7    10   231  2000  2108   150 32744 32744 32744 32744
 51855  8533  3809  1989     7    27   231  2136  2245    60 32744 32744 32744 32744
 51855  8533  3809  1989     8     7   231   240   245   200 32744 32744 32744 32744
 51855  8533  3809  1989     8    28   231  1838  1855    60 32744 32744 32744 32744
 51855  8533  3809  1989    10    28   231  1507  1616    20 32744 32744 32744 32744
 51886  9051  3815  1989     2    23   231  1548  1549   180   143    14 32744 32744
 51886  9051  3815  1989     3    18   231  1108  1115   300   187    14 32744 32744
 51886  9051  3815  1989     5     4   231  1656  1659    80   137     1 32744 32744
 51886  9051  3815  1989     6     3   231  1545  1653    70   190    14 32744 32744
 51931  8139  3651  1989     4     2   231  2148  2354    20    83    14 32744 32744
 51931  8139  3651  1989     4    10   231  2115  2140     4   117    15 32744 32744
 51931  8139  3651  1989     4    10   231   603   927     4   117    15 32744 32744
 51931  8139  3651  1989     4    18   231  1609  2000     7   107    15 32744 32744
 51931  8139  3651  1989     4    19   231  2000  2005    60    77     9 32744 32744
 51931  8139  3651  1989     5    25   231  1013  1220     7    90    14 32744 32744
 51931  8139  3651  1989     6     3   231   524   705    20    90    14 32744 32744
 51931  8139  3651  1989     6     4   231   119   255     2   100    14 32744 32744
 51931  8139  3651  1989     6     7   231  2133  2202   200    63     2 32744 32744
 51931  8139  3651  1989     7    19   231  2030  2136    80    87    15 32744 32744
 51931  8139  3651  1989     7    24   231  2310    48    30    63    14 32744 32744
 52203  9331  4249  1989     3    18   231  2314    10   140   140     4 32744 32744
 52203  9331  4249  1989     5     9   231  1755  1759   400   110    15 32744 32744
 52267 10104  4157  1989     5     9   231  1704  1708   200   140    15 32744 32744
 52267 10104  4157  1989     6     3   231   630   634    50   150    14 32744 32744
 52267 10104  4157  1989     7    15   231  1604  1609   120    87     6 32744 32744
 52267 10104  4157  1989    10    26   231  1638  1643   200   130    14 32744 32744
 52323  9702  4148  1989     5     9   231  1858  1905   500   147    16 32744 32744
 52323  9702  4148  1989     5    21   231  1654  1657   700   117     1 32744 32744
 52323  9702  4148  1989     6     2   231  1351  1353   700   153    14 32744 32744
 52378 10222  4122  1989     3    12   231  1723  1815    20   157    13 32744 32744
 52378 10222  4122  1989     3    13   231  1707  1709    20   150    13 32744 32744
 52378 10222  4122  1989     4     9   231  1309  1338    30   143     5 32744 32744
 52378 10222  4122  1989     4    11   231  1852  1915    13   170    12 32744 32744
 52378 10222  4122  1989     4    12   231  1505  1513    80   160    13 32744 32744
 52378 10222  4122  1989     4    16   231   935  1002    40   160    14 32744 32744
 52378 10222  4122  1989     4    17   231  1342  1624     7   160    13 32744 32744
 52378 10222  4122  1989     4    20   231   349   509     7   180    13 32744 32744
 52378 10222  4122  1989     4    20   231  1337  1840     7   180    13 32744 32744
 52378 10222  4122  1989     5     4   231  1019  1244    30   160     5 32744 32744
 52378 10222  4122  1989     5     8   231  1307  1510     8   143    14 32744 32744
 52378 10222  4122  1989     5    15   231  1512  1516    60   150    13 32744 32744
 52378 10222  4122  1989     5    17   231  1645  1705   150   140    16 32744 32744
 52378 10222  4122  1989     5    18   231  1803  1807    50   150     5 32744 32744
 52378 10222  4122  1989     5    27   231  1235  1313    20   137    14 32744 32744
 52378 10222  4122  1989     6     3   231   758   815     6   150    15 32744 32744
 52378 10222  4122  1989     6     4   231  2026  2119   200   143    13 32744 32744
 52378 10222  4122  1989     7     9   231  1648  1653   300    93    14 32744 32744
 52378 10222  4122  1989     7    15   231  1346  1551     5   170     9 32744 32744
 52378 10222  4122  1989     7    25   231  1308  1443    50   180     4 32744 32744
 52378 10222  4122  1989     9    26   231  1610  1643   180   150    13 32744 32744
 52378 10122  4122  1989    10     4   231   620  1147     6   190     5 32744 32744
 52418  9441  4009  1989     4    19   231  1208  1412     7   137    12 32744 32744
 52418  9441  4009  1989     5    24   231  1135  1238     9   127     4 32744 32744
 52418  9441  4009  1989     5    24   231  1709  2000     9   127     4 32744 32744
 52418  9441  4009  1989     5    25   231  2000   225     9    90     3 32744 32744
 52424  9546  4032  1989     3    30   231  1036  1517     8   153     5 32744 32744
 52424  9546  4032  1989     4    19   231  1329  1420     6   133    12 32744 32744
 52424  9546  4032  1989     5    24   231  1713  2000     6   163     4 32744 32744
 52424  9546  4032  1989     5    25   231  2000   120    40   137     4 32744 32744
 52436  9702  4016  1989     2    28   231  1637  1720   250   127    13 32744 32744
 52436  9702  4016  1989     3    12   231  1610  1640   120   140    14 32744 32744
 52436  9702  4016  1989     4    19   231  1324  1902     6   183    13 32744 32744
 52436  9702  4016  1989     5    24   231  1440  2000     5   150     4 32744 32744
 52436  9702  4016  1989     5    25   231  2000   305     6   140     4 32744 32744
 52446  9931  4018  1989     3    11   231  1251  1305    50   143    14 32744 32744
 52446  9931  4018  1989     4    19   231  1832  1843   150   147    16 32744 32744
 52446  9931  4018  1989     6     3   231  1842  2000     8   143    16 32744 32744
 52446  9931  4018  1989     6     4   231  2000  2045   200   143    16 32744 32744
 52446  9931  4018  1989     6    20   231  1528  1816   130   130    15 32744 32744
 52446  9931  4018  1989     7     5   231  2130  2245    70    83    13 32744 32744
 52446  9931  4018  1989     7    25   231  1920  2000     9    87     3 32744 32744
 52446  9931  4018  1989     7    26   231  2000  2005   150    83     4 32744 32744
 52446  9931  4018  1989     8    19   231  2003  2014   120   147    16 32744 32744
 52447  9854  4000  1989     3    11   231  1303  1509     3   120    14 32744 32744
 52447  9854  4000  1989     3    13   231  1432  1825    50   120    14 32744 32744
 52447  9854  4000  1989     4    19   231  1641  2000     1   160    14 32744 32744
 52447  9854  4000  1989     4    20   231  2000  2230   150   160    14 32744 32744
 52447  9854  4000  1989     5    24   231  1742  2000     3   110     6 32744 32744
 52447  9854  4000  1989     5    25   231  2000  2150    70   107     6 32744 32744
 52447  9854  4000  1989     6     3   231  1851  1903   120   100    16 32744 32744
 52447  9854  4000  1989     6    20   231  1539  1600    70   107    14 32744 32744
 52447  9854  4000  1989     6    27   231  1618  1634   500   113    14 32744 32744
 52447  9854  4000  1989     7    25   231  1707  1815    30    83     4 32744 32744
 52495 10430  4045  1989     3    29   231  1244  1736    30   187    15 32744 32744
 52495 10430  4045  1989     4     9   231  1232  1236    40 32744 32744 32744 32744
 52495 10430  4045  1989     4    10   231  1320  1444     8   157     6 32744 32744
 52495 10430  4045  1989     4    16   231  1109  1225    40   153    13 32744 32744
 52495 10430  4045  1989     4    20   231   843   930    40 32744 32744 32744 32744
 52495 10430  4045  1989     5    23   231  1541  1545   180   147    15 32744 32744
 52495 10430  4045  1989     7     9   231  1928  1938    12   140     2 32744 32744
 52495 10430  4045  1989     7    22   231   702   739    15   177    16 32744 32744
 52495 10430  4045  1989     9    16   231  1423  1443   200   103    15 32744 32744
 52533  9829  3946  1989     4    19   231  1613  1915    50   127    14 32744 32744
 52533  9829  3946  1989     7    25   231  1809  1835    30    70     4 32744 32744
 52546  9950  3922  1989     4    19   231  1826  2000     3   170    14 32744 32744
 52546  9950  3922  1989     4    20   231  2000  2350    50   140    14 32744 32744
 52546  9950  3922  1989     5    24   231  1817  1851    20   140     4 32744 32744
 52546  9950  3922  1989     6    27   231  1746  1804    90    73    14 32744 32744
 52576 10141  3913  1989     6    20   231  1935  1943    20   120    14 32744 32744
 52602  9323  3850  1989     2    28   231  1625  1631   150   187    13 32744 32744
 52602  9323  3850  1989     4    13   231  1440  1443   300   200    14 32744 32744
 52602  9323  3850  1989     5    26   231  1247  1247   100   150     5 32744 32744
 52602  9323  3850  1989     6     3   231  1510  1713    90   167    14 32744 32744
 52602  9323  3850  1989     7    13   231  1434  1435   400   210    16 32744 32744
 52652 10026  3856  1989     3    18   231  1411  1438   180   117    15 32744 32744
 52652 10026  3856  1989     4    19   231  1922  2000     1   137    15 32744 32744
 52652 10026  3856  1989     4    20   231  2000  2334    30   143    16 32744 32744
 52652 10026  3856  1989     7    19   231  1913  1937    12    93    15 32744 32744
 52652 10026  3856  1989     8     3   231  2233  2241    80   107    14 32744 32744
 52674 10158  3814  1989     3     1   231  2237  2305    80   110    14 32744 32744
 52679 10240  3755  1989     3    18   231  1524  1712    40   120     1 32744 32744
 52681 10305  3838  1989     3    13   231  1322  1340    18   113    14 32744 32744
 52681 10305  3838  1989     3    18   231  1440  1929    17   130    16 32744 32744
 52681 10305  3838  1989     3    29   231  1237  1847     7   177    14 32744 32744
 52681 10305  3838  1989     4     1   231  1631  1832    60   110     6 32744 32744
 52681 10305  3838  1989     4     5   231  1733  1924    17   137    14 32744 32744
 52681 10305  3838  1989     5     4   231  1204  1325    14   120     6 32744 32744
 52681 10305  3838  1989     5    21   231  1224  1432     7   133    14 32744 32744
 52681 10305  3838  1989     5    23   231  1917  2000     6   113     3 32744 32744
 52681 10305  3838  1989     5    24   231  2000  2041   120   100     3 32744 32744
 52681 10305  3838  1989     6    12   231  1725  1932    18   120    14 32744 32744
 52681 10305  3838  1989     7    25   231  1736  2000     4   107     3 32744 32744
 52681 10305  3838  1989     7    26   231  2000  2045   200    87     3 32744 32744
 52681 10305  3838  1989     8     4   231  2003  2122   200    97    14 32744 32744
 52681 10305  3838  1989     8     8   231  1736  1932    15   113    14 32744 32744
 52681 10305  3838  1989     8    25   231  2120  2135   300   120    14 32744 32744
 52707  9341  3648  1989     2    28   231  1418  1432    80   120    15 32744 32744
 52707  9341  3648  1989     3    18   231  1433  1752    70   120    16 32744 32744
 52707  9341  3648  1989     4    19   231  1837  2000     3   153    16 32744 32744
 52707  9341  3648  1989     4    20   231  2000  2119    80   143    15 32744 32744
 52707  9341  3648  1989     6     3   231  1937  1950     8   150    16 32744 32744
 52707  9341  3648  1989     6     4   231  2035  2049    80   130    15 32744 32744
 52707  9341  3648  1989     6     5   231   127   210     8   140    14 32744 32744
 52707  9341  3648  1989     6     6   231  1033  1053    90   163    14 32744 32744
 52707  9341  3648  1989     6     9   231  2040  2110   120   100    15 32744 32744
 52707  9341  3648  1989     8    25   231  1935  1940    30   140    15 32744 32744
 52713  9522  3751  1989     8    26   231  1614  1628   300   120     1 32744 32744
 52737  9722  3722  1989     3    18   231  1346  1406     6   140    12 32744 32744
 52754 10008  3720  1989     1    21   231  1630  1642   200   110    13 32744 32744
 52754 10008  3720  1989     1    25   231  1153  1810     9   130    13 32744 32744
 52754 10008  3720  1989     1    30   231  1402  1816   200   143    13 32744 32744
 52754 10008  3720  1989     3    11   231  1502  1740   200   150    14 32744 32744
 52754 10008  3720  1989     3    13   231  1412  1710   100   140    13 32744 32744
 52754 10008  3720  1989     3    28   231  1437  1739   150   130    13 32744 32744
 52754 10008  3720  1989     3    29   231  1405  1920   100   133    14 32744 32744
 52754 10008  3720  1989     5     9   231  1426  1438   120   133     1 32744 32744
 52754 10008  3720  1989    12     5   231  1603  1605   250    93    13 32744 32744
 52754 10008  3720  1989    12    28   231  1237  1329    70   120    13 32744 32744
 52765 10137  3723  1989     3    29   231  1547  1549   120   123    13 32744 32744
 52797 10403  3711  1989     3    29   231  1720  2000     8   110    16 32744 32744
 52797 10403  3711  1989     3    30   231  2000  2010   200   103    16 32744 32744
 52818  9454  3625  1989     2    23   231  1521  1524   350    70    14 32744 32744
 52818  9454  3625  1989     2    28   231  1553  1756   100   100    13 32744 32744
 52818  9454  3625  1989     4    10   231  1355  1357     7   110    13 32744 32744
 52818  9454  3625  1989     4    19   231  1953  2000     2   117    13 32744 32744
 52818  9454  3625  1989     4    20   231  2000  2306    30   157    14 32744 32744
 52818  9454  3625  1989     5    14   231    20    35    60   130    13 32744 32744
 52818  9454  3625  1989     5    20   231  1849  1856    70   113    13 32744 32744
 52818  9454  3625  1989     6     3   231  1949  2000     9   100    10 32744 32744
 52818  9454  3625  1989     6     4   231  2000  2009    90   100    16 32744 32744
 52818  9454  3625  1989     6     6   231  1117  1214   120   140    14 32744 32744
 52818  9454  3625  1989     7    14   231  1900  1910    50    93    15 32744 32744
 52818  9454  3625  1989     8     8   231  2001  2012   110   130    14 32744 32744
 52825  9625  3626  1989     4    20   231  2204   123    60   203    13 32744 32744
 52825  9625  3626  1989     8    26   231  2335     7    90   120    13 32744 32744
 52836  9806  3618  1989     4    20   231  2343   223     4    90    13 32744 32744
 52836  9806  3618  1989     6     4   231  1811  1823    90    90    14 32744 32744
 52836  9806  3618  1989     8    18   231  1323  1445     8    80    13 32744 32744
 52836  9806  3618  1989    10    12   231  1625  1709   400    63    12 32744 32744
 52836  9806  3618  1989    10    14   231  2010  2020   300    93     9 32744 32744
 52842  9905  3647  1989     3     8   231  1612  1713   100   210    14 32744 32744
 52842  9905  3647  1989     3    18   231  1412  1412    80   180    13 32744 32744
 52856 10037  3616  1989     3     8   231  1534  1637   150   150    14 32744 32744
 52856 10037  3616  1989     3    18   231  1559  1702    90   130    14 32744 32744
 52856 10037  3616  1989     8     3   231  1938  1942    80   113    12 32744 32744
 52856 10037  3616  1989     9    19   231  1328  1334   350    90    15 32744 32744
 52856 10037  3616  1989     9    25   231  1822  1828   300    90    13 32744 32744
 52895 10441  3634  1989     3    18   231  1838  2000     8    83    16 32744 32744
 52895 10441  3634  1989     3    19   231  2000  2103   120    77    16 32744 32744
 52895 10441  3634  1989     3    30   231  2005  2046    60    80    16 32744 32744
 52908  9305  3513  1989     2    18   231  1311  1414   120   210    12 32744 32744
 52908  9305  3513  1989     2    27   231  1414  1505   200   187    14 32744 32744
 52908  9305  3513  1989     2    28   231  1435  1635   120   200    14 32744 32744
 52908  9305  3513  1989     3     4   231  1408  1556    80   210    14 32744 32744
 52908  9305  3513  1989     3     6   231  1328  1730     4   230    14 32744 32744
 52908  9305  3513  1989     3     7   231  1332  1357     8   190    14 32744 32744
 52908  9305  3513  1989     4    18   231  1547  1549   300   213    14 32744 32744
 52908  9305  3513  1989    11     4   231  1545  1557   300   150    13 32744 32744
 52908  9305  3513  1989    11    11   231  1450  1459    40   180    13 32744 32744
 52908  9305  3513  1989    11    12   231  1314  1711     7   237    13 32744 32744
 52908  9305  3513  1989    12     5   231  1532  1546   300   153    13 32744 32744
 52908  9305  3513  1989    12    27   231  1627  1833   250   167    14 32744 32744
 52943  9959  3535  1989     1    25   231  1405  1616   450   150    14 32744 32744
 52943  9959  3535  1989     2     3   231  1449  1512   400   180    15 32744 32744
 52943  9959  3535  1989     2    24   231  1450  1503   400   157    13 32744 32744
 52943  9959  3535  1989     2    28   231  1755  1756   250   150    12 32744 32744
 52943  9959  3535  1989     3     7   231  1509  1627   180   153    14 32744 32744
 52943  9959  3535  1989     3     8   231  1352  1507     8   240    14 32744 32744
 52943  9959  3535  1989     3    18   231  1444  1750   250   170    13 32744 32744
 52943  9959  3535  1989     3    27   231  1452  1620   400   190    14 32744 32744
 52943  9959  3535  1989     4    19   231  1843  1857   400   230    15 32744 32744
 52957 10039  3516  1989     1    30   231  1613  1719   150   143     1 32744 32744
 52957 10039  3516  1989     3    18   231  1326  1547   150   140    12 32744 32744
 53068 11158  4339  1989     4    20   231  1934  2000     7   157    14 32744 32744
 53068 11158  4339  1989     4    25   231  1143  1242   150   170    14 32744 32744
 53068 11158  4339  1989     6     3   231  1115  1310    90   180    14 32744 32744
 53068 11158  4339  1989     6    14   231  1453  1543    80   200    14 32744 32744
 53068 11158  4339  1989     7     7   231  1756  1840   200   177    16 32744 32744
 53068 11158  4339  1989     7    12   231  1810  1816   250   130    12 32744 32744
 53068 11158  4339  1989     8    23   231  1149  1210   300   170     9 32744 32744
 53068 11158  4339  1989     8    29   231  1613  1625   300   140    16 32744 32744
 53068 11158  4339  1989     9     4   231  1837  1847   200   150    16 32744 32744
 53068 11158  4339  1989     9    18   231  2040    17   250   250    16 32744 32744
 53068 11158  4339  1989    10    24   231  1304  1337   120   150    12 32744 32744
 53083 11409  4437  1989     4    25   231  1320  1415     8   130    13 32744 32744
 53083 11409  4437  1989     5    31   231  1050  1056   300   143    12 32744 32744
 53149 11008  4232  1989     4    12   231  1915  1927   150   180    10 32744 32744
 53149 11008  4232  1989     4    20   231  1604  1732   200   200    13 32744 32744
 53149 11008  4232  1989     5     5   231  1320  1324   200   150    11 32744 32744
 53149 11008  4232  1989     5     8   231  1915  1949     9   140     3 32744 32744
 53192 11457  4401  1989     5     6   231   606   617   190   150     2 32744 32744
 53192 11457  4401  1989     5    17   231  1458  1502   300   130    11 32744 32744
 53192 11457  4401  1989     6     3   231  1330  1349     8   173    12 32744 32744
 53192 11457  4401  1989     6     8   231  1534  1538   300   137    15 32744 32744
 53195 11343  4350  1989     6    22   231  1846  1853   300   167    14 32744 32744
 53195 11343  4350  1989     7     7   231  1936  1938    40   160    15 32744 32744
 53195 11343  4350  1989     8     9   231  1316  1319   200   143    11 32744 32744
 53195 11343  4350  1989     8    29   231  1752  1801   300   167    14 32744 32744
 53231 10624  4124  1989     3    13   231  1230  1757     8   183    13 32744 32744
 53231 10624  4124  1989     4     5   231  1843  1920    50   120    12 32744 32744
 53231 10624  4124  1989     4    10   231  1318  1456     8   150     8 32744 32744
 53231 10624  4124  1989     4    11   231   904  1357     6   200     7 32744 32744
 53231 10624  4124  1989     4    20   231   835  1230    50   173    12 32744 32744
 53231 10624  4124  1989     5     5   231  1539  2000     6   147    12 32744 32744
 53231 10624  4124  1989     5     6   231  2000  2017   200   100    12 32744 32744
 53231 10624  4124  1989     5     8   231  1235  1637     8   170    13 32744 32744
 53231 10624  4124  1989     5    18   231  1130  1156    70   167     2 32744 32744
 53231 10624  4124  1989     5    31   231  1451  1455   200   143    14 32744 32744
 53231 10624  4124  1989     6    10   231   940  1238   120   210     8 32744 32744
 53231 10624  4124  1989     8    14   231  1424  1440   180   110    16 32744 32744
 53276 11254  4224  1989     4    20   231  1923  1940    10   160    10 32744 32744
 53276 11254  4224  1989     4    21   231  1454  1505   150   190    14 32744 32744
 53276 11254  4224  1989     5    17   231  1209  1455    90   200    12 32744 32744
 53276 11254  4224  1989     6    26   231  2239  2311   300   170    14 32744 32744
 53352 11026  4142  1989     3     1   231  1325  1530     7   147    10 32744 32744
 53352 11026  4142  1989     4    20   231  1730  2000     9   120    14 32744 32744
 53352 11026  4142  1989     4    21   231  2000  2059   150   130    15 32744 32744
 53352 11026  4142  1989     5    17   231  1407  1513   200   133    15 32744 32744
 53391 11400  4154  1989     5    17   231  1531  1545   300   120    12 32744 32744
 53391 11400  4154  1989     6     3   231  1409  1417   300   140    12 32744 32744
 53446 10951  4040  1989     3    29   231  1706  1718    90   133    15 32744 32744
 53446 10951  4040  1989     4    12   231  1639  1642    40   110    10 32744 32744
 53480 11304  4102  1989     4    15   231  1608  1615   200   150    14 32744 32744
 53480 11304  4102  1989     4    16   231  1335  1338   100   133    14 32744 32744
 53480 11304  4102  1989     4    21   231  1533  1540   150   130    14 32744 32744
 53480 11304  4102  1989     5    17   231  1715  1725   250   147    16 32744 32744
 53502 10545  3947  1989     3    29   231  1420  1626    80   143    14 32744 32744
 53502 10545  3947  1989     4    10   231   935  1158    50   150     6 32744 32744
 53502 10545  3947  1989     4    16   231  1240  1628     6   140    13 32744 32744
 53502 10545  3947  1989     6    28   231  1455  1520   200   123    14 32744 32744
 53513 10725  4045  1989     3    29   231  1454  1507    60   100    14 32744 32744
 53513 10725  4045  1989     5    23   231  1630  1635   200    87     2 32744 32744
 53513 10725  4045  1989     7     3   231  2110  2116   150   100     6 32744 32744
 53513 10725  4045  1989     7    30   231  1952  2000     5    50     8 32744 32744
 53513 10725  4045  1989     7    31   231  2000  2146   180    80     5 32744 32744
 53519 10646  3913  1989     3    29   231  1540  1618    80   150    15 32744 32744
 53519 10646  3913  1989     6    28   231  1330  1337    80   153    15 32744 32744
 53529 10759  3906  1989     3    29   231  1514  1731    40   160    15 32744 32744
 53529 10759  3906  1989     4    16   231  1552  1757    40   140    14 32744 32744
 53529 10759  3906  1989     5    31   231  1152  1248   120   110    16 32744 32744
 53545 10944  3934  1989     3    29   231  1556  1847   120   150    15 32744 32744
 53545 10944  3934  1989     3    30   231   121   345     9   153    15 32744 32744
 53602 10540  3850  1989     3    29   231  1418  1916    60   160    14 32744 32744
 53602 10540  3850  1989     5    23   231  1809  1846   150   143     2 32744 32744
 53602 10540  3850  1989     6     2   231  1723  1745   300   170    10 32744 32744
 53602 10540  3850  1989     7    25   231  1618  1958     8   160     2 32744 32744
 53615 10642  3848  1989     3    29   231  1413  1938    20   123    15 32744 32744
 53663 11149  3855  1989     4    16   231  1407  1520    60   143    12 32744 32744
 53704 10511  3732  1989     3    18   231  1811  2000     8   107    14 32744 32744
 53704 10511  3732  1989     3    19   231  2000  2021    90   110    14 32744 32744
 53723 10724  3747  1989     3    13   231  1221  1514     7   140    14 32744 32744
 53723 10724  3747  1989     3    29   231  1710  2000     8   117    16 32744 32744
 53723 10724  3747  1989     3    30   231  2000  2135    60    97    16 32744 32744
 53723 10724  3747  1989     5    23   231  1751  1818   150    90    16 32744 32744
 53725 10735  3735  1989     3    29   231  1251  2000     3   160    15 32744 32744
 53725 10735  3735  1989     3    30   231  2000  2340    40   150 32744 32744 32744
 53725 10735  3735  1989     4    10   231   841   940    30   113     7 32744 32744
 53725 10735  3735  1989     4    15   231  1430  1817    60   127    14 32744 32744
 53725 10735  3735  1989     5    23   231  1814  1842    50   100    16 32744 32744
 53738 10811  3650  1989     3    29   231  1902  2000     4    90    16 32744 32744
 53738 10811  3650  1989     3    30   231  2000  2224    50   107    16 32744 32744
 53740 10914  3756  1989     3    29   231  1723  2000     8   153    15 32744 32744
 53740 10914  3756  1989     3    30   231  2000   220     8   160    14 32744 32744
 53806 10539  3634  1989     3    18   231  1922  2000     4   213    16 32744 32744
 53806 10539  3634  1989     3    19   231  2000    20    15   177    16 32744 32744
 53810 10554  3659  1989     3    29   231  1435  1455    50   140    16 32744 32744
 54012 11736  4435  1989     5    17   231  1807  1811   300   143    11 32744 32744
 54041 12304  4447  1989     4     2   231  1054  1115   120   140     2 32744 32744
 54041 12304  4447  1989     6     3   231  1744  1806   100   160    10 32744 32744
 54134 12117  4336  1989     1    30   231  1352  1512     8   177    13 32744 32744
 54134 12117  4336  1989     6    26   231  1445  1448   200   123    12 32744 32744
 54135 12216  4336  1989     1    30   231  1409  1607    20   173    12 32744 32744
 54135 12216  4336  1989     4     5   231  2114  2207   300   150     4 32744 32744
 54208 11628  4211  1989     4    21   231  1610  1625   200   170    14 32744 32744
 54218 11858  4216  1989     4    24   231  1558  1603   200   123    13 32744 32744
 54623 11743  3900  1989     3    14   231   902   935   120   200    15   274    15
 54843 11905  3642  1989     5     8   231  1350  1358     1   157     2 32744 32744
 55228  8005  3230  1989     1    26   231  1238  1239   300 32744 32744 32744 32744
 55228  8005  3230  1989     1    30   231  1504  1504   400 32744 32744 32744 32744
 55228  8005  3230  1989     2     1   231  1342  1344    10 32744 32744 32744 32744
 55228  8005  3230  1989     2     4   231  1421  1422   400 32744 32744 32744 32744
 55228  8005  3230  1989     2     6   231  1403  1708    15 32744 32744 32744 32744
 55228  8005  3230  1989     2     7   231  1405  1618    90 32744 32744 32744 32744
 55228  8005  3230  1989     2    10   231  1714  1720   700 32744 32744 32744 32744
 55228  8005  3230  1989     2    27   231  1218  1417   100 32744 32744 32744 32744
 55228  8005  3230  1989     3    18   231  1844  1849   400 32744 32744 32744 32744
 55228  8005  3230  1989     3    20   231  1613  1613   500 32744 32744 32744 32744
 55228  8005  3230  1989     3    22   231  1758  1800   300 32744 32744 32744 32744
 55228  8005  3230  1989     4     6   231  1623  1640   600 32744 32744 32744 32744
 55228  8005  3230  1989     4    10   231  1514  1745   300 32744 32744 32744 32744
 55228  8005  3230  1989     4    13   231  1508  1511   400 32744 32744 32744 32744
 55228  8005  3230  1989     4    23   231  1550  1630   500 32744 32744 32744 32744
 55228  8005  3230  1989     4    25   231  1743  1757    90 32744 32744 32744 32744
 55228  8005  3230  1989     5     4   231  1719  1721   250 32744 32744 32744 32744
 55228  8005  3230  1989     6     3   231  1739  1741   600 32744 32744 32744 32744
 55228  8005  3230  1989     6    18   231  1744  1746   600 32744 32744 32744 32744
 55228  8005  3230  1989     6    21   231  1657  1659   600 32744 32744 32744 32744
 55228  8005  3230  1989     7    23   231  1602  1628   700 32744 32744 32744 32744
 55228  8005  3230  1989     7    26   231  2110  2122   600 32744 32744 32744 32744
 55228  8005  3230  1989     7    31   231  1624  1630   600 32744 32744 32744 32744
 55228  8005  3230  1989     9    23   231  1834  1843   600 32744 32744 32744 32744
 55228  8005  3230  1989    10    16   231  1448  1707   500 32744 32744 32744 32744
 55228  8005  3230  1989    10    24   231  1720  1722   700 32744 32744 32744 32744
 55228  8005  3230  1989    11     2   231  1538  1541   600 32744 32744 32744 32744
 55228  8005  3230  1989    11     3   231  1525  1526   500 32744 32744 32744 32744
 55228  8005  3230  1989    11     5   231  1625  1630   300 32744 32744 32744 32744
 55228  8005  3230  1989    11    11   231  1726  1727   600 32744 32744 32744 32744
 55248  8425  3209  1989     1     6   231  1646  1718   200 32744 32744 32744 32744
 55248  8425  3209  1989     1    27   231  1521  1528   300 32744 32744 32744 32744
 55248  8425  3209  1989     1    28   231  1540  1547    80 32744 32744 32744 32744
 55248  8425  3209  1989     1    29   231  1419  1428   200 32744 32744 32744 32744
 55248  8425  3209  1989     2     4   231  1450  1500    80 32744 32744 32744 32744
 55248  8425  3209  1989     3     1   231  1743  1752    90 32744 32744 32744 32744
 55248  8425  3209  1989     3     2   231  1518  1635   400 32744 32744 32744 32744
 55248  8425  3209  1989     4     9   231  1607  1635    89 32744 32744 32744 32744
 55248  8425  3209  1989     4    10   231  1703  1709   300 32744 32744 32744 32744
 55279  9001  3123  1989     2     1   231  1423  1431   300   187    14 32744 32744
 55279  9001  3123  1989     2     7   231  1506  1550   150   293    12 32744 32744
 55279  9001  3123  1989     2     8   231  1658  1957     9   170    13 32744 32744
 55279  9001  3123  1989     3     1   231  1310  1625    90   223    13 32744 32744
 55294  9106  3221  1989     3     1   231  1434  1436     4   263    12 32744 32744
 55294  9106  3221  1989     3     1   231  1818  2000     4   263    12 32744 32744
 55294  9106  3221  1989     3     2   231  2000  2034    70   250    13 32744 32744
 55294  9106  3221  1989     3     6   231  1532  1540   200   223    13 32744 32744
 55294  9106  3221  1989     4     4   231  1537  1554   250   223    12 32744 32744
 55294  9106  3221  1989     4     5   231  1411  1723   200   223    13 32744 32744
 55294  9106  3221  1989     4     9   231  1443  1450   300   227    12 32744 32744
 55294  9106  3221  1989     4    13   231  1653  1655   300   200    13 32744 32744
 55294  9106  3221  1989     4    23   231  1554  1557   300   200    12 32744 32744
 55294  9106  3221  1989     5    24   231  1858  1859   300   170     5 32744 32744
 55472  8838  3057  1989     1    14   231  1440  1706   400 32744 32744 32744 32744
 55472  8838  3057  1989     1    15   231  1704  1718   700 32744 32744 32744 32744
 55472  8838  3057  1989     1    16   231  1134  1712     3 32744 32744 32744 32744
 55472  8838  3057  1989     1    19   231  1630  1711   200 32744 32744 32744 32744
 55472  8838  3057  1989     1    20   231  1410  1541    60 32744 32744 32744 32744
 55472  8838  3057  1989     1    24   231  1523  1628   700 32744 32744 32744 32744
 55472  8838  3057  1989     1    26   231  1709  1709   250 32744 32744 32744 32744
 55472  8838  3057  1989     1    27   231  1125  1701     9 32744 32744 32744 32744
 55472  8838  3057  1989     1    28   231  1209  1244    70 32744 32744 32744 32744
 55472  8838  3057  1989     1    29   231  1338  1821     8 32744 32744 32744 32744
 55472  8838  3057  1989     1    30   231  1304  1902     9 32744 32744 32744 32744
 55472  8838  3057  1989     1    31   231  1600  1820   200 32744 32744 32744 32744
 55472  8838  3057  1989     2     1   231  1050  2000     1 32744 32744 32744 32744
 55472  8838  3057  1989     2     2   231  2000  2054   200 32744 32744 32744 32744
 55472  8838  3057  1989     2     4   231  1125  1759     7 32744 32744 32744 32744
 55472  8838  3057  1989     2     5   231   133  1747     8 32744 32744 32744 32744
 55472  8838  3057  1989     2     6   231  1725  1840   250 32744 32744 32744 32744
 55472  8838  3057  1989     2     7   231  1321  1810    90 32744 32744 32744 32744
 55472  8838  3057  1989     2     8   231  1217  1740     2 32744 32744 32744 32744
 55472  8838  3057  1989     3     1   231   820  1905    90 32744 32744 32744 32744
 55472  8838  3057  1989     3     6   231  1708  1740   300 32744 32744 32744 32744
 55472  8838  3057  1989     3    24   231  1455  1747   500 32744 32744 32744 32744
 55472  8838  3057  1989     4     4   231  1511  1555   400 32744 32744 32744 32744
 55472  8838  3057  1989     4     5   231  1224  1625     8 32744 32744 32744 32744
 55472  8838  3057  1989     4     6   231  1229  1536   250 32744 32744 32744 32744
 55472  8838  3057  1989     4     7   231  1853  2000     9 32744 32744 32744 32744
 55472  8838  3057  1989     4     8   231  2000  2002   600 32744 32744 32744 32744
 55472  8838  3057  1989     4    13   231  1508  1620    90 32744 32744 32744 32744
 55472  8838  3057  1989     5     2   231  2130  2136   600 32744 32744 32744 32744
 55472  8838  3057  1989     5     8   231  1610  1613   600 32744 32744 32744 32744
 55472  8838  3057  1989     5    25   231  1901  1908   300 32744 32744 32744 32744
 55472  8838  3057  1989    12    28   231  1458  1723   500 32744 32744 32744 32744
 55569  8736  2905  1989     1    14   231  1425  1641   400 32744 32744 32744 32744
 55569  8736  2905  1989     1    16   231  1458  1515   400 32744 32744 32744 32744
 55569  8736  2905  1989     1    27   231  1440  1456   400 32744 32744 32744 32744
 55569  8736  2905  1989     1    28   231  1347  1811     9 32744 32744 32744 32744
 55569  8736  2905  1989     1    31   231  1420  1515   400 32744 32744 32744 32744
 55569  8736  2905  1989     2     1   231  1405  1427   350 32744 32744 32744 32744
 55569  8736  2905  1989     2     1   231  1735  1804   350 32744 32744 32744 32744
 55569  8736  2905  1989     2    14   231  1551  1627   400 32744 32744 32744 32744
 55569  8736  2905  1989     2    15   231  1548  1825   400 32744 32744 32744 32744
 55569  8736  2905  1989    12    21   231  1524  1715   400 32744 32744 32744 32744
 55569  8736  2905  1989    12    24   231  1420  1425   400 32744 32744 32744 32744
 55569  8736  2905  1989    12    26   231  1323  1534   350 32744 32744 32744 32744
 55569  8736  2905  1989    12    28   231  1611  1640   400 32744 32744 32744 32744
 55569  8736  2905  1989    12    31   231  1514  1710   400 32744 32744 32744 32744
 55578  8853  2915  1989     1     8   231  1615  1707   300   120    11 32744 32744
 55578  8853  2915  1989     1    10   231  1707  1710   300   110    13 32744 32744
 55578  8853  2915  1989     1    14   231  1517  1803   350   117    12 32744 32744
 55578  8853  2915  1989     1    20   231  1630  1649   300   127    13 32744 32744
 55578  8853  2915  1989     2    14   231  1553  1557   150   140    12 32744 32744
 55578  8853  2915  1989     2    15   231  1743  1846   150   120    14 32744 32744
 55578  8853  2915  1989     3     1   231  1721  1728   250   160    12 32744 32744
 55578  8853  2915  1989     4    29   231  1415  1445   300    80    16 32744 32744
 55578  8853  2915  1989     5     9   231  1841  1850   250   117    16 32744 32744
 55591  9108  2940  1989     2    17   231  1516  1652   300   107    12 32744 32744
 55591  9108  2940  1989     3     2   231  1505  1601   300    93    12 32744 32744
 55591  9108  2940  1989     3     4   231  1542  1612   300   110    12 32744 32744
 55591  9108  2940  1989     3     5   231  1556  1635   300    97    12 32744 32744
 55598  9146  2915  1989     1    31   231  1627  1835   200    93    13 32744 32744
 55598  9146  2915  1989     2     1   231  1725  1810   120   107    12 32744 32744
 55598  9146  2915  1989     2     7   231  1627  1710   350    90    13 32744 32744
 55598  9146  2915  1989     2    10   231  1510  1552   350   110    13 32744 32744
 55598  9146  2915  1989     2    17   231  1552  1705   350   140    13 32744 32744
 55598  9146  2915  1989     3     5   231  1630  1810   250   107    12 32744 32744
 55598  9146  2915  1989     4     3   231  1502  1712   300   120    14 32744 32744
 55598  9146  2915  1989     4     4   231  1544  1615   130   117    12 32744 32744
 55598  9146  2915  1989     4    10   231  1847  1847   300   137    10 32744 32744
 55598  9146  2915  1989     4    12   231  1617  1620   250   110    13 32744 32744
 55664  8705  2838  1989     1    29   231  1342  1708     8 32744 32744 32744 32744
 55664  8705  2838  1989     2     8   231  1504  1542   400 32744 32744 32744 32744
 55664  8705  2838  1989     2    14   231  1639  1729   250 32744 32744 32744 32744
 55664  8705  2838  1989     2    15   231  1401  1540   250 32744 32744 32744 32744
 55664  8705  2838  1989     2    18   231  1450  1651   250 32744 32744 32744 32744
 55664  8705  2838  1989     4    19   231  1723  1723   400 32744 32744 32744 32744
 55664  8705  2838  1989    12    24   231  1455  1458   300 32744 32744 32744 32744
 55664  8705  2838  1989    12    26   231  1254  1624     9 32744 32744 32744 32744
 55680  8936  2855  1989     1    10   231  1607  1608   300 32744 32744 32744 32744
 55680  8936  2855  1989     1    14   231  1528  1530   150 32744 32744 32744 32744
 55680  8936  2855  1989     1    16   231  1518  1518   300 32744 32744 32744 32744
 55680  8936  2855  1989     1    30   231  1521  1523   300 32744 32744 32744 32744
 55680  8936  2855  1989     2     1   231  1513  1709   250 32744 32744 32744 32744
 55680  8936  2855  1989     2    14   231  1612  1640   100 32744 32744 32744 32744
 55680  8936  2855  1989     2    15   231  1434  1447   150 32744 32744 32744 32744
 55680  8936  2855  1989     2    17   231  1609  1653   150 32744 32744 32744 32744
 55680  8936  2855  1989     2    28   231  1525  1540   300 32744 32744 32744 32744
 55680  8936  2855  1989     3     1   231  1519  1545   200 32744 32744 32744 32744
 55680  8936  2855  1989     3     2   231  1620  1622   300 32744 32744 32744 32744
 55680  8936  2855  1989     4    19   231  1554  1614   300 32744 32744 32744 32744
 55696  9228  2825  1989     1    14   231  1431  1454   400   190    14 32744 32744
 55696  9228  2825  1989     1    15   231  1432  1445   400   170    15 32744 32744
 55696  9228  2825  1989     1    29   231  1401  1801   100   190    15 32744 32744
 55696  9228  2825  1989     1    30   231  1523  1527   350   177    13 32744 32744
 55696  9228  2825  1989     1    31   231  1509  1523   400   160    13 32744 32744
 55696  9228  2825  1989     2     1   231  1225  1534    90   190    14 32744 32744
 55696  9228  2825  1989     2    28   231  1515  1533    90   183    15 32744 32744
 56004  9226  3413  1989     3     1   231  1503  1612   120   273    12 32744 32744
 56004  9226  3413  1989    11     4   231  1427  1515   300   180    12 32744 32744
 56004  9226  3413  1989    11     6   231  1353  1358     8   180    11 32744 32744
 56004  9226  3413  1989    11     7   231  1439  1441   250   130    14 32744 32744
 56004  9226  3413  1989    11    11   231  1225  1446   100   117    14 32744 32744
 56004  9226  3413  1989    12    30   231  1531  1536   300   153    12 32744 32744
 56016  9536  3351  1989     1    26   231  1406  1446    50   130    13 32744 32744
 56016  9536  3351  1989     1    28   231  1416  1417   300   130    15 32744 32744
 56016  9536  3351  1989     1    29   231  1519  1520   400   143    13 32744 32744
 56016  9536  3351  1989     4    14   231  1159  1201   250   143    13 32744 32744
 56016  9536  3351  1989     4    18   231  1851  1852   400   120    14 32744 32744
 56016  9536  3351  1989    11     6   231  1512  1514   150   123    13 32744 32744
 56016  9536  3351  1989    11    16   231  1555  1556   350    93    13 32744 32744
 56018  9518  3254  1989     1    27   231  1510  1643   400   130    13 32744 32744
 56018  9518  3254  1989     1    28   231  1410  1421   350   130    13 32744 32744
 56018  9518  3254  1989     2     8   231  1232  1511     4   143    12 32744 32744
 56018  9518  3254  1989     3     3   231  1230  1342   200   200    12 32744 32744
 56018  9518  3254  1989     4     4   231  1304  1410   350   133    14 32744 32744
 56018  9518  3254  1989     4    14   231  1325  1619     6   147    12 32744 32744
 56018  9518  3254  1989     5     9   231  1457  1500   250   117    14 32744 32744
 56018  9518  3254  1989    10    25   231  1545  1547   400   103    12 32744 32744
 56018  9518  3254  1989    11    11   231  1413  1425   300   150 32744 32744 32744
 56018  9518  3254  1989    11    18   231  1420  1445   400   100    12 32744 32744
 56021  9547  3408  1989     3     1   231  1117  1635   250   177    12 32744 32744
 56021  9547  3408  1989     3     2   231  1306  1307   350   143    11 32744 32744
 56033  9813  3455  1989     1     7   231  1403  1505    80   143    13 32744 32744
 56033  9813  3455  1989     1    24   231  1708  1743   300   140    13 32744 32744
 56033  9813  3455  1989     1    30   231  1420  1832   250   163    12 32744 32744
 56033  9813  3455  1989     3    13   231  1550  1554   200   157    13 32744 32744
 56038  9806  3259  1989     3    21   231  1535  1546   500   150    16 32744 32744
 56041  9912  3416  1989     1    30   231  1745  1803   300   247    14 32744 32744
 56046  9939  3345  1989     1    30   231  1705  1836   400   190    14 32744 32744
 56046  9939  3345  1989     3     1   231  1337  1520     8   160    12 32744 32744
 56046  9939  3345  1989     3     8   231  1407  1527   250   200    14 32744 32744
 56065 10136  3444  1989     2     3   231  1441  1450   350   130    15 32744 32744
 56125  9629  3212  1989     3    21   231  1404  1405   400   107    14 32744 32744
