 50603 11649  4840  2005     4     6   231  1035  1140     5   166    14   253    14
 50603 11649  4840  2005     4    13   231  1121  1324    90   132    14   215    14
 50603 11649  4840  2005     4    18   231  1811  2000     9   108    11   170    11
 50603 11649  4840  2005     4    19   231  2000  2035     9   110    14   158    14
 50915 11658  4531  2005     4    27   231  1810  1920   180   136    16   226    16
 50915 11658  4531  2005     4    29   231  1330  1440     7   134    11   198    11
 50915 11658  4531  2005     5    15   231  1240  1548     5   125    12   198    12
 51288  9032  4522  2005    10     8   231  1625  1627   500 32744 32744 32744 32744
 51346  8440  4426  2005     7    12   231  2118  2123   200   117    12   205    11
 51526  8813  4214  2005     4     4   231  1508  1657   120   133    13   227    13
 51628  8014  4110  2005     7    22   231  1852  1926     7    96    14   144    14
 51628  8014  4110  2005     8    23   231  2045  2118     5    60    15   146    16
 51709  7559  3928  2005     4     5   231  1742  1748     7    80    15   138    15
 51709  7559  3928  2005     5    14   231  1805  1808    80    74    13   152    13
 51711  7827  4056  2005     7    15   231  1950  1953     5   106    13   208    13
 51711  7827  4056  2005     8    23   231  1936  2000     8   104    12   188    12
 51720  7903  4030  2005     4    15   231  2239  2250   110   163    13   239    13
 51720  7903  4030  2005     6    12   231  1704  1711   200    91    11   164    12
 51720  7903  4030  2005     7     3   231  1407  1441    30   130    11   197    12
 51720  7903  4030  2005     7    16   231  2130  2208   220   133    12   195    11
 51720  7903  4030  2005     7    19   231  1823  1841   200   111    15   163    15
 51730  8116  4033  2005     5     3   231  2038  2110   150    77     2   139     1
 51730  8116  4033  2005     5    13   231  1906  2000     5   108     3   185     3
 51730  8116  4033  2005     5    14   231  2000  2018     5   102     3   171     3
 51747  8340  3900  2005     5    27   231  2005  2155    30   116     2   175     2
 51747  8340  3900  2005     6    23   231  2234  2310    20    87     3   121     3
 51747  8340  3900  2005     6    25   231   922  1405     9   119     3   183     3
 51747  8340  3900  2005     7     4   231  2030  2045    40    97    11   143    11
 51747  8340  3900  2005     7     6   231    10   125    20   104    11   157    11
 51747  8340  3900  2005     7    15   231  2105  2150    40   122     2   175     2
 51747  8340  3900  2005     7    16   231   330   640    60   139     1   227    16
 51747  8340  3900  2005     7    31   231  2330    40    20    94    16   194    15
 51747  8340  3900  2005     8    13   231  2022  2049   180   126     2   199     2
 51747  8340  3900  2005     8    13   231  1727  1909    20   126     2   199     2
 51765  8742  4038  2005     1    28   231  1731  1842    80    94     4   170     4
 51765  8742  4038  2005     4     6   231   120   612     6    93     3   170     3
 51765  8742  4038  2005     5    24   231  2011  2027   300    77    15   143    15
 51777  8810  3902  2005     1    28   231  1447  2000     1    88     3   155     3
 51777  8810  3902  2005     1    29   231  2000  2128     1    54     3    94     2
 51777  8810  3902  2005     2    24   231  1730  1920     8    70     4   131     2
 51777  8810  3902  2005     4     6   231   640  1320     4    98     4   157     4
 51777  8810  3902  2005     4     6   231  1710  2000     4    98     4   157     4
 51777  8810  3902  2005     4     7   231  2000  2012     8    79     3   138     3
 51777  8810  3902  2005     6    20   231  1907  2000     4   101    12   161    12
 51777  8810  3902  2005     6    21   231  2000  2010     4    98    11   148    11
 51777  8810  3902  2005     6    25   231  1911  2000     7    72     3   131     3
 51777  8810  3902  2005     6    26   231  2000  2140     6    93    10   158     3
 51777  8810  3902  2005     8    28   231  1233  1320     6   109    12   173    11
 51811  7716  3826  2005     6    23   231  2318  2346   120   120    14   200    14
 51811  7716  3826  2005     8    25   231   220   228   100   108    15   205    15
 51818  7817  3737  2005     5    13   231  2128  2143   130    80    12   150    12
 51818  7817  3737  2005     5    15   231    35    57   110    99     4   163     4
 51818  7817  3737  2005     6     1   231  2050  2125    60    79    12   144    13
 51818  7817  3737  2005     6     5   231  1706  1740    70    84    10   182    10
 51818  7817  3737  2005     6    13   231  2106  2130    80    71    11   163    10
 51818  7817  3737  2005     6    23   231   120   215     7    85    15   179    15
 51818  7817  3737  2005     8    25   231   430   515    90    68    15   137    15
 51818  7817  3737  2005     8    28   231  2258  2345   150    81    16   197    16
 51828  7956  3708  2005     4     6   231  1233  1255     8    81    13   146    13
 51828  7956  3708  2005     5    10   231  1832  1859     6    70    10   117     9
 51828  7956  3708  2005     5    26   231  1930  1938    60    85    13   136    14
 51828  7956  3708  2005     6     7   231  1742  1810     4    94    12   139    12
 51828  7956  3708  2005     6    11   231  1942  2000     5    78    10   139    10
 51828  7956  3708  2005     6    12   231  2000  2009     5    91     9   160     9
 51828  7956  3708  2005     6    23   231   320   330    50    78    13   130    14
 51828  7956  3708  2005     8     8   231  1843  1930     8    78    13   130    13
 51828  7956  3708  2005     8     9   231  2000  2325     6    91    13   165    13
 51828  7956  3708  2005     8    25   231   710   915     4    87    13   142    13
 51839  8243  3704  2005     4     6   231   837  1727     4    75    12   119    13
 51839  8243  3704  2005     5     4   231  1338  1715     7    76     3   128     3
 51839  8243  3704  2005     5     5   231  2312  2335     8    64     3   117     4
 51839  8243  3704  2005     5    11   231   612   715     8    72    12   120    12
 51839  8243  3704  2005     5    14   231  1002  1533     3   116    12   163    12
 51839  8243  3704  2005     5    27   231  2230    30     0    99    11   166    12
 51839  8243  3704  2005     6     1   231  1604  1622    20    74    12   120     9
 51839  8243  3704  2005     6     3   231  1710  1738    60    64     8   122     8
 51839  8243  3704  2005     6     8   231  1915  2000     4    71    11   124    10
 51839  8243  3704  2005     6     9   231  2000  2018     4    69    11   103    11
 51839  8243  3704  2005     6    11   231  1747  2000     1   102     7   166     7
 51839  8243  3704  2005     6    12   231  2000    27     1    91    11   146     7
 51839  8243  3704  2005     6    13   231   940  1132     9    83    12   134    12
 51839  8243  3704  2005     6    23   231   702  1012     2    90    12   151    12
 51839  8243  3704  2005     6    25   231  1640  1822     6    50     1    90     1
 51839  8243  3704  2005     7     3   231  1629  1634    60    67     8   138     7
 51839  8243  3704  2005     7    13   231   943  1440     5    74    12   117    11
 51839  8243  3704  2005     7    14   231   535   813     6    80    12   126    12
 51839  8243  3704  2005     7    16   231   543   633     4    68     8   112     7
 51839  8243  3704  2005     7    23   231   744  1140     7    75    12   113    11
 51839  8243  3704  2005     7    31   231  2034  2315     8    87    12   141    12
 51839  8243  3704  2005     8     9   231    22   705     6    87    11   158    12
 51839  8243  3704  2005     8    13   231  1840  1940     1    70    15   120    15
 51839  8243  3704  2005     8    25   231   843  1636     2    93    12   156    12
 51839  8243  3704  2005     8    28   231   237   318     8    59     1   115     1
 51839  8243  3704  2005     9    11   231  2132  2218     8    64     1    99     1
 51839  8243  3704  2005     9    30   231  2010  2130     5    59     1   107     2
 51855  8533  3809  2005     5    14   231  1807  1907    20    91    11   170    10
 51886  9051  3815  2005     2     2   231  1618  1656   230   149    14   214    14
 51886  9051  3815  2005     3     9   231  1736  1737   380   142    15   204    13
 51886  9051  3815  2005     5     4   231  1048  1054   120   158    14   230    14
 51886  9051  3815  2005     5    13   231  1708  1716    80   140    12   216    11
 51931  8139  3651  2005     5     4   231  2246  2306    15    48    12   182    12
 51931  8139  3651  2005     5    27   231  2123  2250    50    77    14   133    13
 51931  8139  3651  2005     5    28   231  2011  2052   200    75     8   131     9
 51931  8139  3651  2005     6     9   231  1825  2000     4    73     9   138     8
 51931  8139  3651  2005     6    10   231  2000  2015     4    59     9    95     8
 51931  8139  3651  2005     6    23   231  1825  1910    70    77    13   136     9
 51931  8139  3651  2005     8     9   231  2149    20    60    84    14   146    14
 52112  9508  4346  2005     3    15   231  1005  1146   300   190    15   270    15
 52112  9508  4346  2005     4    15   231  1420  1512    50   182    14   261    15
 52267 10104  4157  2005     5    14   231  1526  1924     2   146    14   233    14
 52267 10104  4157  2005     5    25   231   811  1510     6   100     6   148     6
 52378 10222  4122  2005     3    10   231   340   809     8   177     5   219     5
 52378 10222  4122  2005     3    15   231  1352  2000     9   168    14   215    13
 52378 10222  4122  2005     3    16   231  2000  2033     9   139    13   172    13
 52378 10222  4122  2005     4     8   231   852  1905     8   148    13   187    14
 52378 10222  4122  2005     4    18   231  1252  1316    30   139    14   201    12
 52378 10222  4122  2005     4    22   231  1306  1408     9   149    13   190    13
 52378 10222  4122  2005     5    14   231  1615  2000     0   174    13   240    13
 52378 10222  4122  2005     5    15   231  2000  2042     0   174    13   226    13
 52378 10222  4122  2005     5    25   231   722  1053     8   173     5   209     5
 52378 10222  4122  2005     5    28   231  1241  1515     8   175    14   235    14
 52378 10222  4122  2005     6    21   231  1440  1442   300   150     7   265     8
 52378 10222  4122  2005     7     7   231   852  1133   200   165     5   198     5
 52378 10222  4122  2005     7    25   231  1843  2000     9   137     4   184     4
 52378 10222  4122  2005     7    26   231  2000  2027     9   134     5   168     5
 52378 10222  4122  2005     8     1   231  1626  1639   200   131    13   243    13
 52378 10222  4122  2005     8    10   231  1715  1840   250   116    15   174    15
 52378 10222  4122  2005     8    19   231  1622  1640   300   145    13   208    13
 52418  9441  4009  2005     4     6   231  1246  1335     9   139     5   230     5
 52418  9441  4009  2005     7    15   231  1852  2000     8    80    16   182    15
 52418  9441  4009  2005     7    16   231  2000  2120     8    73    16   152    16
 52418  9441  4009  2005     7    17   231  2203  2301     9    86    14   170    16
 52436  9702  4016  2005     3    10   231  1135  1338    15    93     5   133     6
 52436  9702  4016  2005     7    17   231   110   240     7   155    13   240    11
 52446  9931  4018  2005     2    21   231  1224  1605     5   148    13   210    14
 52446  9931  4018  2005     7    17   231   328   434   150   150    14   204    15
 52447  9854  4000  2005     2    21   231  1523  1706    20   139    14   203    14
 52447  9854  4000  2005     3    10   231   956  1207    80    92    15   134    15
 52447  9854  4000  2005     6     4   231  2037  2045   400    95     1   151    16
 52447  9854  4000  2005     6    24   231  1520  1545   400   117    13   177    13
 52447  9854  4000  2005     7    17   231   243   712    18   162    14   251    15
 52495 10448  4010  2005     5    26   231  1612  1630   200   185    14   283    14
 52495 10448  4010  2005     5    28   231  1641  1953     5   196    15   276    15
 52533  9829  3946  2005     2    12   231  1432  1606     9    86    16   135    16
 52533  9829  3946  2005     2    21   231  1711  1809     7   110    15   161    15
 52533  9829  3946  2005     4    18   231  1640  1716     9   160    15   221    16
 52533  9829  3946  2005     6     4   231  2020  2058     9   116    15   186    15
 52533  9829  3946  2005     7    17   231   434   613     9    91    15   161    15
 52546  9950  3922  2005     5     4   231  2151  2220   150   102     1   232    16
 52546  9950  3922  2005     6     4   231  2208  2238   150   101     1   179     1
 52546  9950  3922  2005     6    24   231  1638  1656   110   102    11   142    12
 52546  9950  3922  2005     7    17   231   415   816     9   119    15   186    14
 52576 10141  3913  2005     2    21   231  1538  1610   150   112    14   169    14
 52576 10141  3913  2005     5    14   231  1636  1738   200   135    14   231    13
 52576 10141  3913  2005     6    24   231  1831  2000     8   135    14   199    14
 52576 10141  3913  2005     6    25   231  2000  2007     8    92    14   153    13
 52576 10141  3913  2005     7    17   231   725  1105     3   101    14   158    14
 52602  9320  3845  2005     4     6   231  1950  2000     7   143    14   180    14
 52602  9320  3845  2005     4     7   231  2000  2110     7   164    14   218    14
 52602  9320  3845  2005     4     7   231  1820  1840    40   164    14   218    14
 52602  9320  3845  2005     4    18   231  1441  1444   150   145    15   215    15
 52602  9320  3845  2005     5     4   231  1217  1521     2   172    14   246    14
 52602  9320  3845  2005     5    15   231  1445  1521   500   184    14   230    14
 52602  9320  3845  2005     6    23   231  1453  1459   200   170    15   239    15
 52602  9320  3845  2005     6    27   231  1450  1457   400   182    14   259    14
 52602  9320  3845  2005    10    11   231  1440  1447   200   157    14   231    14
 52633  9825  3848  2005     4    18   231  1310  1710   200   176    14   260    15
 52633  9825  3848  2005     5     4   231  1712  1820   200   195    14   260    14
 52652 10026  3856  2005     2    12   231  1628  1733    80   112    15   187    14
 52652 10026  3856  2005     5    28   231   410   506   110   132    14   199    14
 52652 10026  3856  2005     7    17   231   512   720     5   106    15   187    14
 52661 10105  3848  2005     7    17   231   746   930     6   117    13   177    13
 52674 10158  3814  2005     7    17   231   739  1240     4   107    14   171    14
 52679 10240  3755  2005     4    18   231  1148  1226   120    67    16   123    15
 52679 10240  3755  2005     7    17   231   902  1103    11   102    15   156    15
 52681 10305  3838  2005     2    21   231  1304  1322     5   120    14   185    14
 52681 10305  3838  2005     2    21   231  1629  1815     5   120    14   185    14
 52681 10305  3838  2005     2    23   231  1121  1309     7   129    14   216    14
 52681 10305  3838  2005     4    18   231  1129  1140   180   101    15   165    16
 52681 10305  3838  2005     5    14   231  1803  2000     0   147    13   225    14
 52681 10305  3838  2005     5    15   231  2000  2118     1   135    14   205    13
 52681 10305  3838  2005     5    28   231   825   943     1   145    13   251    13
 52681 10305  3838  2005     5    28   231  1641  1828     1   145    13   251    13
 52681 10305  3838  2005     6    25   231  2044  2135     8    94    14   143     3
 52681 10305  3838  2005     7    17   231  1142  1459     6    58    15   104    16
 52681 10305  3838  2005     7    18   231  1840  2000     7   103    14   153    15
 52681 10305  3838  2005     7    19   231  2000  2030     8    97    14   155    14
 52707  9341  3648  2005     4     7   231  2158  2214    90   153    15   240    15
 52707  9341  3648  2005     7    17   231     2    44   120   154    14   220    14
 52797 10403  3711  2005     5     4   231  1905  2000     8   106    16   184    16
 52797 10403  3711  2005     5     5   231  2000  2010     8    92    16   148    16
 52797 10403  3711  2005     5    28   231  1852  1935    30    98    16   154    16
 52818  9454  3625  2005     4     7   231  2349    33     8   108    13   206    13
 52825  9625  3626  2005     4     7   231   128   316     7   132    13   230    13
 52833  9829  3655  2005     1    29   231  1521  1602   120    94    13   185    14
 52833  9829  3655  2005     3    13   231  1613  1615   250   111    12   195    12
 52833  9829  3655  2005     5     5   231  2040  2112    80   132    12   223    11
 52836  9806  3618  2005     5     4   231  1926  2000     6   133    14   194    13
 52836  9806  3618  2005     5     5   231  2000  2135     6   127    13   204    13
 52836  9806  3618  2005     9    19   231  1614  1715   150   133    13   199    13
 52908  9305  3513  2005     1    29   231  1440  1611   300   180    13   264    13
 52908  9305  3513  2005     1    31   231  1523  1541   300   178    13   266    13
 52908  9305  3513  2005     2    18   231  1529  1535   200   187    13   264    13
 52908  9305  3513  2005     2    20   231  1534  1540   350   197    13   280    13
 52908  9305  3513  2005    12     4   231  1607  1712   300   171    13   232    13
 52908  9305  3513  2005    12    10   231  1534  1636   400   195    13   267    13
 52908  9305  3513  2005    12    11   231  1411  1526   250   195    13   266    14
 52943  9959  3535  2005     3    18   231  1923  1929   300   139    13   251    13
 53068 11158  4339  2005     4    27   231  1753  2000     0   131    16   211    16
 53068 11158  4339  2005     4    28   231  2000  2046     0   104     1   138     1
 53068 11158  4339  2005     4    29   231   935  1212    80   126    12   218    13
 53068 11158  4339  2005     6    30   231  2051  2058   300   111    14   164    12
 53068 11158  4339  2005     9    16   231  1552  1843    70   134    13   203    14
 53083 11409  4437  2005     4    27   231  1408  1913    90   150    15   220     1
 53083 11409  4437  2005     4    29   231  1127  1312    80   151    13   212    12
 53083 11409  4437  2005    11     5   231  1459  1858   200   139    13   239    13
 53149 11008  4232  2005     4    19   231  1240  1535     8   146    15   223    15
 53149 11008  4232  2005     4    27   231  1934  2000     2   146    13   220    13
 53149 11008  4232  2005     4    28   231  2000  2142     2   143     2   208     3
 53149 11008  4232  2005     5    10   231  1140  1653     8   176    15   248    16
 53192 11457  4401  2005     4     6   231  1207  1226    30   139    13   187    12
 53192 11457  4401  2005     4    13   231  1704  1742    30   118    15   173    14
 53192 11457  4401  2005     4    18   231  1508  1810     3   130    13   209    13
 53192 11457  4401  2005     4    27   231  1350  2000     1   156    14   250    14
 53192 11457  4401  2005     4    28   231  2000  2116     2   124     2   206     1
 53192 11457  4401  2005     4    29   231  1215  1240    20   143    12   211    12
 53195 11338  4352  2005     4    13   231  1642  2000     8   114     1   176     1
 53195 11338  4352  2005     4    14   231  2000  2021     8   102     2   150     1
 53195 11338  4352  2005     4    18   231  1408  1552   180   164    13   228    12
 53195 11338  4352  2005     4    27   231  1412  2000     4   181    13   252    13
 53195 11338  4352  2005     4    28   231  2000  2021     4   109     1   161     2
 53195 11338  4352  2005     4    29   231   916  1315    40   184    13   252    12
 53195 11338  4352  2005     5    15   231  1040  1052   150   172    12   216    11
 53195 11338  4352  2005     5    30   231  1510  1516    80   155    12   255    13
 53195 11338  4352  2005     6     4   231  1840  2000     5   157    13   260    10
 53195 11338  4352  2005     6     5   231  2000  2010     5   137    13   204    13
 53195 11338  4352  2005     9    16   231  1524  1740    80   172    13   237    13
 53195 11338  4352  2005    11     5   231  1322  1702     6   172    13   245    13
 53231 10624  4124  2005     3    15   231  1753  2000     5   154    12   211    12
 53231 10624  4124  2005     3    16   231  2000  2136     5   139    12   188    12
 53231 10624  4124  2005     4    22   231  1947  1957     8   156    15   220    15
 53231 10624  4124  2005     5     6   231  1658  1846   200   183     2   226     2
 53231 10624  4124  2005     5    20   231  1635  1707   300   134    16   204    16
 53231 10624  4124  2005     6     4   231  1003  1106    60    99    12   151    14
 53231 10624  4124  2005     6    12   231  1707  1721   300   167    16   235    16
 53231 10624  4124  2005     6    28   231   550   611   120   111    12   153    13
 53231 10624  4124  2005     9    16   231   650   726    20   142    12   182    12
 53231 10624  4124  2005    11    27   231  1455  1634    20   153    12   203    12
 53276 11254  4224  2005     4    19   231  1102  1420     9   177    14   243    13
 53276 11254  4224  2005     4    28   231  2026  2127     7   167    16   240    16
 53276 11254  4224  2005     9    10   231  1645  1650     9   154    11   240    11
 53276 11254  4224  2005    11     5   231   949  1132     3   174    13   251    13
 53336 10831  4134  2005     4     8   231  1755  2000     8   130    14   202    15
 53336 10831  4134  2005     4     9   231  2000  2036     8   109    13   158    13
 53336 10831  4134  2005     6    12   231  1830  1842    30   128    16   201     1
 53352 11026  4142  2005     4    19   231  1204  1234    30   116    14   182    15
 53352 11026  4142  2005     5    10   231  1327  1640     3   156    15   248    15
 53352 11026  4142  2005     9    16   231  1222  1330    18   113    13   169    14
 53362 11141  4132  2005     5    10   231  1744  1912   150   120    15   204    15
 53399 11442  4109  2005     4    19   231  1541  2000     8   133    14   224    14
 53399 11442  4109  2005     4    20   231  2000  2031     9   118    16   188    15
 53446 10951  4040  2005    11     5   231  1105  1140   150    67    15   134    14
 53463 11141  4049  2005     5     4   231  1421  1443    30   132    15   201     1
 53463 11141  4049  2005     5    10   231  1613  1825   100   107    15   175    15
 53487 11320  4006  2005     5     4   231  1630  1641    20   138     1   216     1
 53513 10725  4045  2005     6    12   231  1844  1916    80    84     1   184     1
 53602 10540  3850  2005     5    26   231  1918  1940    80   111     4   179     3
 53602 10540  3850  2005     5    28   231  1914  1940    20    98     8   174     7
 53646 10947  3816  2005     4    18   231  1636  1907    90   128    15   188    16
 53704 10511  3732  2005     5    29   231  2020  2205   120   111    15   181    15
 53723 10723  3748  2005     4     8   231  1726  1905    40   103     1   168     1
 53723 10723  3748  2005     6    12   231  1606  1608   120    96    10   217    14
 53723 10723  3748  2005     6    27   231  1544  1720   110   121    13   179    13
 53723 10723  3748  2005    11    25   231  1325  1410     8   133    13   188    13
 53725 10735  3735  2005     4     8   231  1805  1841    20   119     1   161     1
 53725 10735  3735  2005    11    25   231  1121  1505     7   137    13   187    13
 53740 10914  3756  2005     4    18   231  1820  1910   120   124    14   195    15
 53810 10554  3658  2005     5     5   231  2050  2142    60   173     1   246     1
 53882 11304  3603  2005     4    30   231  1607  1629    50   126     1   186     1
 54012 11736  4435  2005     4     9   231  1137  1615     6   113    12   186    12
 54012 11736  4435  2005     4    28   231  2025  2110    50   105     1   172    16
 54012 11736  4435  2005     4    29   231  1331  1726     8   104    11   190    11
 54012 11736  4435  2005    11     5   231  1516  2000     8   107    12   179    12
 54012 11736  4435  2005    11     6   231  2000  2045     8    96    12   169    13
 54041 12304  4447  2005     4    13   231  1458  2000     9   140    15   216    15
 54041 12304  4447  2005     4    14   231  2000  2115     9   136    13   200    13
 54102 11607  4357  2005     4     9   231  1257  1537     8   131    13   209    12
 54102 11607  4357  2005     4    27   231  1557  2000     2   128     1   209    13
 54102 11607  4357  2005     4    28   231  2000  2035     2   131    16   198    16
 54135 12216  4336  2005     4    13   231  1807  1835   150   100    11   174    16
 54208 11628  4211  2005    11     5   231  1408  1841     7   125    14   195    14
 54606 11544  3814  2005     4    20   231  1040  1110     4   138    15   238    15
 55248  8425  3209  2005     2    14   231  1626  1735   500 32744 32744 32744 32744
 55248  8425  3209  2005     2    16   231  1630  1830    80 32744 32744 32744 32744
 55248  8425  3209  2005     3    20   231  1735  1745   500 32744 32744 32744 32744
 55248  8425  3209  2005     4     6   231  1455  1530   500 32744 32744 32744 32744
 55248  8425  3209  2005     4     7   231  1710  1724   500 32744 32744 32744 32744
 55248  8425  3209  2005     4    28   231  1933  1938   500 32744 32744 32744 32744
 55248  8425  3209  2005    11    16   231  1438  1726   480 32744 32744 32744 32744
 55279  9001  3123  2005     2    16   231  1727  1832   150   193    13   999    99
 55569  8736  2905  2005     2    13   231  1455  1551   400 32744 32744 32744 32744
 55569  8736  2905  2005     2    25   231  1333  1349     8 32744 32744 32744 32744
 55664  8705  2838  2005     2    13   231  1647  2000     5 32744 32744 32744 32744
 55664  8705  2838  2005     2    14   231  2000  2036     5 32744 32744 32744 32744
 55696  9228  2825  2005     3    28   231  1301  1304   400   112    15   225    14
 55589  9059  2918  2005     2    22   231  1854  1904     0 32744 32744 32744 32744
 56043 10015  3428  2005     1    24   231  1445  1449   300   173    13   248    13
 56065 10136  3444  2005     1    24   231  1518  1537   300   132    14   211    14
 56065 10136  3444  2005     2    11   231  1340  1342   300   133    15   233    14
 56065 10136  3444  2005     3    10   231  1535  1537   300   127    16   202    15
 56065 10136  3444  2005     3    13   231  1725  1744   159   156    15   241    16
