 50514 11726  4934  2006     5     6   231  1724  1905     5   163     8   219     8
 50514 11726  4934  2006     5    30   231   630  2000     6   125     9   188     9
 50514 11726  4934  2006     5    31   231  2000  2007     8    93    10   161     8
 50526 12042  4917  2006     5    16   231  1728  1747   200   118    11   250    11
 50603 11649  4840  2006     5     3   231   952  1004   300   109    14   183    15
 50603 11649  4840  2006     5     6   231  1142  1409     8   153    14   212    15
 50603 11649  4840  2006     5     6   231  1808  1855     8   153    14   212    15
 50603 11649  4840  2006     5    29   231  1841  1908   180   125    12   197    11
 50603 11649  4840  2006     5    30   231   232   337     5   139    11   209     8
 50603 11649  4840  2006     5    30   231   946  2000     5   139    11   209     8
 50603 11649  4840  2006     5    31   231  2000  2037     5   113    11   159    11
 50618 11816  4813  2006     5    30   231   738   759     8    89    11   152    11
 50618 11816  4813  2006     6     1   231   140   232     7   128    11   206    11
 50833 12254  4643  2006     5    16   231  1409  1545   150   128    11   192    12
 50913 11848  4543  2006     5    16   231  1535  1620    60   130    11 32744 32744
 50913 11848  4543  2006     6     6   231  1405  1414   150   120    13 32744 32744
 50915 11658  4531  2006     4     6   231  1819  1921     9   106     5   169    10
 50915 11658  4531  2006     6     6   231  1218  1240    60   154    12   229    13
 50924 11940  4532  2006     5    16   231  1610  2000     8   160    11 32744 32744
 50924 11940  4532  2006     5    17   131 32744 32744     8   140    12 32744 32744
 50924 11940  4532  2006     6     6   231  1500  1535   220   137    15 32744 32744
 50928 12020  4504  2006     2    21   231  1115  1125    90   153    14 32744 32744
 50928 12020  4504  2006     5    16   231  1330  1333   120   120    11 32744 32744
 50928 12020  4504  2006     6     6   231  1638  1645   150   127     9 32744 32744
 50934 12132  4524  2006     5    16   231  1510  1658   200   160    10 32744 32744
 50937 12128  4503  2006     2    21   231  1647  1708    70   180    15 32744 32744
 50937 12128  4503  2006     3     7   231  1207  1230    70   180    15 32744 32744
 50937 12128  4503  2006     5    16   231  1454  1459   130   123    13 32744 32744
 50937 12128  4503  2006     6     6   231  1812  1829    60   127    15 32744 32744
 51133  8300  4644  2006     3    12   231  1010  1515     0   181     7   246     6
 51156  8543  4647  2006     4    29   231  1158  1212   300   128    12   230    12
 51346  8440  4426  2006     6    14   231  1532  1534   300    87    14   140    14
 51365  8732  4412  2006     4    23   231  1859  1907   200   131    15   281    14
 51431  8120  4357  2006     5     1   231  1831  1838   150    99    13   163    12
 51431  8120  4357  2006     5    17   231  1721  1940     3   137    12   221    12
 51495  9144  4313  2006     4    10   231  2010  1020     2   376     1   508     1
 51526  8813  4214  2006     4    10   231  1901  1916    50   161     1   271     1
 51526  8813  4214  2006     5    18   231   940  1100   200   118    13   175    16
 51526  8813  4214  2006     6    12   231  2049  2057   300   109    13   173    13
 51542  8409  4302  2006     9    28   231  1642  1652   400   126    14   178    14
 51628  8014  4110  2006     3    12   231   918  1651     7    92     5   153     5
 51628  8014  4110  2006     5    23   231  2126  2139    70   113    14   190    15
 51628  8014  4110  2006     6     1   231  1834  1840   100   141    14   234    14
 51644  8258  4143  2006     3    12   231  2340   620     2   122     5   185     5
 51644  8258  4143  2006     4     9   231  1806  1827   100    84    15   153    15
 51709  7559  3928  2006     4     6   231  1754  1757     8    75    13   129    13
 51709  7559  3928  2006     5    11   231   125   235     8    76     3   118     4
 51716  7834  3948  2006     3    12   231   706  1740     6   123     3   200     3
 51716  7834  3948  2006     5    11   231  2032   131    12    95     3   170     3
 51720  7903  4030  2006     3    12   231   640  1730     2    86     5   172     6
 51720  7903  4030  2006     4    10   231  1532  1810    70   100     5   185     5
 51720  7903  4030  2006     5     3   231  2111  2126   120   113    16   176     1
 51720  7903  4030  2006     5     8   231  2317    30    50    87     5   175     4
 51720  7903  4030  2006     5    10   231  1839  1915    40    91     5   190     5
 51720  7903  4030  2006     6     6   231  1920  1927   300   166    14   254    14
 51720  7903  4030  2006     6    18   231  2010  2019   200   109     5   195     5
 51720  7903  4030  2006     6    19   231  1515  1530   300   125    15   190    16
 51720  7903  4030  2006     6    29   231  1831  1836   300   133    15   194    15
 51720  7903  4030  2006     7     1   231  2358   110   120   126    15   183     1
 51720  7903  4030  2006     8     6   231  1622  1644   150    70     2   138     2
 51730  8116  4033  2006     3    12   231   305  2000     4    96     4   161     4
 51730  8116  4033  2006     3    13   231  2000  2137     5    55     5    97     4
 51730  8116  4033  2006     4    23   231  1949  2000     5    62     5   113     5
 51730  8116  4033  2006     4    24   231  2000  2038     5    55     5    91     6
 51730  8116  4033  2006     5     4   231   712   940     5    81     4   143     4
 51730  8116  4033  2006     5     8   231  2040    35    60   116     5   184     4
 51730  8116  4033  2006     5    10   231  1735  2000     4   115     4   169     3
 51730  8116  4033  2006     5    11   231  2000  2152     4    82     5   126     5
 51747  8340  3900  2006     3    12   231   234  1143     6   112     5   208     6
 51747  8340  3900  2006     4    10   231   108  2000     2   123     4   211     5
 51747  8340  3900  2006     4    11   231  2000  2310     6    82     5   123     5
 51747  8340  3900  2006     4    24   231  2134  2223    20    75     4   113     4
 51747  8340  3900  2006     5    10   231  1709  2000     9   131     4   198     4
 51747  8340  3900  2006     5    11   231  2000  2045     9   116     4   167     3
 51747  8340  3900  2006     6     4   231  1845  1928    12   123    16   199    16
 51747  8340  3900  2006     7    20   231  2304    15    20    99    16   159    16
 51747  8340  3900  2006     7    27   231  1550  1919    15   130     2   196     2
 51747  8340  3900  2006     8     6   231  2123    58    25   111     3   175     3
 51747  8340  3900  2006     8    15   231  1917  2000     6   123     1   175     2
 51747  8340  3900  2006     8    16   231  2000  2102     6   116     2   174     2
 51747  8340  3900  2006     8    17   231  1615  1710    20   112     1   176     1
 51747  8340  3900  2006     8    27   231  2145  2149    90   114    12   223    15
 51765  8742  4038  2006     3    11   231  1840  2000     8    89     4   148     4
 51765  8742  4038  2006     3    12   231  2000   726     8   117     4   202     4
 51765  8742  4038  2006     3    31   231  2218  2355    80    86     5   148     5
 51765  8742  4038  2006     4    10   231   645  1316     7   120     5   196     5
 51765  8742  4038  2006     4    10   231  1735  2000     7   120     5   196     5
 51765  8742  4038  2006     4    11   231  2000  2119     9    91     5   151     5
 51765  8742  4038  2006     6    16   231  2031  2207   300   121    14   198    15
 51765  8742  4038  2006     7     3   231  1524  1629   250   117    14   188    14
 51765  8742  4038  2006    10     5   231   941  1034   250   125    15   188    15
 51777  8810  3902  2006     3     7   231  1343  1535     1    76     4   129     4
 51777  8810  3902  2006     3    12   231   215  1632     2   112     3   178     3
 51777  8810  3902  2006     4    10   231  2316  2000     1   154     4   256     5
 51777  8810  3902  2006     4    11   231  2000   310     1    97     4   168     4
 51777  8810  3902  2006     5    18   231  1925  2000     3    82     3   143     3
 51777  8810  3902  2006     5    19   231  2000  2105     3   107     4   180     4
 51777  8810  3902  2006     6     5   231   415   630     1   146    11   253    11
 51777  8810  3902  2006     7     3   231   824  1137     8    98    12   159    11
 51777  8810  3902  2006     7    20   231  1035  1607     6   107    11   162    12
 51811  7716  3826  2006     4     9   231  1756  2000     3   110    14   181    15
 51811  7716  3826  2006     4    10   231  2000   216     3   110    14   218    15
 51811  7716  3826  2006     4    10   231   704  1127     3   110    14   218    15
 51818  7817  3737  2006     4    10   231  2012  2346    70    76    15   143    11
 51818  7817  3737  2006     5    30   231  2120  2205    80    80    13   145    14
 51818  7817  3737  2006     6    12   231  2335   240     8    75    12   136    14
 51818  7817  3737  2006     6    16   231    11    50    30    76    13   156    12
 51818  7817  3737  2006     7     2   231  2029  2037    80    97    11   163    12
 51818  7817  3737  2006     7    19   231   552   648    30    69    14   137    13
 51818  7817  3737  2006     8    28   231   333   615    90    68    14   131    13
 51818  7817  3737  2006     9    22   231  2323   420     6    62    14   133    15
 51828  7956  3708  2006     4     7   231  2010  2016   120    80    12   170    12
 51828  7956  3708  2006     4    10   231  2246   710     4    91    12   165    13
 51828  7956  3708  2006     5    11   231  2320   138     6    60     4   115     2
 51828  7956  3708  2006     7    19   231   631   735     8    89    13   154    14
 51828  7956  3708  2006     8    23   231  2206  2235    11    73    13   120    14
 51839  8243  3704  2006     2    20   231  1640  1651     8    48     2    78     2
 51839  8243  3704  2006     4     2   231   515   928     5    79    12   126    12
 51839  8243  3704  2006     4    10   231   150  1327     0   124    12   196    13
 51839  8243  3704  2006     4    30   231   904  1137     6    82    12   127    13
 51839  8243  3704  2006     5    10   231  1140  1330     6    85    11   139    13
 51839  8243  3704  2006     5    11   231  2050  2133     6    64     1   109     2
 51839  8243  3704  2006     5    18   231  1120  1205     7    75    12   124    13
 51839  8243  3704  2006     5    22   231   926  1005     7    72    12   128    12
 51839  8243  3704  2006     5    30   231   606  1224     7    86    12   140    12
 51839  8243  3704  2006     6     4   231  1605  1920     3    86    11   138    13
 51839  8243  3704  2006     6    13   231  1934  2000     8    67     6   134     5
 51839  8243  3704  2006     6    14   231  2000  2012     8    73     7   130     6
 51839  8243  3704  2006     6    15   231  1948  2000     8    71    11   111    14
 51839  8243  3704  2006     6    16   231  2000  2025     2    89    12   150    12
 51839  8243  3704  2006     6    16   231   638  1235     2    89    12   150    12
 51839  8243  3704  2006     7     3   231  2006  2325     0   116    11   171    11
 51839  8243  3704  2006     7     4   231  1718  1806     8    90    11   140    11
 51839  8243  3704  2006     7    13   231  2125  2222     8    81    12   126    12
 51839  8243  3704  2006     7    13   231   912  1030     8    81    12   126    12
 51839  8243  3704  2006     7    19   231  1150  1436     5    80    12   136    12
 51839  8243  3704  2006     7    19   231  1838  2000     5    80    12   136    12
 51839  8243  3704  2006     7    20   231  2000    27     2    93    12   160    11
 51839  8243  3704  2006     7    28   231  2028  2330     1    80     2   144     3
 51839  8243  3704  2006     8     5   231  1223  1338     6    76    12   121    12
 51839  8243  3704  2006     8    15   231   844  1440     6    81    12   124    12
 51839  8243  3704  2006     9     2   231  2237  2318     5    75    10   168     4
 51839  8243  3704  2006    10     5   231  1032  1043    15    75    16   121     2
 51855  8533  3809  2006     3    12   231   831  2000     3   100     4   157     4
 51855  8533  3809  2006     3    13   231  2000  2050     3    78     4   144     4
 51855  8533  3809  2006     4    10   231   530  2000     1   117     4   193     4
 51855  8533  3809  2006     4    11   231  2000  2126     1    93     4   160     4
 51855  8533  3809  2006     4    26   231  1852  1930     1    73     9   163     9
 51855  8533  3809  2006     6     2   231  1924  2000     2    81    11   151    11
 51855  8533  3809  2006     6     3   231  2000  2054     2    77    11   138     9
 51886  9051  3815  2006     2     4   231  1515  1515   250   152    14   223    14
 51886  9051  3815  2006     2     5   231  1430  1447    60   168    14   233    14
 51886  9051  3815  2006     3    12   231  1151  1548    40   191    13   255    13
 51886  9051  3815  2006     4     4   231  1604  1746   200   171    14   247    15
 51886  9051  3815  2006     5     4   231  1519  1530   130   192    14   269    14
 51886  9051  3815  2006     5     5   231  1336  1513     2   174    14   245    14
 51886  9051  3815  2006     5    11   231  1425  1909   350   203    14   270    14
 51931  8139  3651  2006     4    10   231   133   612     1   103    13   176    14
 51931  8139  3651  2006     4    26   231  2059  2135    70    67    12   120    12
 51931  8139  3651  2006     5    10   231  1221  1310    70    80     9   140     9
 51931  8139  3651  2006     7    19   231   958  1022    50    62    13   111    12
 51931  8139  3651  2006     7    28   231  2141  2220    15    48     3   127     2
 51931  8139  3651  2006     7    28   231   225   240    15    48     3   127     2
 52112  9508  4346  2006     4     9   231  1648  1708    18   197    14   314    14
 52267 10104  4157  2006     3     9   231  1335  1526     8   126    14   185    14
 52267 10104  4157  2006     4    10   231   638  1710     1   129    15   207    14
 52267 10104  4157  2006     4    19   231   722  1417     5    95     6   145     6
 52267 10104  4157  2006     4    24   231  1519  1812     6   126    14   183    13
 52267 10104  4157  2006     6     5   231  1439  1713     8   119    14   180    14
 52313  9440  4132  2006     5    15   231  1919  1930   250   168    13   226    13
 52323  9702  4148  2006     4    10   231   440   817     9   216    16   320    16
 52378 10222  4122  2006     3    31   231  1237  1513     9   136    13   183    13
 52378 10222  4122  2006     4     3   231  1406  1510   200   135    12   176    13
 52378 10222  4122  2006     4     5   231  1334  1511     9   164    13   205    12
 52378 10222  4122  2006     4    10   231   810  1907     7   140    12   173    13
 52378 10222  4122  2006     4    16   231  1148  1908     6   179    13   230    13
 52378 10222  4122  2006     4    17   231  1032  1813     9   148    14   196    14
 52378 10222  4122  2006     4    19   231  1231  1507     9   142     4   176     4
 52378 10222  4122  2006     4    24   231  1337  1910     8   144    13   195    13
 52378 10222  4122  2006     4    27   231  1547  1906    70   154    14   204    14
 52378 10222  4122  2006     5    25   231  1450  1620   200   125     1   189     1
 52378 10222  4122  2006     5    29   231   946  1632     6   162    14   226    14
 52378 10222  4122  2006     6     5   231  1614  1710    80   152    14   188    14
 52378 10222  4122  2006     6    17   231   416   520    50   144    13   201    13
 52378 10222  4122  2006     6    22   231  1555  1603   200   167    13   223    13
 52378 10222  4122  2006     7     2   231  1006  1205   200   156     5   193     5
 52378 10222  4122  2006     7    28   231  1753  1819   300   129    16   172     1
 52378 10222  4122  2006     8    19   231  1557  1610    80   149    11   182    11
 52418  9441  4009  2006     5     3   231  1913  2000     9    85    16   196    15
 52418  9441  4009  2006     5     4   231  2000  2135     4    75    16   147     1
 52418  9441  4009  2006    10     5   231  1715  1915     7    98    15   188    16
 52424  9546  4032  2006     6    21   231  1838  1843   400   110    15   199    16
 52436  9702  4016  2006     4     4   231  1841  1848   150   118    12   191    11
 52446  9931  4018  2006     4     5   231  1444  1537    30   174    14   244    13
 52446  9931  4018  2006     4    10   231  2345   408    40   201    16   289    16
 52446  9931  4018  2006     4    10   231  1146  1233    40   201    16   289    16
 52447  9854  4000  2006     2    25   231  1913  2000     9   106     4   150     4
 52447  9854  4000  2006     2    26   231  2000  2015     9    98     4   157     4
 52447  9854  4000  2006     3    16   231   718  1028     8   119    14   176    14
 52447  9854  4000  2006     4     5   231  1335  1503     4   137    14   211    13
 52447  9854  4000  2006     4    10   231   724   906     2   100    15   147    15
 52447  9854  4000  2006     4    17   231  1437  1726    60   126    14   177    14
 52495 10448  4010  2006     3     9   231  1140  1810     9   159    14   217    13
 52495 10448  4010  2006     3    10   231  1112  1713     4   180    13   227    14
 52495 10448  4010  2006     4    10   231  1514  2000     1   171    15   227    15
 52495 10448  4010  2006     4    11   231  2000  2223     3   124     2   167     2
 52495 10448  4010  2006     4    16   231  1414  1908     6   163    14   213    13
 52495 10448  4010  2006     4    17   231  1206  2000     3   184    14   231    13
 52495 10448  4010  2006     4    18   231  2000  2016     9   138    14   214    15
 52495 10448  4010  2006     7    24   231  1640  1743     6   129    16   205    16
 52533  9829  3946  2006     4     5   231  1635  1735     9   155    14   226    14
 52533  9829  3946  2006     4    10   231    15   308     1    74    15   118    16
 52546  9950  3922  2006     4     4   231  1625  1706   180   106    13   157    14
 52546  9950  3922  2006     4    10   231   651  1906     6    99    14   137    15
 52575 10242  3918  2006     4    10   231  1137  2000     8   137    14 32744 32744
 52575 10242  3918  2006     4    11   131 32744 32744     8   110    14 32744 32744
 52576 10141  3913  2006    12    15   231  1156  1413     8   106    14   158    14
 52602  9320  3845  2006     3    12   231  1303  1640     7   181    14   238    13
 52602  9320  3845  2006     3    16   231  1207  1841     7   167    14   213    13
 52602  9320  3845  2006     4    10   231  1002  2000     1   176    13   215    13
 52602  9320  3845  2006     4    11   231  2000  2240     4   104    14   143    15
 52602  9320  3845  2006     5    10   231  1515  1723   300   177    15   228    15
 52602  9320  3845  2006     5    11   231  1402  1704   400   183    15   249    14
 52602  9320  3845  2006     6    22   231  1502  1504   200   149    15   212    15
 52602  9320  3845  2006     7     7   231  1731  1737   500   179    14   219    13
 52602  9320  3845  2006     9    17   231  1240  1246   500   167    14   237    13
 52607 10508  3803  2006     4    10   231  1150  2000     6   127    14 32744 32744
 52607 10508  3803  2006     4    11   131 32744 32744     6   120    16 32744 32744
 52607 10508  3803  2006     6    28   231  1712  1810    40   137     2 32744 32744
 52607 10508  3803  2006     7    30   231  1553  1610    70   140     1 32744 32744
 52607 10508  3803  2006     8     9   231  1917  1922    40   140     1 32744 32744
 52633  9825  3848  2006     5    25   231  1230  1243   300   214    14   295    14
 52652 10026  3856  2006     4     4   231  1744  1805   120    91    15   146    14
 52652 10026  3856  2006     4    10   231   744  1940     6    97    15   155    15
 52652 10026  3856  2006     6    12   231   554   620    20    54    16   111    15
 52652 10026  3856  2006    10     6   231  2346    21    80   101    15   196    13
 52661 10105  3848  2006     4    10   231   854  2000     6    95    12   135    12
 52661 10105  3848  2006     4    11   231  2000  2110     6    69    13    97    13
 52674 10158  3814  2006     4    10   231   943  1240     7   154    14   217    14
 52674 10158  3814  2006     4    10   231  1605  2000     7   154    14   217    14
 52674 10158  3814  2006     4    11   231  2000  2303     7   106    14   157    14
 52679 10240  3755  2006     4    10   231   746  2000     7    68    15   150     2
 52679 10240  3755  2006     4    11   231  2000  2035     8    59    15   105    16
 52681 10305  3838  2006     2    12   231  1731  1742    20   112    14   165    14
 52681 10305  3838  2006     2    20   231  1016  1135     6   108    15   161    15
 52681 10305  3838  2006     3     3   231  1210  1542     6   111    14   162    14
 52681 10305  3838  2006     3     9   231  1210  1617     6   113    14   163    14
 52681 10305  3838  2006     4     5   231  1835  1906     8   118    14   166    15
 52681 10305  3838  2006     4    10   231   633  1141     4   125    14   171    15
 52681 10305  3838  2006     4    10   231  1820  1957     4   125    14   171    15
 52681 10305  3838  2006     4    24   231   915   932    18   111    15   172    15
 52681 10305  3838  2006     5    15   231  1044  1130     7   135    13   229    14
 52681 10305  3838  2006     5    15   231  1540  1544     7   135    13   229    14
 52681 10305  3838  2006     5    25   231  1205  1336     8   114    15   172    15
 52681 10305  3838  2006     6     5   231  1936  2000     3   115    14   182    14
 52681 10305  3838  2006     6     6   231  2000  2115     3   122    14   206    14
 52681 10305  3838  2006     6    17   231   343   425     9   118    14   187    14
 52681 10305  3838  2006     8    16   231  1935  2000     7   104    14   174    13
 52681 10305  3838  2006     8    17   231  2000  2015     7   112    14   151    14
 52707  9341  3648  2006     2    26   231    26    40   150   155    13   210    14
 52707  9341  3648  2006     4    10   231  1646  1720   110   126    14   165    14
 52707  9341  3648  2006     4    11   231  2012   718     3   151    14   208    14
 52707  9341  3648  2006     4    26   231  1545  1552   120   129    15   185    15
 52707  9341  3648  2006     5     4   231  1807  1829   160   118    13   182    13
 52707  9341  3648  2006     6    16   231  1702  1740   170   172    14   234    14
 52797 10403  3711  2006     3    25   231  1838  1930    20    80    16   127    15
 52797 10403  3711  2006     3    31   231   856  1136    20    92    14   156    14
 52797 10403  3711  2006     4    10   231  1745  2000     8    86    14   148    16
 52797 10403  3711  2006     4    11   231  2000  2040     8    86    15   139     2
 52797 10403  3711  2006     9     7   231  1638  1643   120   103    15   161     1
 52818  9454  3625  2006     4    11   231  2224  2306     8    96    13   180    14
 52818  9454  3625  2006     4    24   231  1908  1920   120    77    15   156    14
 52818  9454  3625  2006     5     8   231  1909  1921    80   105    15   187    15
 52818  9454  3625  2006     6    16   231  1850  1928     5   103    13   189    13
 52825  9625  3626  2006     4    11   231  2306   412     0   128    13   226    13
 52833  9829  3655  2006     4    11   231   426   935     5   103    12   175    12
 52836  9806  3618  2006     4    10   231  1630  1639   250   124    12   220    12
 52836  9806  3618  2006     5    25   231  1619  1640    60   134    13   223    14
 52884 10356  3621  2006     4    10   231  1720  2000     8    90     3   135     4
 52884 10356  3621  2006     4    11   231  2000  2025     8    81     2   134     2
 52908  9305  3513  2006     1     1   231  1407  1511   150   186    13   262    13
 52908  9305  3513  2006     1     2   231  1245  1738     6   183    12   266    11
 52908  9305  3513  2006     1     3   231  1140  1715     6   217    12   336    12
 52908  9305  3513  2006     1     4   231  2147  2221     7   211    13   301    13
 52908  9305  3513  2006     1     4   231  1142  1437     7   211    13   301    13
 52908  9305  3513  2006     1     6   231  1437  1814   200   206    13   283    14
 52908  9305  3513  2006     1     7   231  1340  1717     8   214    13   325    13
 52908  9305  3513  2006     1    20   231  1434  1440   400   197    14   268    14
 52908  9305  3513  2006     1    29   231  1304  1518   250   211    14   287    13
 52908  9305  3513  2006     4    11   231  2021  2047   300   182    13   269    13
 52955 10045  3535  2006     1     3   231  1330  1340    80    99    14   226    15
 52955 10045  3535  2006     3    31   231  1624  1626   400   103    15   188    16
 53068 11158  4339  2006     3     9   231  1328  2000     3   150    13   223    13
 53068 11158  4339  2006     3    10   231  2000  2216     3   150    13   226    13
 53068 11158  4339  2006     3    26   231  1238  1839     2   155    14   234    14
 53068 11158  4339  2006     4     6   231  1152  2000     3   147    13   219    13
 53068 11158  4339  2006     4     7   231  2000    21     3   136    14   207    15
 53068 11158  4339  2006     4    10   231  1651  1829     7   124    10   184    16
 53068 11158  4339  2006     4    16   231  1542  1640     8   127    13   181    13
 53068 11158  4339  2006     4    21   231  1317  1613     2   130    14   203    14
 53068 11158  4339  2006     5    16   231  1250  1911     8   131    15   187    14
 53068 11158  4339  2006     5    29   231  1927  2000     7   115    11   167    12
 53068 11158  4339  2006     5    30   231  2000  2327     6   113    14   176    14
 53083 11409  4437  2006     3     9   231  1806  2000     6   143    13   220    13
 53083 11409  4437  2006     3    10   231  2000  2313     6   140    13   223    13
 53083 11409  4437  2006     3    24   231  1432  1556    60   136    14   211    15
 53083 11409  4437  2006     3    26   231  1407  1730    20   172    15   217    16
 53083 11409  4437  2006     4     6   231  1257  2000     3   137    13   219    13
 53083 11409  4437  2006     4     7   231  2000  2346     3   178    15   238    15
 53083 11409  4437  2006     4    29   231  1455  1907    40   144    14   220    15
 53083 11409  4437  2006     5     6   231  1423  1456   200   115    14   201    13
 53083 11409  4437  2006     5    16   231  1352  1408     3   128    15   203    15
 53083 11409  4437  2006     5    31   231  1630  1650   200   137     2   233     2
 53083 11409  4437  2006     6     5   231  1533  1537   300   109     3   194     3
 53149 11008  4232  2006     1    14   231  1348  1452     4   162    13   227    13
 53149 11008  4232  2006     3     9   231   958  2000     6   189    13   263    12
 53149 11008  4232  2006     3    10   231  2000  2025     8   141    14   212    14
 53149 11008  4232  2006     3    26   231  1527  1649    70   147    13   203    14
 53149 11008  4232  2006     4    10   231  1159  1243   130   145    11   203    11
 53149 11008  4232  2006     4    10   231  1559  1729   130   145    11   203    11
 53149 11008  4232  2006     4    16   231  1504  1524   200   162    14   245    14
 53149 11008  4232  2006     5     6   231   647   649   200   165    13   229    14
 53149 11008  4232  2006     5    16   231   832   936    40   129    15   177    15
 53149 11008  4232  2006     5    20   231  2012  2342   200   112    15   158    16
 53149 11008  4232  2006     5    29   231  1552  2000     7   152    13   222    13
 53149 11008  4232  2006     5    30   231  2000  2120     7   116    14   164    14
 53192 11457  4401  2006     3     9   231  1841  2000     1   142    13   203    13
 53192 11457  4401  2006     3    10   231  2000    18     1   157    12   232    12
 53192 11457  4401  2006     3    12   231  1232  1520   150   122    14   170    13
 53192 11457  4401  2006     3    24   231  1540  1630    80   136    14   194    14
 53192 11457  4401  2006     3    26   231  1230  2000     4   171    13   236    13
 53192 11457  4401  2006     3    27   231  2000  2123     4   138    14   191    15
 53192 11457  4401  2006     4     6   231  1318  2000     7   140    13   195    14
 53192 11457  4401  2006     4     7   231  2000   217     6   146    14   229    13
 53192 11457  4401  2006     4    10   231  1153  1706     3   137    11   197    12
 53192 11457  4401  2006     4    13   231  1520  1545   150   134    14   191    13
 53192 11457  4401  2006     4    29   231  1835  2000     7   149    14   229    16
 53192 11457  4401  2006     4    30   231  2000  2006     7    90    15   144    15
 53192 11457  4401  2006     5    16   231  1150  1159    20   159    13   229    13
 53192 11457  4401  2006     5    16   231  1505  1836    20   159    13   229    13
 53195 11338  4352  2006     2    20   231  1652  1708   200   144    13   222    12
 53195 11338  4352  2006     3     6   231  1525  1540   300   147    13   199    12
 53195 11338  4352  2006     3     9   231  1307  2000     1   181    13   249    14
 53195 11338  4352  2006     3    10   231  2000  2356     1   211    13   273    13
 53195 11338  4352  2006     3    12   231  1112  1125    48   126    14   175    13
 53195 11338  4352  2006     3    12   231  1630  1703    48   126    14   175    13
 53195 11338  4352  2006     3    24   231  1553  1850   110   139    16   189    15
 53195 11338  4352  2006     3    26   231  1138  2000     1   194    14   267    15
 53195 11338  4352  2006     3    27   231  2000  2015     4   109    16   141    16
 53195 11338  4352  2006     4     6   231  1106  2000     2   161    14   217    14
 53195 11338  4352  2006     4     7   231  2000   516     1   165    14   251    15
 53195 11338  4352  2006     4     9   231  1210  1308    40   143    14   194    14
 53195 11338  4352  2006     4    10   231   830  1916     1   172    12   224    12
 53195 11338  4352  2006     4    13   231  2145  2333     2   151    16   220    14
 53195 11338  4352  2006     4    13   231  1330  1706     2   151    16   220    14
 53195 11338  4352  2006     4    16   231  1740  1806   110   119    14   194    14
 53195 11338  4352  2006     4    21   231  1240  1650     2   145    14   214    14
 53195 11338  4352  2006     4    22   231  1241  1910     5   150    16   194    16
 53195 11338  4352  2006     4    25   231  1720  1919    80   110     5   182     2
 53195 11338  4352  2006     4    29   231  1525  1832    90   150    16   189    16
 53195 11338  4352  2006     5     4   231  1018  1036   200   115     4   183     4
 53195 11338  4352  2006     5     6   231   940  1230    70   169    14   222    14
 53195 11338  4352  2006     5     6   231  1535  1555    70   169    14   222    14
 53195 11338  4352  2006     5    16   231   721  2000     2   166    15   214    11
 53195 11338  4352  2006     5    17   231  2000  2120     3   146    16   188    16
 53195 11338  4352  2006     5    19   231  1650  1712   150   117     6   168     6
 53195 11338  4352  2006     5    29   231  1115  1240     6   183    13   250    13
 53195 11338  4352  2006     5    29   231  1705  1950     6   183    13   250    13
 53195 11338  4352  2006     6     1   231   438   641    30   149    14   206    15
 53195 11338  4352  2006     6     6   231  1943  2000     9   133    13   183    14
 53195 11338  4352  2006     6     7   231  2000  2140     9   125    15   157    16
 53195 11338  4352  2006     6    12   231   220   315   180   114     2   182     1
 53195 11338  4352  2006     6    23   231  1418  1427   180   149    11   189    11
 53231 10624  4124  2006     2    20   231  1446  1617    40   139    12   171    12
 53231 10624  4124  2006     3     9   231  1046  1621     4   191    12   249    12
 53231 10624  4124  2006     4    10   231  1645  2000     8   193     2   256     2
 53231 10624  4124  2006     4    11   231  2000  2038     8   167     2   213     2
 53231 10624  4124  2006     4    14   231  1252  1431    12   136    13   205    13
 53231 10624  4124  2006     4    16   231   945  2000     3   182    12   245    12
 53231 10624  4124  2006     4    17   231  2000  2020     8   123    13   169    13
 53231 10624  4124  2006     4    25   231  1103  1335    20   163    12   222    12
 53231 10624  4124  2006     5     5   231  1323  1325    60   111    11   193    11
 53231 10624  4124  2006     5    16   231   945  1025    12   131     2   182     2
 53231 10624  4124  2006     5    29   231  1111  1750     7   171    12   237    13
 53231 10624  4124  2006     6     8   231  1514  1755   300   161    15   241    16
 53231 10624  4124  2006     6     9   231  1402  1419   200   127     1   213    16
 53231 10624  4124  2006     6    12   231  2059   135    11   179     3   223     3
 53231 10624  4124  2006     6    17   231   830  1435     7   111    12   146    11
 53231 10624  4124  2006    10     6   231   610   825     6   146    12   187    12
 53231 10624  4124  2006    10     9   231  1455  1534    30   142    12   189    12
 53272 11238  4245  2006     1    14   231  1427  1646    90   183    13 32744 32744
 53272 11238  4245  2006     3     9   231  1118  2000     0   260    14 32744 32744
 53272 11238  4245  2006     3    10   131 32744 32744     0   270     5 32744 32744
 53272 11238  4245  2006     3    17   231   825  1520    50   203    13 32744 32744
 53272 11238  4245  2006     3    26   231  1125  1805     3   240    14 32744 32744
 53272 11238  4245  2006     4     6   231  1220  2000     3   220    14 32744 32744
 53272 11238  4245  2006     4     7   131 32744 32744     4   190    15 32744 32744
 53272 11238  4245  2006     4    10   231   952  2000     2   200    11 32744 32744
 53272 11238  4245  2006     4    11   131 32744 32744     4   140     1 32744 32744
 53272 11238  4245  2006     4    16   231  1020  1710     4   190    13 32744 32744
 53272 11238  4245  2006     4    21   231   800   931     6   213    16 32744 32744
 53272 11238  4245  2006     4    21   231  1409  1659     6   213    16 32744 32744
 53272 11238  4245  2006     5     6   231   938  1455     8   213    13 32744 32744
 53272 11238  4245  2006     5    16   231  1322  1725     4   203    15 32744 32744
 53272 11238  4245  2006     5    29   231  1850  1858    90   170    14 32744 32744
 53272 11238  4245  2006     6     6   231   949  1008   200   190    12 32744 32744
 53272 11238  4245  2006     6     8   231  1833  1838   200   190    15 32744 32744
 53276 11254  4224  2006     1    14   231  1613  1810     3   164    13   225    13
 53276 11254  4224  2006     3     9   231  1120  2000     0   175    14   232    13
 53276 11254  4224  2006     3    10   231  2000     7     0   175    14   281    14
 53276 11254  4224  2006     3    17   231   854  1009     6   138    13   233    12
 53276 11254  4224  2006     3    21   231  1357  1423     6   139    12   196    14
 53276 11254  4224  2006     3    26   231  1137  1804     0   175    14   233    14
 53276 11254  4224  2006     4     6   231   845  2000     3   147    12   210    13
 53276 11254  4224  2006     4     7   231  2000  2026     3   130    14   176    14
 53276 11254  4224  2006     4     8   231   928  1505     7   149    14   207    14
 53276 11254  4224  2006     4    10   231  1004  1928     2   159    11   220    10
 53276 11254  4224  2006     4    16   231  1042  1816     2   152    12   216    12
 53276 11254  4224  2006     4    18   231  1010  1210     3   144    14   221    14
 53276 11254  4224  2006     4    18   231  1745  1748     3   144    14   221    14
 53276 11254  4224  2006     4    21   231   825  1817     2   146    15   212    15
 53276 11254  4224  2006     5     6   231  1032  1144     7   153    13   207    13
 53276 11254  4224  2006     5    16   231  1420  1618     4   133    14   185    15
 53276 11254  4224  2006     5    28   231  1742  1744   200   111    11   207    11
 53276 11254  4224  2006     5    29   231  1504  1507    30   140     9   234    11
 53276 11254  4224  2006     6     1   231  1141  1154     8   157    11   223    11
 53276 11254  4224  2006     6     1   231  1603  1607     8   157    11   223    11
 53276 11254  4224  2006     6     8   231  1520  1923     7   148    16   236    14
 53276 11254  4224  2006     6    23   231  1127  1144   120   162    13   219    13
 53276 11254  4224  2006     7     7   231  1437  1443   150   132    12   195    12
 53289 11350  4214  2006     2    22   231  1446  1618    60   150    14 32744 32744
 53289 11350  4214  2006     3     9   231  1210  2000     1   170    14 32744 32744
 53289 11350  4214  2006     3    10   131 32744 32744     1   170    14 32744 32744
 53289 11350  4214  2006     3    21   231  1448  1525    20   140    12 32744 32744
 53289 11350  4214  2006     3    26   231  1225  1830     5   180    14 32744 32744
 53289 11350  4214  2006     4     5   231  1448  1458   300   130    11 32744 32744
 53289 11350  4214  2006     4     6   231  1430  2000     3   150    14 32744 32744
 53289 11350  4214  2006     4     7   131 32744 32744     3   110    14 32744 32744
 53289 11350  4214  2006     4    10   231  1926  2000     5   150    10 32744 32744
 53289 11350  4214  2006     4    11   131 32744 32744     5   110    16 32744 32744
 53289 11350  4214  2006     4    16   231  1245  1850     3   147    13 32744 32744
 53289 11350  4214  2006     4    21   231  1638  1850    20   160    14 32744 32744
 53289 11350  4214  2006     5     6   231  1140  1230   130   120    14 32744 32744
 53289 11350  4214  2006     5     7   231  1450  1534   200   157    11 32744 32744
 53289 11350  4214  2006     5    16   231  1510  1710    30   153    15 32744 32744
 53324 10659  4127  2006     3     9   231  1004  1535     5   280    12 32744 32744
 53324 10659  4127  2006     4    10   231  1705  1850    20   170     1 32744 32744
 53324 10659  4127  2006     4    14   231  1353  1439     9   200    13 32744 32744
 53324 10659  4127  2006     4    16   231   931  1827     8   230    12 32744 32744
 53324 10659  4127  2006     4    25   231  1145  1420     8   200    13 32744 32744
 53324 10659  4127  2006     5    15   231  1520  1528   150   183    12 32744 32744
 53324 10659  4127  2006     5    29   231  1510  1706    60 32744 32744 32744 32744
 53336 10831  4134  2006     3     9   231  1330  2000     6   133    15   198    14
 53336 10831  4134  2006     3    10   231  2000  2052     6    93    15   139    15
 53336 10831  4134  2006     4    10   231  1650  2000     6   115     1   189    16
 53336 10831  4134  2006     4    11   231  2000  2030     8   102     1   158    16
 53336 10831  4134  2006     5     6   231   640   648     9   151    14   209    13
 53337 10816  4106  2006     4    10   231  1707  2000     3   123     2 32744 32744
 53337 10816  4106  2006     4    16   231  1552  1820    80   133    12 32744 32744
 53343 10958  4146  2006     3     9   231  1244  1820     5   230    13 32744 32744
 53343 10958  4146  2006     4     8   231  1249  1403     8   203    12 32744 32744
 53343 10958  4146  2006     4    16   231  1223  1615     6   223    13 32744 32744
 53343 10958  4146  2006     5     6   231   810   840    60   213    13 32744 32744
 53348 10908  4101  2006     3     9   231  1705  1813   100   107    13 32744 32744
 53348 10908  4101  2006     4     6   231  1528  1601   160   100    12 32744 32744
 53348 10908  4101  2006     4    10   231  1654  2000     5   150     2 32744 32744
 53348 10908  4101  2006     4    16   231  1550  1943    80   107    14 32744 32744
 53348 10908  4101  2006     4    30   231  1853  2000     8   110     3 32744 32744
 53348 10908  4101  2006     5     1   131 32744 32744   300   140     4 32744 32744
 53348 10908  4101  2006     5     7   231  1102  1106   160   100    11 32744 32744
 53348 10908  4101  2006     6     8   231  1556  1608   260    90    16 32744 32744
 53348 10908  4101  2006     6    12   131 32744 32744   120    90     2 32744 32744
 53348 10908  4101  2006     7    10   231  1635  1658   140    80    14 32744 32744
 53348 10908  4101  2006     8    25   231  1639  1645   140   110     4 32744 32744
 53352 11026  4142  2006     3     9   231  1146  2000     5   133    13   183    13
 53352 11026  4142  2006     3    10   231  2000  2220     7   110    14   172    14
 53352 11026  4142  2006     4     8   231  1331  1642     8   120    13   179    12
 53352 11026  4142  2006     4    10   231  1059  1857     7   120    15   172    15
 53352 11026  4142  2006     4    16   231  1220  2000     5   120    14   185    14
 53352 11026  4142  2006     4    17   231  2000  2012     9    91    14   153    13
 53352 11026  4142  2006     5     6   231   840   921    60   118    12   172    12
 53352 11026  4142  2006     5    16   231  1046  1606     7    92    15   156    14
 53352 11026  4142  2006     5    20   231  2154   111    12    80    14   123    15
 53357 11003  4102  2006     4    10   231  1754  2000     7   130     2 32744 32744
 53357 11003  4102  2006     4    11   131 32744 32744     7   120     2 32744 32744
 53362 11141  4132  2006     3     9   231  1258  2000     6   116    14   216    15
 53362 11141  4132  2006     3    10   231  2000     7     6   115    14   169    14
 53362 11141  4132  2006     4     8   231  1315  1730     7   116    13   228    14
 53362 11141  4132  2006     4    10   231  1035  1340    50   126    11   205    10
 53362 11141  4132  2006     4    11   231  2057  2131    90    96    16   151    16
 53362 11141  4132  2006     4    16   231  1245  1822     6   124    13   212    13
 53362 11141  4132  2006     4    23   231  1209  1311    90   107    14   173    14
 53362 11141  4132  2006     4    29   231  1339  1424     7   121    14   191    14
 53362 11141  4132  2006     5     6   231  1007  1105   180   101    13   177    13
 53362 11141  4132  2006     5    16   231  1413  1526    20    98    13   178    13
 53362 11141  4132  2006     6     8   231  1812  1818   250   124    14   198    15
 53367 11114  4119  2006     3     9   231  1542  2000     4   180    15 32744 32744
 53367 11114  4119  2006     3    10   131 32744 32744     4   140    16 32744 32744
 53367 11114  4119  2006     4    10   231  1736  2000     5   230    12 32744 32744
 53367 11114  4119  2006     4    11   131 32744 32744     5   100     2 32744 32744
 53367 11114  4119  2006     4    16   231  1140  1756     5   180    15 32744 32744
 53367 11114  4119  2006     5     6   231   950  1026    60   160    16 32744 32744
 53367 11114  4119  2006     5    16   231  1248  1726     6   150    13 32744 32744
 53367 11114  4119  2006     5    29   231  1546  1602   200   200    14 32744 32744
 53368 11128  4105  2006     3     9   231  1555  2000     8   132    13   203    13
 53368 11128  4105  2006     3    10   131 32744 32744     8   165    14   232    14
 53368 11128  4105  2006     4    10   231  1854  2000     9   145    10   207    10
 53368 11128  4105  2006     4    11   131 32744 32744     9    91     1   166     1
 53368 11128  4105  2006     4    16   231  1413  2000     9   147    12   209    13
 53368 11128  4105  2006     4    17   131 32744 32744     9   110    13   174    13
 53368 11128  4105  2006     5     6   231  1012  1036   250   122    13   186    13
 53378 11237  4116  2006     3     9   231  1735  1850    70   127    13 32744 32744
 53378 11237  4116  2006     4    16   231  1428  1815    30   130    13 32744 32744
 53378 11237  4116  2006     4    18   231  1447  1750    30   140    14 32744 32744
 53378 11237  4116  2006     5     7   231  1317  1320   150   130    11 32744 32744
 53385 11333  4134  2006     3     9   231  1610  1840    80   130    14 32744 32744
 53385 11333  4134  2006     3    26   231  1338  1830     8   130    14 32744 32744
 53385 11333  4134  2006     4    16   231  1614  1845   100   117    12 32744 32744
 53391 11400  4154  2006     3     9   231  1455  2000     9   122    13   194    13
 53391 11400  4154  2006     3    10   231  2000   515     7   128    14   214    14
 53391 11400  4154  2006     3    26   231  1324  2000     7   136    14   227    14
 53391 11400  4154  2006     3    27   231  2000  2007     9    83    14   154    14
 53391 11400  4154  2006     4     8   231  1356  1425     9   116    13   182    14
 53391 11400  4154  2006     4    16   231  1416  2000     8   116    13   183    13
 53391 11400  4154  2006     4    17   231  2000  2104     8    96    13   178    14
 53391 11400  4154  2006     4    18   231  1319  1425     8   108    14   180    14
 53391 11400  4154  2006     4    21   231  1752  1955     9   103    13   182    16
 53420 10707  4051  2006     3     9   231  1429  1625    80   117    13 32744 32744
 53433 10839  4044  2006     4    10   231  1708  2000     5   101     1   184    16
 53446 10951  4040  2006     3     9   231  1428  1523    60    88    12   170    11
 53446 10951  4040  2006     4    10   231  1748  2000     8    73    16   147    14
 53446 10951  4040  2006     4    11   231  2000  2230     8    65     1   172     1
 53446 10951  4040  2006     4    16   231  1440  1552    30    84    12   187    13
 53457 11002  4024  2006     3     9   231  1454  1740    70   153    13   207    13
 53457 11002  4024  2006     4    10   231  1850  2000     4    95    16   159     1
 53457 11002  4024  2006     4    16   231  1930  2000     7   147    13   217    12
 53457 11002  4024  2006     4    17   231  1651  1751     7   143    13   230    13
 53463 11141  4049  2006     3     9   231  1806  2000     6    84    12   143    14
 53463 11141  4049  2006     3    10   231  2000  2132     5    85    15   158    13
 53463 11141  4049  2006     4    16   231  1608  2000     5    82    12   157    12
 53463 11141  4049  2006     4    17   231  2000    32     5    69    15   118    15
 53463 11141  4049  2006     5    16   231  1602  1631    20    86    15   161    15
 53467 11111  4016  2006     4     5   231  1613  1620   200    86    12   158    12
 53467 11111  4016  2006     4    11   131 32744 32744   120    87     1   169     1
 53467 11111  4016  2006     4    16   231  1341  2000     8   119    13   177    13
 53467 11111  4016  2006     4    17   231  1630  1736     8   106    13   188    13
 53469 11149  4024  2006     4    11   131 32744 32744    80   103     1   165     1
 53469 11149  4024  2006     4    16   231  1550  2000     9   120    13   193    14
 53469 11149  4024  2006     4    17   131 32744 32744     9    91    13   149    13
 53472 11234  4052  2006     3    26   231  1820  2000     8   103    15 32744 32744
 53472 11234  4052  2006     3    27   231  2000  2130     8    90    16 32744 32744
 53472 11234  4052  2006     4    11   231  2318   450     8   120     1 32744 32744
 53472 11234  4052  2006     4    16   231  1552  2000     8   113    13 32744 32744
 53472 11234  4052  2006     4    17   231  2000  2018     8    77    14 32744 32744
 53480 11304  4102  2006     3     9   231  1835  1915    30   122    14   179    14
 53480 11304  4102  2006     4    16   231  1632  1950     9   127    14   217    15
 53483 11352  4053  2006     3    10   231  2020    20    50   120    14 32744 32744
 53483 11352  4053  2006     3    26   231  1902  2000     3   110    13 32744 32744
 53483 11352  4053  2006     3    27   231  2000  2123     3   120     1 32744 32744
 53483 11352  4053  2006     4    11   231  2223    10     8   110     1 32744 32744
 53483 11352  4053  2006     4    16   231  1725  1840    80   150    13 32744 32744
 53483 11352  4053  2006     5    16   231  1716  1850    60   107     1 32744 32744
 53502 10545  3947  2006     3    10   231  1213  1509     7   147    14   213    13
 53502 10545  3947  2006     4    10   231  1809  2000     5   110    15   181     1
 53502 10545  3947  2006     4    11   231  2000  2216     5    91     1   158     1
 53502 10545  3947  2006     4    17   231  1535  1810    60   142    14   203    13
 53505 10524  3753  2006     3    10   231  1148  1327    90   147    14 32744 32744
 53505 10524  3753  2006     3    10   231  1635  1724    90   147    14 32744 32744
 53505 10524  3753  2006     3    31   231  1227  1502     4   150    15 32744 32744
 53505 10524  3753  2006     4     3   231  1825  1858   120   120    16 32744 32744
 53505 10524  3753  2006     4     5   231  1436  1455   120   140    15 32744 32744
 53505 10524  3753  2006     4    10   231  1753  2000     4   150    16 32744 32744
 53505 10524  3753  2006     4    11   231  2000   515     4   150    15 32744 32744
 53505 10524  3753  2006     5    25   231  1925  2000     4   187    13 32744 32744
 53505 10524  3753  2006     5    26   231  2000  2048     4   177    13 32744 32744
 53505 10524  3753  2006     6    27   231  1852  1927    90   153    12 32744 32744
 53505 10524  3753  2006     6    28   231  1724  1811    90   130     1 32744 32744
 53505 10524  3753  2006     7    13   231  1930  1935    90    80     6 32744 32744
 53505 10524  3753  2006     7    14   231  1842  1920    70   153     3 32744 32744
 53505 10524  3753  2006     7    30   231  1624  1703   180   117     1 32744 32744
 53505 10524  3753  2006     9     7   231  1701  1716   160   167    13 32744 32744
 53512 10648  3948  2006     3    10   231  1315  1410     9   149    13   225    13
 53512 10648  3948  2006     4    10   231  1818  1852    15   127     3   201     3
 53512 10648  3948  2006     4    16   231  1325  1518     7   155    13   207    13
 53512 10648  3948  2006     4    17   231  1256  1750    25   156    14   212    13
 53512 10648  3948  2006     5    12   231  1537  1730   110   139    14   192    15
 53512 10648  3948  2006     6     8   231  1816  1840    80   123     1   181    16
 53512 10648  3948  2006     7    24   231  1845  1856    20   145    15   202    15
 53513 10725  4045  2006     3     9   231  1446  1830     3   102    13   167    13
 53513 10725  4045  2006     4    10   231  1825  2000     4    82     1   167     1
 53513 10725  4045  2006     4    11   231  2000  2130     4    71     1   143     1
 53513 10725  4045  2006     4    16   231  1554  2000     4   108    14   203    13
 53513 10725  4045  2006     4    17   231  2000  2008     8    99    14   166    13
 53519 10646  3913  2006     4    10   231  1923  2000     7   116    16   191    15
 53519 10646  3913  2006     4    11   231  2000  2215     7   116    16   212    16
 53529 10759  3906  2006     3     9   231  1314  1726     9   138    14   201    14
 53529 10759  3906  2006     3    10   231  1456  1726     7   120    14   196    14
 53529 10759  3906  2006     3    26   231  2008  2044    30    89    14   146    13
 53529 10759  3906  2006     3    31   231  1457  1736     1   101    15   186    15
 53529 10759  3906  2006     4    11   231  2213   718     6   138     1   240     1
 53529 10759  3906  2006     4    17   231  1615  1800     8   117    14   196    14
 53529 10759  3906  2006     5    12   231  1953  2000     9    94    14   153    14
 53529 10759  3906  2006     5    13   231  2000  2010     9    79     1   120    16
 53533 10844  3951  2006     3     9   231  1529  2000     9   124    14   188    14
 53533 10844  3951  2006     3    10   131 32744 32744     9   113    14   177    14
 53533 10844  3951  2006     4    10   231  1854  2000     6   107     1   175    16
 53533 10844  3951  2006     4    16   231  1503  1800    18   131    14   214    13
 53533 10844  3951  2006     4    17   231  1556  1837    18   128    14   207    14
 53543 10959  3950  2006     3     9   231  1613  1753     8   122    13   187    12
 53545 10944  3934  2006     3     9   231  1530  1845    20   115    13   203    14
 53553 11113  3952  2006     5    29   231  1444  1500   200   141    15   230    14
 53562 11140  3955  2006     3     9   231  1638  2000     8   112    13   204    13
 53562 11140  3955  2006     3    10   131 32744 32744     8   103    14   160    14
 53562 11140  3955  2006     3    26   231  1541  1650    80   126    14   199    15
 53562 11140  3955  2006     4    16   231  1612  2000     6   121    14   199    13
 53562 11140  3955  2006     4    17   131 32744 32744     6   108    14   171    14
 53602 10540  3850  2006     3    25   231  1717  1740   150    94    13   173    14
 53602 10540  3850  2006     3    31   231  1237  1409     8    74     1   162    16
 53602 10540  3850  2006     4    10   231  1557  2000     5    83    11   133    12
 53602 10540  3850  2006     4    11   231  2000  2230     5    65     1   123     1
 53602 10540  3850  2006     5    25   231  1827  1846    20    88    13   181    11
 53602 10540  3850  2006     6    28   231  1551  1557   180   115     3   187    15
 53602 10540  3850  2006     7    30   231  1520  1535   250   132    13   214    14
 53644 10850  3836  2006     3    31   231  1640  2000     7   102    15   179    15
 53644 10850  3836  2006     4    11   231   800   914     8   104    16   176    16
 53646 10947  3816  2006     3    10   231  1710  1904    60   162    13   224    14
 53646 10947  3816  2006     6    23   231  1428  1440   200   152    15   234    16
 53663 11149  3855  2006     3     9   231  1647  1850   120   136    13   197    13
 53663 11149  3855  2006     3    10   231  1445  1540    60   147    13   206    12
 53663 11149  3855  2006     3    31   231  1901  1923   120   123    14   209    14
 53663 11149  3855  2006     4     5   231  1532  1540   180   145    12   178    12
 53663 11149  3855  2006     4    11   231  1035  1055    12   126     3   177     3
 53663 11149  3855  2006     4    16   231  1419  1618   110   147    13   198    12
 53663 11149  3855  2006     4    17   231  1721  1849    80   138    14   223    14
 53663 11149  3855  2006     4    22   231  1513  1753   120   125    14   189    13
 53663 11149  3855  2006     4    25   231  1302  1318   180   120    14   172    14
 53704 10511  3732  2006     4    10   231  1110  1504     5   116    14   181    15
 53704 10511  3732  2006     5    25   231  1916  2000     9   122    15   200    16
 53704 10511  3732  2006     5    26   231  2000  2013     9   118    15   200    15
 53723 10723  3748  2006     2    20   231  1543  1820    60   108    13   166    13
 53723 10723  3748  2006     3    10   231  1028  1207    60   127    14   195    13
 53723 10723  3748  2006     3    10   231  1625  1717    60   127    14   195    13
 53723 10723  3748  2006     3    27   231  1458  1618    50    96     1   148    16
 53723 10723  3748  2006     3    31   231  1312  1839     9   106    16   188     1
 53723 10723  3748  2006     4     6   231  1040  1430     7   133    14   216    14
 53723 10723  3748  2006     4    10   231   834  1308    30   103    10   159     8
 53723 10723  3748  2006     4    11   231  2319   309     6   102     1   169    16
 53723 10723  3748  2006     4    11   231   616   720     6   102     1   169    16
 53723 10723  3748  2006     6    11   231  1734  1740   180   105    11   179    12
 53723 10723  3748  2006     6    28   231  1815  1904   150   114     1   196     1
 53725 10735  3735  2006     3     9   231  1441  1724     7   119    14   178    14
 53725 10735  3735  2006     3    10   231  1039  1506     7   132    14   189    13
 53725 10735  3735  2006     3    27   231  1327  1642     9   120    16   164    16
 53725 10735  3735  2006     3    31   231  1307  1907     3   136    16   188     1
 53725 10735  3735  2006     4    10   231   838  1304     8   138     9   199    10
 53725 10735  3735  2006     4    11   231  2338   102     9   130    16   188    16
 53725 10735  3735  2006     4    11   231   713   811     9   130    16   188    16
 53725 10735  3735  2006     4    18   231  1034  1632     7   123    14   188    15
 53725 10735  3735  2006     6    28   231  1845  1918     8   132    16   212    16
 53725 10735  3735  2006    10    15   231  1220  1338     8   138     9   200     9
 53730 10729  3811  2006     3    10   231  1050  1620    12   123    14   193    13
 53730 10729  3811  2006     3    31   231  1431  1742   150    99    15   176    14
 53730 10729  3811  2006     4     6   231  1450  1644    60   115    14   186    13
 53730 10729  3811  2006     4    10   231  1906  2000     4    92    12   143    12
 53730 10729  3811  2006     4    11   231   800   826     3   109     4   167     5
 53730 10729  3811  2006     4    16   231  1206  1321    13   108    13   162    13
 53730 10729  3811  2006     4    17   231  1320  1710     4   127    14   192    14
 53730 10729  3811  2006     4    18   231  1002  1237    25   124    14   185    14
 53730 10729  3811  2006     5    16   131 32744 32744    90   120    13   205    13
 53730 10729  3811  2006     5    30   231  1758  1812   200   117    13   223    12
 53730 10729  3811  2006     6    23   231  1645  1710   200   113    14   183    14
 53730 10729  3811  2006     6    28   231  1750  1827   250    98    15   203    15
 53730 10729  3811  2006    12    15   231  1442  1454   140   109    13   158    13
 53738 10810  3655  2006     3    31   231  1515  2000     8   106    15   163    15
 53738 10810  3655  2006     4     1   231  2000  2158   130    83    16   135    16
 53738 10810  3655  2006     4    11   231   609  1006     6    96    16   164    15
 53738 10810  3655  2006     4    18   231  1504  1832    30   125    14   205    13
 53740 10914  3756  2006     3    31   231  1735  1830    70   175    15   247    15
 53740 10914  3756  2006     4    11   231   840  1047    30   115    15   183    16
 53772 11233  3747  2006     6    23   231  1837  1856     8   107    15   174    15
 53817 10616  3600  2006     4    10   231  1742  1820     8    77     6   128     6
 53821 10718  3635  2006     3    31   231  1441  1503   180   116    16   195    16
 53821 10718  3635  2006     4    11   231  2148    12    40   108    16   178    15
 53868 11130  3604  2006     5    20   231  1358  1403     8    65    13   111    15
 53923 10738  3544  2006     3    31   231  1811  2000     7    89    16   150    15
 53923 10738  3544  2006     4     1   231  2000  2020    80    79    16   139    15
 53923 10738  3544  2006     4    11   231   730   920     9    89    16   141    16
 53986 11353  3519  2006     3    27   231  1709  1821    20   130     3   200     2
 54012 11736  4435  2006     3    26   231  1548  1638    80   143    12   189    12
 54012 11736  4435  2006     4    13   231  1818  2000     9   149    13   234    13
 54012 11736  4435  2006     4    14   231  2000  2026     9   132    13   195    13
 54012 11736  4435  2006     4    29   231  1530  1552   280   148    11   199    11
 54027 11924  4359  2006     3    10   231    52   510     5   126    11   192    11
 54027 11924  4359  2006     3    27   231  2052   120     7   117    12   172    12
 54027 11924  4359  2006     5    16   231  1657  1837     7   130    11   217    12
 54027 11924  4359  2006     6     6   231  1612  1622   110   127    12   208    13
 54039 12201  4402  2006     2    21   231  1412  1430    30   153    14 32744 32744
 54041 12304  4447  2006     2    21   231  1534  1820    70   156    16   230    15
 54041 12304  4447  2006     4    29   231   858  1225    60   138     9   212     9
 54041 12304  4447  2006     5    16   231  1806  2000     8   143     9   210    10
 54041 12304  4447  2006     5    17   231  2000  2025     8   132    10   195     9
 54049 12358  4415  2006     7    12   231  1903  1906   150   144    13   259    14
 54102 11607  4357  2006     3     9   231  1953  2000     8   127    12   178    13
 54102 11607  4357  2006     3    10   231  2000   143     2   150    12   225    13
 54102 11607  4357  2006     3    26   231  1404  2000     0   148    12   228    12
 54102 11607  4357  2006     3    27   231  2000  2132     2   136    14   202    15
 54102 11607  4357  2006     4     6   231  1445  2000     6   119    13   186    13
 54102 11607  4357  2006     4     7   231  2000   320     3   127    12   219    12
 54102 11607  4357  2006     4    13   231  1620  1910     8   117    12   189    13
 54102 11607  4357  2006     4    29   231  1632  2000     9   129    14   190    14
 54102 11607  4357  2006     5    16   231  1625  1740     8   150    12   221    10
 54113 11839  4332  2006     5    16   231  1619  1626   300   147    13 32744 32744
 54115 11804  4336  2006     3    27   231  2014  2310    42   122    12   209    15
 54117 11732  4315  2006     3     9   231  1710  2000     6   113    12 32744 32744
 54117 11732  4315  2006     3    10   131 32744 32744     6   170    12 32744 32744
 54117 11732  4315  2006     3    24   231  1841  2000     6   130    14 32744 32744
 54117 11732  4315  2006     3    25   131 32744 32744     6   110    14 32744 32744
 54117 11732  4315  2006     3    26   231  1800  2000     2   150    14 32744 32744
 54117 11732  4315  2006     3    27   131 32744 32744     2   170    12 32744 32744
 54117 11732  4315  2006     4    21   231  1650  2000     8   130    14 32744 32744
 54117 11732  4315  2006     4    22   231  1550  1902     8   160    14 32744 32744
 54117 11732  4315  2006     4    29   231  1716  1910    80   130    14 32744 32744
 54122 12003  4353  2006     5    16   231  1540  1740   180   137    10 32744 32744
 54122 12003  4353  2006     6     6   231  1653  1720   120   120    12 32744 32744
 54204 11500  4218  2006     3     9   231  1410  2000     2   133    13 32744 32744
 54204 11500  4218  2006     3    10   131 32744 32744     2   160    13 32744 32744
 54204 11500  4218  2006     3    17   231  1436  1606    30   117    15 32744 32744
 54204 11500  4218  2006     3    26   231  1412  2000     1   150    14 32744 32744
 54204 11500  4218  2006     3    27   131 32744 32744     1   133    15 32744 32744
 54204 11500  4218  2006     4     6   231  1215  2000     8   120    14 32744 32744
 54204 11500  4218  2006     4     7   131 32744 32744     8   110    13 32744 32744
 54204 11500  4218  2006     4    16   231  1425  1810    60   117    14 32744 32744
 54204 11500  4218  2006     4    18   231  1320  1337    70   107    14 32744 32744
 54204 11500  4218  2006     4    21   231  1610  1730    30   130    15 32744 32744
 54204 11500  4218  2006     5     6   231  1320  1330    30   100    13 32744 32744
 54204 11500  4218  2006     5    16   231  1605  2000     8   120    15 32744 32744
 54204 11500  4218  2006     5    17   131 32744 32744     8   103    99 32744 32744
 54205 11600  4214  2006     3     9   231  1515  2000     2   160    14 32744 32744
 54205 11600  4214  2006     3    10   131 32744 32744     2   190    13 32744 32744
 54205 11600  4214  2006     3    17   231  1449  1632    60   140    14 32744 32744
 54205 11600  4214  2006     3    24   231  1310  1456     8   183    14 32744 32744
 54205 11600  4214  2006     3    26   231  1458  2000     1   200    14 32744 32744
 54205 11600  4214  2006     3    27   131 32744 32744     1   167    14 32744 32744
 54205 11600  4214  2006     4    16   231  1730  2000     6   150    10 32744 32744
 54205 11600  4214  2006     4    17   131 32744 32744     6   127    13 32744 32744
 54205 11600  4214  2006     4    18   231  1210  1420     8   150    13 32744 32744
 54205 11600  4214  2006     4    21   231  1851  2000     7   140    15 32744 32744
 54205 11600  4214  2006     4    22   131 32744 32744     7   170    15 32744 32744
 54205 11600  4214  2006     5     7   231  1607  1633   150   200    11 32744 32744
 54205 11600  4214  2006     5    16   231  1810  1825   110   173    11 32744 32744
 54208 11628  4211  2006     3     9   231  1631  2000     4   126    14   178    14
 54208 11628  4211  2006     3    10   231  2000   521     2   135    13   204    13
 54208 11628  4211  2006     3    26   231  1837  2000     3   140    14   228    13
 54208 11628  4211  2006     3    27   231  2000  2236     3   147    14   214    14
 54213 11901  4256  2006     3    10   231   525   712    50   165    12   235    11
 54213 11901  4256  2006     3    27   231  2238    25   150   146    12   211    12
 54214 11825  4235  2006     3    17   231  1537  2000     9   123    12 32744 32744
 54223 12039  4251  2006     3    10   131 32744 32744    90   170    14 32744 32744
 54223 12039  4251  2006     3    27   131 32744 32744    12   137    14 32744 32744
 54234 12145  4244  2006     3    10   231   800   951     9   157    15 32744 32744
 54305 11516  4153  2006     3     9   231  1648  1853    45   113    13 32744 32744
 54305 11516  4153  2006     3    26   231  1457  2000     3   160    14 32744 32744
 54305 11516  4153  2006     3    27   131 32744 32744     3   123    14 32744 32744
 54305 11516  4153  2006     5     7   231  1502  1530   200   150    10 32744 32744
 54305 11516  4153  2006     5    16   231  1712  1803   150   113    14 32744 32744
 54313 11842  4156  2006     3    10   131 32744 32744   200   120    12 32744 32744
 54320 11921  4136  2006     3    10   131 32744 32744    20   130    14 32744 32744
 54320 11921  4136  2006     3    24   231  1652  1716   150   120    14 32744 32744
 54326 11942  4123  2006     3    10   231   640   720    40    58    13   141    15
 55248  8425  3209  2006     1     3   231  1512  1716   500 32744 32744 32744 32744
 55248  8425  3209  2006     1    16   231  1750  1810   500 32744 32744 32744 32744
 55664  8705  2838  2006     1    14   231  1210  1537     8 32744 32744 32744 32744
 55696  9228  2825  2006     1    18   231  1427  1432   400   142    13   279    12
 56033  9813  3455  2006     1     3   231  1436  1523   200   153    13   243    13
 56033  9813  3455  2006     1     4   231  1229  1318    50   155    13   246    12
 56033  9813  3455  2006     4    10   231  1616  1631   400   153    14   232    13
 56033  9813  3455  2006     4    11   231  1350  1353     8   129    14   208    14
 56065 10136  3444  2006     1     2   231  1317  1319    80   138    13   254    14
 56065 10136  3444  2006     2     5   231  1408  1410   300   131    15   248    15
 57037 10859  3456  2006     4    11   231   940  1105    15   121    15   172    15
 57083 11339  3443  2006     3    27   231  1816  1924     7   107     3   187     3
 57091 11418  3447  2006     3    27   231  1734  1917    20   119     3   208     2
