 50425 12011  5015  1990     4    30   231  1620  1625   250   130     8 32744 32744
 50514 11726  4934  1990     4    30   231  1039  1222   150   197     8 32744 32744
 50618 11816  4813  1990     4    10   231  1808  2000     8   110    14 32744 32744
 50618 11816  4813  1990     4    11   231  2000  2218   360   133     1 32744 32744
 50618 11816  4813  1990     4    30   231   906  1140   150 32744 32744 32744 32744
 50618 11816  4813  1990     5     2   231  1446  1520   120   120    11 32744 32744
 50618 11816  4813  1990     5     9   231  1545  1557   360   120    13 32744 32744
 50915 11658  4531  1990     6     3   231  1516  1534    80   160    14 32744 32744
 51059  8552  4726  1990     7     1   231  1948  1958     5   170    13 32744 32744
 51059  8552  4726  1990     8     2   231  1708  1710   400   120    14 32744 32744
 51059  8552  4726  1990     8    20   231  1458  1501   400   107    14 32744 32744
 51068  8728  4707  1990     6    27   231  1214  1221   250   130    15 32744 32744
 51068  8728  4707  1990     7     2   231  2135  2143   350   130    14 32744 32744
 51087  8931  4659  1990     6    27   231  1445  1448   400   140    16 32744 32744
 51133  8300  4644  1990     2    23   231  1340  1526     8   173     6 32744 32744
 51133  8300  4644  1990     7     1   231  1721  1726   250   103    14 32744 32744
 51133  8300  4644  1990    10    16   231   138   415     4   113    12 32744 32744
 51156  8543  4647  1990     7     1   231  1941  1945   200 32744 32744 32744 32744
 51288  9032  4522  1990     6    25   231  2003  2004   500 32744 32744 32744 32744
 51356  8603  4419  1990     6     4   231  1742  1848   110    70     2 32744 32744
 51495  9138  4329  1990     4     5   231  1308  1415     1 32744 32744 32744 32744
 51495  9138  4329  1990    10     7   231  1243  1304    11 32744 32744 32744 32744
 51526  8813  4214  1990     6    17   231  2101  2140   350   137    14 32744 32744
 51526  8813  4214  1990     7     9   231  1825  1840   300   100    14 32744 32744
 51526  8813  4214  1990     7    28   231  1955  2000     8   130     2 32744 32744
 51526  8813  4214  1990     7    29   231  2000  2003   350   127     1 32744 32744
 51526  8813  4214  1990     7    30   231  1719  1843   140   150    13 32744 32744
 51526  8813  4214  1990     8    19   231  2038  2102   350   100    14 32744 32744
 51542  8409  4302  1990    11    28   231  1105  1135   300   150 32744 32744 32744
 51567  8634  4205  1990     1    27   231  1408  1436    80 32744 32744 32744 32744
 51567  8634  4205  1990     3    12   231   823   856   150 32744 32744 32744 32744
 51567  8634  4205  1990     8     8   231  1955  2000     6 32744 32744 32744 32744
 51567  8634  4205  1990     8     9   231  2000  2009   300 32744 32744 32744 32744
 51573  8912  4256  1990     2    21   231  2221  2244    40    70    16 32744 32744
 51573  8912  4256  1990     4     5   231  1019  1219    15   150    15 32744 32744
 51573  8912  4256  1990     4     9   231  1534  1611    40   127    14 32744 32744
 51573  8912  4256  1990     6    23   231  2010  2020    70   113    12 32744 32744
 51573  8912  4256  1990     7    28   231  1802  1830   400   110    15 32744 32744
 51573  8912  4256  1990    11    28   231  1346  1610     5   150    15 32744 32744
 51628  8014  4110  1990     4     6   231  1042  1105     8    73     5 32744 32744
 51628  8014  4110  1990     7     7   231  2035  2059   100    63    14 32744 32744
 51628  8014  4110  1990     8    22   231  1101  1109   300    63    15 32744 32744
 51628  8014  4110  1990    10    19   231  1628  1650   100   113    14 32744 32744
 51642  8415  4147  1990     4     6   231   416   535    20 32744 32744 32744 32744
 51644  8257  4143  1990     7     2   231  2004  2112   200   127    16 32744 32744
 51644  8257  4143  1990     7     9   231  2130  2139   100   110    16 32744 32744
 51705  7515  3943  1990    10    19   231  1411  1414   300   203    14 32744 32744
 51709  7559  3928  1990     3    10   231  1536  1546    80    90    12 32744 32744
 51709  7559  3928  1990     6     9   231  1925  1950     7   100    13 32744 32744
 51709  7559  3928  1990     7     9   231  2055  2125   100    90    16 32744 32744
 51709  7559  3928  1990     8    22   231  1950  2000     5    87    13 32744 32744
 51709  7559  3928  1990     8    23   231  2000  2030   150    90    15 32744 32744
 51709  7559  3928  1990     8    31   231  2243  2310   100    83    14 32744 32744
 51709  7559  3928  1990    10    20   231  2135  2140    50   120    15 32744 32744
 51711  7827  4056  1990     3     8   231  1720  1730   200    67     5 32744 32744
 51711  7827  4056  1990     5     6   231  1802  1823   300   163    13 32744 32744
 51711  7827  4056  1990     5    10   231    50    53   250   133    12 32744 32744
 51711  7827  4056  1990     7     8   231  1644  1650   400    83    12 32744 32744
 51711  7827  4056  1990     7    25   231  1938  1952     8   100    14 32744 32744
 51711  7827  4056  1990     8    10   231  1644  1652   300 32744 32744 32744 32744
 51711  7827  4056  1990    10    19   231  1405  1505   200   133    12 32744 32744
 51711  7827  4056  1990    11     6   231  1507  1640   300   107    11 32744 32744
 51716  7834  3948  1990     4     6   231  1302  2000     6   113     2 32744 32744
 51716  7834  3948  1990     4     7   231  2000  2015    60    67     4 32744 32744
 51716  7834  3948  1990     4    10   231  1802  2000     5    87     2 32744 32744
 51716  7834  3948  1990     4    11   231  2000  2128    40    93     4 32744 32744
 51716  7834  3948  1990     4    30   231   330   415    50    90     2 32744 32744
 51716  7834  3948  1990     5     1   231  2156  2215   100    73     2 32744 32744
 51716  7834  3948  1990     5    20   231  1858  1904    70   130    16 32744 32744
 51716  7834  3948  1990     5    26   231  2307  2325    70    83    12 32744 32744
 51716  7834  3948  1990     6    30   231   229   251    30    93     3 32744 32744
 51716  7834  3948  1990     8    12   231  1654  1710   120   100     2 32744 32744
 51716  7834  3948  1990     8    15   231  2243  2301   120    83    14 32744 32744
 51716  7834  3948  1990     9     8   231  2014  2019   150   100    16 32744 32744
 51716  7834  3948  1990    10    19   231  1710  1748    18   120    14 32744 32744
 51720  7903  4030  1990     4     6   231  1334  1804     4 32744 32744 32744 32744
 51720  7903  4030  1990     4    26   231  1755  1805   300 32744 32744 32744 32744
 51720  7903  4030  1990     4    28   231  2111  2120   400 32744 32744 32744 32744
 51720  7903  4030  1990     5     6   231  1932  2000     8 32744 32744 32744 32744
 51720  7903  4030  1990     5     7   231  2000  2003   500 32744 32744 32744 32744
 51720  7903  4030  1990     5    11   231  2043  2102   300 32744 32744 32744 32744
 51720  7903  4030  1990     5    16   231  1421  1428   150 32744 32744 32744 32744
 51720  7903  4030  1990     5    17   231  2139  2145   180 32744 32744 32744 32744
 51720  7903  4030  1990     6    21   231  1926  1928   140 32744 32744 32744 32744
 51720  7903  4030  1990     6    22   231  2247  2248   170 32744 32744 32744 32744
 51720  7903  4030  1990     6    25   231  1617  1619   250 32744 32744 32744 32744
 51720  7903  4030  1990     6    30   231  2355   131    30 32744 32744 32744 32744
 51720  7903  4030  1990     7     8   231  1150  1207   200 32744 32744 32744 32744
 51720  7903  4030  1990     7     8   231  1836  1856   200 32744 32744 32744 32744
 51720  7903  4030  1990     7    13   231  2205  2219   300 32744 32744 32744 32744
 51720  7903  4030  1990     7    21   231  2127  2133   300 32744 32744 32744 32744
 51720  7903  4030  1990     7    26   231  1405  1415    20 32744 32744 32744 32744
 51720  7903  4030  1990     8     5   231  2220  2234   110 32744 32744 32744 32744
 51720  7903  4030  1990     8     6   231  2119  2124    80 32744 32744 32744 32744
 51720  7903  4030  1990     8    19   231  1710  1711   150 32744 32744 32744 32744
 51720  7903  4030  1990     8    25   231  1618  1621   400 32744 32744 32744 32744
 51720  7903  4030  1990     8    27   231  1902  1904   150 32744 32744 32744 32744
 51720  7903  4030  1990     9     9   231  2005  2007   150 32744 32744 32744 32744
 51720  7903  4030  1990     9     9   231  1951  1953   150 32744 32744 32744 32744
 51720  7903  4030  1990    10    19   231  1517  1539   100 32744 32744 32744 32744
 51720  7903  4030  1990    10    19   231  1917  1918   100 32744 32744 32744 32744
 51720  7903  4030  1990    11     6   231  1718  1718   180 32744 32744 32744 32744
 51730  8103  4030  1990     4     6   231  1304  1455     6 32744 32744 32744 32744
 51730  8103  4030  1990     4    10   231  1438  1553    20 32744 32744 32744 32744
 51730  8103  4030  1990     6    17   231  1943  2000     3 32744 32744 32744 32744
 51730  8103  4030  1990     6    18   231  2000  2016   200 32744 32744 32744 32744
 51730  8103  4030  1990     6    30   231  2220  2316   150 32744 32744 32744 32744
 51730  8103  4030  1990     7     2   231  2119  2248    80 32744 32744 32744 32744
 51730  8103  4030  1990    10    19   231  1809  1820   130 32744 32744 32744 32744
 51765  8742  4838  1990     2    20   231  2110   130    20 32744 32744 32744 32744
 51765  8742  4038  1990     3    22   231  1010  2000     2 32744 32744 32744 32744
 51765  8742  4038  1990     3    23   231  2000  2030   120 32744 32744 32744 32744
 51765  8742  4038  1990     5    13   231  2232    25    30 32744 32744 32744 32744
 51765  8742  4038  1990     6    18   231  2103  2305   200 32744 32744 32744 32744
 51777  8810  3902  1990     4     6   231  2309    30    40   120     4 32744 32744
 51777  8810  3902  1990     4    28   231  1627  1640    90   100    13 32744 32744
 51777  8810  3902  1990     5    17   231    11    40    80   120     4 32744 32744
 51804  7514  3747  1990     4    18   231  1548  1548   300    83    16 32744 32744
 51804  7514  3747  1990     5    17   231  1951  1951   150   150    12 32744 32744
 51811  7716  3826  1990     5    25   231  1932  2000     8 32744 32744 32744 32744
 51811  7716  3826  1990     5    26   231  2000  2325    90 32744 32744 32744 32744
 51811  7716  3826  1990     6    10   231  2026   107    60 32744 32744 32744 32744
 51811  7716  3826  1990     7     9   231  1712  1842    70 32744 32744 32744 32744
 51811  7716  3826  1990    10     7   231   714   921     3 32744 32744 32744 32744
 51818  7817  3737  1990     4     1   231   255   340     9    73    11 32744 32744
 51818  7817  3737  1990     4     1   231  1952  2000     9    73    11 32744 32744
 51818  7817  3737  1990     4     2   231  2000  2100    40    90    11 32744 32744
 51818  7817  3737  1990     4     2   231  1852  1933    40    90    11 32744 32744
 51818  7817  3737  1990     5    17   231  2305  2335    60    60     2 32744 32744
 51818  7817  3737  1990     5    26   231  2150  2230    20    60    14 32744 32744
 51818  7817  3737  1990     6    10   231  2215  2312    70    83    15 32744 32744
 51818  7817  3737  1990     6    13   231   240   335    80    67    15 32744 32744
 51818  7817  3737  1990     7     9   231  1927  1935    30    80    15 32744 32744
 51818  7817  3737  1990     8    13   231    10   123    30    60    11 32744 32744
 51818  7817  3737  1990    10     7   231   906   937    60    47    13 32744 32744
 51828  7956  3708  1990     4     6   231  1833  2000     7    60     3 32744 32744
 51828  7956  3708  1990     4     7   231  2000  2014    11    53     3 32744 32744
 51828  7956  3708  1990     4    10   231  2058    44    25    70    11 32744 32744
 51828  7956  3708  1990     4    27   231   637   950     6    83    14 32744 32744
 51828  7956  3708  1990     5     1   231  2118  2256    20    60     3 32744 32744
 51828  7956  3708  1990     5     8   231   410   620    20    60    14 32744 32744
 51828  7956  3708  1990     5    18   231   808   941    20    60    13 32744 32744
 51828  7956  3708  1990     5    26   231  2047  2117     4    87    13 32744 32744
 51828  7956  3708  1990     5    26   231    35   612     4    87    13 32744 32744
 51828  7956  3708  1990     5    27   231  2310     5    15    60     3 32744 32744
 51828  7956  3708  1990     6    10   231    54   250     6    70    10 32744 32744
 51828  7956  3708  1990     6    10   231  1828  1911     6    70    10 32744 32744
 51828  7956  3708  1990     6    13   231   540   712     8    50    13 32744 32744
 51828  7956  3708  1990     6    26   231   514   648    25    70    13 32744 32744
 51828  7956  3708  1990     7    10   231  2357    30    40    60    14 32744 32744
 51828  7956  3708  1990     7    15   231  2040  2359    15    70    13 32744 32744
 51828  7956  3708  1990     7    21   231   414   546    35    50    14 32744 32744
 51839  8243  3704  1990     1     6   231 32744  1410     9    87    12 32744 32744
 51839  8243  3704  1990     1     8   231  1122  1910     2   100    13 32744 32744
 51839  8243  3704  1990     3     9   231  1731  1835    80    67     2 32744 32744
 51839  8243  3704  1990     3    12   231   316   343    60    57    16 32744 32744
 51839  8243  3704  1990     3    20   231  1027  1210    30    70    12 32744 32744
 51839  8243  3704  1990     4     3   231  2044  2120    15    67    13 32744 32744
 51839  8243  3704  1990     4    18   231   917  1425     8    80    12 32744 32744
 51839  8243  3704  1990     4    20   231  2106    40    25    70     1 32744 32744
 51839  8243  3704  1990     4    27   231  1049  1057    20    77    13 32744 32744
 51839  8243  3704  1990     4    27   231  1405  1459    20    77    13 32744 32744
 51839  8243  3704  1990     4    28   231   919  1015   100    80    12 32744 32744
 51839  8243  3704  1990     5     8   231   740  1238     2    90    13 32744 32744
 51839  8243  3704  1990     5    18   231  1852  2000     1    90    12 32744 32744
 51839  8243  3704  1990     5    19   231  2000  2327    15    90    13 32744 32744
 51839  8243  3704  1990     5    26   231   510  1228     6    73    14 32744 32744
 51839  8243  3704  1990     6    10   231   536  1139     3    73    14 32744 32744
 51839  8243  3704  1990     6    13   231  1030  1225    20    53    12 32744 32744
 51839  8243  3704  1990     6    14   231   235   413    20    70    12 32744 32744
 51839  8243  3704  1990     6    15   231  2118  2240    40    37    12 32744 32744
 51839  8243  3704  1990     6    18   231   928   940    25    60     5 32744 32744
 51839  8243  3704  1990     6    26   231   917  1246    25    77    13 32744 32744
 51839  8243  3704  1990     7     9   231   709  1610     4   100    13 32744 32744
 51839  8243  3704  1990     7    10   231  2134  2331     6    83    13 32744 32744
 51839  8243  3704  1990     7    10   231   640   936     6    83    13 32744 32744
 51839  8243  3704  1990     7    15   231   208  1440     8    83    13 32744 32744
 51839  8243  3704  1990     7    17   231  1632  1702    20    67    13 32744 32744
 51839  8243  3704  1990     7    21   231  1042  1115    20    60    13 32744 32744
 51839  8243  3704  1990     7    22   231   427   717    25    77    13 32744 32744
 51839  8243  3704  1990     8    10   231   947  1435     8    80    13 32744 32744
 51839  8243  3704  1990     8    23   231  1046  1430     3    70    13 32744 32744
 51839  8243  3704  1990     8    23   231  1915  2000     3    70    13 32744 32744
 51839  8243  3704  1990     8    24   231  2000  2030    20    50     3 32744 32744
 51839  8243  3704  1990     9     4   231   951  1509     6    77    13 32744 32744
 51848  8339  3756  1990     2    20   231  1640  2000     6    70     4 32744 32744
 51848  8339  3756  1990     2    21   231  2000  2355    30    70     4 32744 32744
 51848  8339  3756  1990     4     6   231  1245  1528     7    90     3 32744 32744
 51848  8339  3756  1990     4    20   231  1550  1558    90    87     2 32744 32744
 51848  8339  3756  1990     4    28   231  1108  1339    10    97    12 32744 32744
 51848  8339  3756  1990     6    15   231  2130  2223    12    70    14 32744 32744
 51848  8339  3756  1990     6    18   231     6   330     8    93     2 32744 32744
 51848  8339  3756  1990     7     4   231  1229  1623    15    90    14 32744 32744
 51848  8339  3756  1990     7    10   231  2140  2330    20    90     2 32744 32744
 51848  8339  3756  1990     8    23   231  1823  2000     4    93     1 32744 32744
 51848  8339  3756  1990     8    24   231  2000  2140    20    87     2 32744 32744
 51855  8533  3809  1990     2    20   231  1150  1315    11 32744 32744 32744 32744
 51855  8533  3809  1990     2    20   231  1708  1733    11 32744 32744 32744 32744
 51855  8533  3809  1990     3    12   231   616   707    30 32744 32744 32744 32744
 51855  8533  3809  1990     3    22   231  1445  1630     3 32744 32744 32744 32744
 51855  8533  3809  1990     4     6   231  1306  1325     3 32744 32744 32744 32744
 51855  8533  3809  1990     4     6   231  1842  2000     3 32744 32744 32744 32744
 51855  8533  3809  1990     4     7   231  2000  2123    20 32744 32744 32744 32744
 51855  8533  3809  1990     4    27   231  1904  2000     3 32744 32744 32744 32744
 51855  8533  3809  1990     4    28   231  2000  2035     8 32744 32744 32744 32744
 51855  8533  3809  1990     4    28   231  1312  1624     8 32744 32744 32744 32744
 51855  8533  3809  1990     5     8   231  1220  1243    50 32744 32744 32744 32744
 51855  8533  3809  1990     6    18   231   109   123    30 32744 32744 32744 32744
 51855  8533  3809  1990     6    23   231   415   420   200 32744 32744 32744 32744
 51855  8533  3809  1990     7    10   231  2140  2238    20 32744 32744 32744 32744
 51855  8533  3809  1990     7    31   231  2334  2340   120 32744 32744 32744 32744
 51855  8533  3809  1990     8    10   231  1245  1428     5 32744 32744 32744 32744
 51855  8533  3809  1990     8    24   231  2044  2217    40 32744 32744 32744 32744
 51886  9051  3815  1990     1    21   231  1621  1626   420   173    15 32744 32744
 51886  9051  3815  1990     1    24   231  1518  1524   350   170    14 32744 32744
 51886  9051  3815  1990     2    20   231  1840  1850   150   173    15 32744 32744
 51886  9051  3815  1990     2    21   231  1546  1717   160   193    15 32744 32744
 51886  9051  3815  1990     2    22   231  1333  1340   280   183    14 32744 32744
 51886  9051  3815  1990     3    12   231  1217  1643     0   210    14 32744 32744
 51886  9051  3815  1990     4    21   231  1603  1637   280   190    15 32744 32744
 51886  9051  3815  1990     4    30   231  1931  1959     4   187    15 32744 32744
 51886  9051  3815  1990     5    12   231  1207  1245   200   207    15 32744 32744
 51886  9051  3815  1990     5    13   231  1509  1731   150   167    15 32744 32744
 51886  9051  3815  1990     5    14   231  2213  2224   200   207    14 32744 32744
 51886  9051  3815  1990     5    27   231  1209  1614     6   203    14 32744 32744
 51886  9051  3815  1990     6     5   231  1508  1509   180   120    15 32744 32744
 51886  9051  3815  1990     7     3   231  1703  1727   160   133    16 32744 32744
 51886  9051  3815  1990    10    22   231  1635  1725   120   190    14 32744 32744
 51886  9051  3815  1990    11     4   231  1614  1739   280   220    14 32744 32744
 51886  9051  3815  1990    11     7   231   944   946    60   210    15 32744 32744
 51886  9051  3815  1990    11     7   231  1258  1423    60   210    15 32744 32744
 51886  9051  3815  1990    11    28   231  1546  1812   180   230    14 32744 32744
 51931  8139  3651  1990     4    28   231  1024  1037    90    50     9 32744 32744
 51931  8139  3651  1990     5    26   231   215   341    30    70    16 32744 32744
 51931  8139  3651  1990     6    10   231   357   537    30    73    14 32744 32744
 51931  8139  3651  1990     6    22   231  1346  1349     5    50    15 32744 32744
 51931  8139  3651  1990     7     9   231   537   632    25    77    14 32744 32744
 51931  8139  3651  1990     7    10   231   526   553    50    77    14 32744 32744
 51931  8139  3651  1990     7    15   231  2343    12    20    87    15 32744 32744
 51931  8139  3651  1990    10    20   231    36    44    40    60    16 32744 32744
 52118  9442  4316  1990     4     5   231  1735  1744   100 32744 32744 32744 32744
 52203  9331  4249  1990     3     4   231  1105  1337    20   123     6 32744 32744
 52203  9331  4249  1990     4     5   231  1527  1938    12   137    14 32744 32744
 52267 10104  4157  1990     2    10   231  1301  1540     8   147    14 32744 32744
 52267 10104  4157  1990     7    12   231    31   136    20   167    14 32744 32744
 52267 10104  4157  1990     7    24   231  1440  1515   200   163    15 32744 32744
 52267 10104  4157  1990     8    18   231  1106  1113   300   130    15 32744 32744
 52267 10104  4157  1990     8    27   231  1550  1553   300   140    15 32744 32744
 52313  9440  4132  1990     4     5   231  1822  2000     6 32744 32744 32744 32744
 52313  9440  4132  1990     4     6   231  2000  2012   200 32744 32744 32744 32744
 52378 10222  4122  1990     2    10   231  1406  1615    50   177    13 32744 32744
 52378 10222  4122  1990     3    13   231  2212    30     6   210    12 32744 32744
 52378 10222  4122  1990     3    13   231  1221  1439     6   210    12 32744 32744
 52378 10222  4122  1990     4     6   231  2150   320    60   180    13 32744 32744
 52378 10222  4122  1990     4     6   231   830   839    60   180    13 32744 32744
 52378 10222  4122  1990     4    18   231  1240  1437     6   150    14 32744 32744
 52378 10222  4122  1990     4    22   231  2215   220     4   187     4 32744 32744
 52378 10222  4122  1990     4    24   231  1320  1539     8   177    13 32744 32744
 52378 10222  4122  1990     4    26   231  1230  1405     8   163    13 32744 32744
 52378 10222  4122  1990     5     2   231  1006  1103   120   160    13 32744 32744
 52378 10222  4122  1990     5     4   231  1528  2000     3   190    13 32744 32744
 52378 10222  4122  1990     5     5   231  2000  2058   150   150    13 32744 32744
 52378 10222  4122  1990     5    11   231  1505  1546    60   143    14 32744 32744
 52378 10222  4122  1990     5    13   231  1442  1510   300   163    13 32744 32744
 52378 10222  4122  1990     5    29   231  2303   237     8   180    11 32744 32744
 52378 10222  4122  1990     6     2   231  1534  1537   250   130    13 32744 32744
 52378 10222  4122  1990     6     5   231   930  1025    80   160    15 32744 32744
 52378 10222  4122  1990     6    16   231  1338  1406     8   150    13 32744 32744
 52378 10222  4122  1990     6    21   231  1503  1530   300   120     1 32744 32744
 52378 10222  4122  1990     6    23   231  2320   110    80   180     5 32744 32744
 52378 10222  4122  1990     7     3   231  2049  2059   120   140    13 32744 32744
 52378 10222  4122  1990     7    24   231  1642  1642    20   160    13 32744 32744
 52378 10222  4122  1990     8     8   231  1750  1800   300   133    16 32744 32744
 52378 10222  4122  1990     8    27   231  1802  1809    50   150    13 32744 32744
 52418  9441  4009  1990     3    12   231  1454  1606    80   160    13 32744 32744
 52418  9441  4009  1990     3    22   231  1816  2000     9   150     4 32744 32744
 52418  9441  4009  1990     3    23   231  2000  2005    40   150     4 32744 32744
 52418  9441  4009  1990     4    11   231  1534  1809    40   157     4 32744 32744
 52418  9441  4009  1990     4    29   231  2324     7    60   123    12 32744 32744
 52418  9441  4009  1990     5    27   231  2248    12    80   137    12 32744 32744
 52424  9546  4032  1990     2    14   231  1123  1420     9   153     5 32744 32744
 52424  9546  4032  1990     3     4   231  1115  1519     5   150     5 32744 32744
 52424  9546  4032  1990     3    12   231  1530  1742   300   163    13 32744 32744
 52424  9546  4032  1990     4    11   231  1020  1745     4   200     5 32744 32744
 52424  9546  4032  1990     6    23   231  1740  1802   300    80    12 32744 32744
 52436  9702  4016  1990     3    12   231  1545  2000     7   220    13 32744 32744
 52436  9702  4016  1990     3    13   231  2000  2130   150   140    13 32744 32744
 52436  9702  4016  1990     5    27   231   232   337    50   143    13 32744 32744
 52436  9702  4016  1990     6    23   231  1833  1840   200   117    11 32744 32744
 52446  9931  4018  1990     2    10   231  1425  1925    18   130    13 32744 32744
 52446  9931  4018  1990     3    12   231  1825  2000     0   193    13 32744 32744
 52446  9931  4018  1990     3    13   231  2000  2213   120   190    14 32744 32744
 52446  9931  4018  1990     4     6   231  2010  2020     8   140    15 32744 32744
 52446  9931  4018  1990     4     6   231   732   814     8   140    15 32744 32744
 52446  9931  4018  1990     4    28   231  1651  1858    80   130    12 32744 32744
 52446  9931  4018  1990     5     4   231  1717  1747    90   160    14 32744 32744
 52446  9931  4018  1990     6    26   231     7    15   600   150    16 32744 32744
 52446  9931  4018  1990     6    29   231  1745  1748   500   140    16 32744 32744
 52446  9931  4018  1990     7    27   231  1848  1906   100   163    14 32744 32744
 52446  9931  4018  1990     8    19   231  1952  2000    15   103    12 32744 32744
 52446  9931  4018  1990    12     5   231  1210  1524    12   113    12 32744 32744
 52447  9854  4000  1990     1     7   231  1620  1712   300   123    14 32744 32744
 52447  9854  4000  1990     2    10   231  1752  1834    60   120    14 32744 32744
 52447  9854  4000  1990     3    12   231  1751  2000     0   200    14 32744 32744
 52447  9854  4000  1990     3    13   231  2000  2331   300   170    15 32744 32744
 52447  9854  4000  1990     4     5   231  1753  2000     3   157    14 32744 32744
 52447  9854  4000  1990     4     6   231  2000  2125   200   140    14 32744 32744
 52447  9854  4000  1990     5     4   231  1337  1858     6   160    14 32744 32744
 52447  9854  4000  1990     6    29   231  1755  1805   400   110    14 32744 32744
 52447  9854  4000  1990     7    11   231  1635  1707    40   123    14 32744 32744
 52447  9854  4000  1990     7    27   231  1743  1806   400   117    12 32744 32744
 52447  9854  4000  1990     8    19   231  1910  1916   200   123    14 32744 32744
 52447  9854  4000  1990    12    20   231  1431  1642    70   130    14 32744 32744
 52495 10430  4045  1990     1    16   231  1307  1820     9   150    13 32744 32744
 52495 10430  4045  1990     3    13   231    55   158     7   153    13 32744 32744
 52495 10430  4045  1990     3    13   231  1324  1342     7   153    13 32744 32744
 52495 10430  4045  1990     4     6   231  1040  1233    40   150    15 32744 32744
 52495 10430  4045  1990     4    18   231  1503  1721    80   130    14 32744 32744
 52495 10430  4045  1990     4    24   231  1444  1640    30   150    13 32744 32744
 52495 10430  4045  1990     5     1   231  1413  1431    20   177    16 32744 32744
 52495 10430  4045  1990     5     2   231  1510  1524    40   153    13 32744 32744
 52495 10430  4045  1990     5     5   231  1039  1334    80   153    16 32744 32744
 52495 10430  4045  1990     5    10   231  2035  2048   200   140     3 32744 32744
 52495 10430  4045  1990     5    27   231  1555  1910    40   163    14 32744 32744
 52495 10430  4045  1990     6     5   231  1409  1416   160   160    15 32744 32744
 52495 10430  4045  1990     6    21   231  1733  1835   120   133     1 32744 32744
 52495 10430  4045  1990     6    27   231  2108  2114   150   110    12 32744 32744
 52495 10430  4045  1990     7    24   231  1643  1647    50   140     5 32744 32744
 52495 10430  4045  1990     8     1   231  1402  1417   200   163    16 32744 32744
 52495 10430  4045  1990     8     7   231  1652  1656   250   153    15 32744 32744
 52495 10430  4045  1990    11    29   231   511   645   110   160    14 32744 32744
 52495 10430  4045  1990    12    20   231  1618  1810   100   150    14 32744 32744
 52533  9829  3946  1990     3    12   231  1733  2000     1   163    14 32744 32744
 52533  9829  3946  1990     3    13   231  2000  2315   100   160    14 32744 32744
 52533  9829  3946  1990     4     5   231  1803  1857    50   120    16 32744 32744
 52533  9829  3946  1990     4     6   231  2225  2320   130   130    14 32744 32744
 52533  9829  3946  1990     7    27   231  1723  1740   400   140    13 32744 32744
 52546  9950  3922  1990     3    12   231  1952  2000    30   110    14 32744 32744
 52546  9950  3922  1990     3    13   231  2000  2155    60   157    14 32744 32744
 52546  9950  3922  1990     4     5   231  1938  2000     6   123    14 32744 32744
 52546  9950  3922  1990     4     6   231  2000  2046    50   117    15 32744 32744
 52546  9950  3922  1990     4    28   231  1544  1618   200   100    12 32744 32744
 52546  9950  3922  1990     5     4   231  1542  1923    15   103    14 32744 32744
 52546  9950  3922  1990     5    13   231  1340  1407     7   117    14 32744 32744
 52576 10141  3913  1990     3    13   231  2209    12    20   130    14 32744 32744
 52576 10141  3913  1990     5     4   231  1604  2000     9   140    15 32744 32744
 52576 10141  3913  1990     5     5   231  2000  2010   150   103    16 32744 32744
 52576 10141  3913  1990     5    27   231   918  1010   150   120    14 32744 32744
 52576 10141  3913  1990     7    24   231  1640  1715   300   140    14 32744 32744
 52602  9323  3850  1990     2    21   231  1156  1305   120   207    13 32744 32744
 52602  9323  3850  1990     3    12   231  1553  1807   130   240    14 32744 32744
 52602  9323  3850  1990     4    21   231  1556  1611   350   270    14 32744 32744
 52602  9323  3850  1990     4    30   231  1624  1641   300   220    13 32744 32744
 52602  9323  3850  1990     5    27   231  1220  1231   120   207    14 32744 32744
 52602  9323  3850  1990     7     2   231  1838  2000     0   170    16 32744 32744
 52602  9323  3850  1990     7     3   231  2000  2008   150   193    16 32744 32744
 52602  9323  3850  1990    11    28   231  1630  1700   200   210    15 32744 32744
 52633  9825  3848  1990     4     6   231  1220  1525     6   220    13 32744 32744
 52652 10026  3856  1990     1     7   231  1714  1828    50   113    15 32744 32744
 52652 10026  3856  1990     3    13   231  2048  2257     8   117    16 32744 32744
 52652 10026  3856  1990     4     6   231  2050  2207    70    97    14 32744 32744
 52652 10026  3856  1990     5     4   231  1931  2000     8    90    15 32744 32744
 52652 10026  3856  1990     5     5   231  2000  2013   120    70    15 32744 32744
 52652 10026  3856  1990     5    13   231  1405  1532   180   127    14 32744 32744
 52652 10026  3856  1990     5    27   231   607   847     7   133    14 32744 32744
 52652 10026  3856  1990     6    30   231  2032  2040   140    97    14 32744 32744
 52652 10026  3856  1990     8     9   231  1603  1610   200   103    14 32744 32744
 52652 10026  3856  1990    12    20   231  1519  1621    70   103    14 32744 32744
 52661 10105  3848  1990     3    13   231  2213  2240    15    80    13 32744 32744
 52674 10158  3814  1990    12    20   231  1537  1827    80   157    13 32744 32744
 52681 10305  3838  1990     2    10   231  1535  1636    70   127    14 32744 32744
 52681 10305  3838  1990     3    13   231     3   224     7   127    14 32744 32744
 52681 10305  3838  1990     4     6   231   326   617    17   143    16 32744 32744
 52681 10305  3838  1990     4     6   231  1040  1330    17   143    16 32744 32744
 52681 10305  3838  1990     4    24   231  1604  1915    15   150    14 32744 32744
 52681 10305  3838  1990     4    28   231  1018  1307    80   107     6 32744 32744
 52681 10305  3838  1990     4    28   231  1608  1702    80   107     6 32744 32744
 52681 10305  3838  1990     4    29   231  1129  1420     8   110    14 32744 32744
 52681 10305  3838  1990     5     1   231  1318  1325    15   127    16 32744 32744
 52681 10305  3838  1990     5     3   231  1635  1643   300    90    14 32744 32744
 52681 10305  3838  1990     5     4   231  1417  2000     6   147    14 32744 32744
 52681 10305  3838  1990     5     5   231  2000  2337    50   137    15 32744 32744
 52681 10305  3838  1990     5    13   231  1902  2000     6   110    14 32744 32744
 52681 10305  3838  1990     5    14   231  2000  2029   200   100    16 32744 32744
 52681 10305  3838  1990     5    27   231  1029  1147    20   150    14 32744 32744
 52681 10305  3838  1990     5    27   231  1545  1836    20   150    14 32744 32744
 52681 10305  3838  1990     5    29   231   407   440   300   110    15 32744 32744
 52681 10305  3838  1990     6    16   231  1701  1742   250   140    14 32744 32744
 52681 10305  3838  1990     7    24   231  1818  2000     7   123    14 32744 32744
 52681 10305  3838  1990     7    25   231  2000  2011   300   107    15 32744 32744
 52681 10305  3838  1990     8    16   231  1812  2000     7    90    14 32744 32744
 52681 10305  3838  1990     8    17   231  2000  2037   300    97    14 32744 32744
 52681 10305  3838  1990    12    20   231  1617  2000     6   177    14 32744 32744
 52681 10305  3838  1990    12    21   231  2000  2138   250   150    14 32744 32744
 52707  9341  3648  1990     3    12   231  1904  2000     4   100    14 32744 32744
 52707  9341  3648  1990     3    13   231  2000  2044    60    87    16 32744 32744
 52707  9341  3648  1990     5    12   231  1754  1821    90   150    14 32744 32744
 52707  9341  3648  1990     6    18   231  1807  2000     1   207    16 32744 32744
 52707  9341  3648  1990     6    19   231  2000  2052   120   180    15 32744 32744
 52707  9341  3648  1990     6    22   231  1615  1637   120   190    15 32744 32744
 52707  9341  3648  1990     7     3   231  2038  2052   120   133    16 32744 32744
 52707  9341  3648  1990     8    11   231  1705  1711   120   150    16 32744 32744
 52707  9341  3648  1990     8    15   231  1836  1850    80   157    14 32744 32744
 52713  9522  3751  1990     6    29   231  1919  1927   200   127    14 32744 32744
 52713  9522  3751  1990    11     7   231  1409  1414   200   147    14 32744 32744
 52754 10008  3720  1990     1    11   231  1426  1536   200   120    15 32744 32744
 52754 10008  3720  1990     1    17   231  1439  1602   180   120    13 32744 32744
 52754 10008  3720  1990     1    18   231  1242  1448   120   127    12 32744 32744
 52754 10008  3720  1990     1    19   231  1615  1616   200   100    14 32744 32744
 52754 10008  3720  1990     1    24   231  1330  1521     7   197    14 32744 32744
 52754 10008  3720  1990     3     5   231  1731  1734   200   123    14 32744 32744
 52754 10008  3720  1990     3     6   231  1448  1525   150   143    13 32744 32744
 52754 10008  3720  1990     3    12   231  1635  1638   200   130    13 32744 32744
 52754 10008  3720  1990     4     6   231  1205  1727     8   193    14 32744 32744
 52754 10008  3720  1990     5    18   231  1555  1602   200   140     3 32744 32744
 52754 10008  3720  1990     5    24   231  1606  1612   200   110    16 32744 32744
 52754 10008  3720  1990     5    29   231  1130  1133   150   130    13 32744 32744
 52754 10008  3720  1990    10    23   231  1011  1236    80   140    14 32744 32744
 52754 10008  3720  1990    11     5   231  1123  1140   300   120    14 32744 32744
 52754 10008  3720  1990    11     7   231  1455  1557   120   130    13 32744 32744
 52754 10008  3720  1990    12     7   231  1640  1753   150   150    13 32744 32744
 52754 10008  3720  1990    12    20   231  1504  1604   200   130    13 32744 32744
 52765 10137  3723  1990     3     9   231  1623  1625   300    90    14 32744 32744
 52765 10137  3723  1990    11    29   231  1248  1305   150   107    15 32744 32744
 52797 10403  3711  1990     5     5   231  1515  1915    50   107     1 32744 32744
 52818  9454  3625  1990     3    21   231   223   227   120   110    12 32744 32744
 52818  9454  3625  1990     4    21   231  1705  1710   110   100    14 32744 32744
 52818  9454  3625  1990     5    23   231  1608  1615   150   100    16 32744 32744
 52818  9454  3625  1990     6    19   231  2014  2120   150   160    15 32744 32744
 52818  9454  3625  1990     6    22   231  1823  1828    70   113    15 32744 32744
 52818  9454  3625  1990     6    24   231  2004  2016   150   103    12 32744 32744
 52818  9454  3625  1990     7     3   231  2308  2312   120   130    13 32744 32744
 52818  9454  3625  1990     8    11   231  1839  1843   120   113    16 32744 32744
 52818  9454  3625  1990     8    15   231  1935  2000     5   157    13 32744 32744
 52818  9454  3625  1990     8    16   231  2000  2105   150   163    13 32744 32744
 52825  9625  3626  1990     3    12   231  1004  1208    80   147    13 32744 32744
 52825  9625  3626  1990     8    12   231  2025  2040   200   100    15 32744 32744
 52836  9806  3618  1990     4    16   231  1054  1105    50   100    12 32744 32744
 52836  9806  3618  1990     4    23   231  1502  1614    90   107    14 32744 32744
 52836  9806  3618  1990     4    24   231  1349  1659     7   120    12 32744 32744
 52836  9806  3618  1990     5    29   231  1649  1757   120    97    13 32744 32744
 52836  9806  3618  1990     6    19   231  2345    28    70   100    13 32744 32744
 52842  9905  3647  1990     3     6   231  1727  1731    20   167    14 32744 32744
 52842  9905  3647  1990     4    18   231  1228  1228   180   150    13 32744 32744
 52842  9905  3647  1990     4    25   231  1419  1419   120   147    13 32744 32744
 52895 10441  3634  1990     4     6   231   837  1224    19    93     3 32744 32744
 52895 10441  3634  1990     5     2   231  2055  2305    15    73     2 32744 32744
 52895 10441  3634  1990     5     5   231  1640  1902    17   123    15 32744 32744
 52908  9305  3513  1990     1     2   231  1415  1620   200   180    13 32744 32744
 52908  9305  3513  1990     1    12   231  1620  1641   300    97    12 32744 32744
 52908  9305  3513  1990     1    13   231  1306  1619     8   140    14 32744 32744
 52908  9305  3513  1990     1    16   231  1244  1807     8   117    13 32744 32744
 52908  9305  3513  1990     1    17   231  2010  2014   200   110    14 32744 32744
 52908  9305  3513  1990     1    17   231  1512  1634   200   110    14 32744 32744
 52908  9305  3513  1990     1    18   231  1534  1536   250   127    12 32744 32744
 52908  9305  3513  1990     2     7   231  1417  1652    50   217    13 32744 32744
 52908  9305  3513  1990     2    17   231  1436  1607   300   203    14 32744 32744
 52908  9305  3513  1990     3    23   231  1114  1306   250   203    13 32744 32744
 52908  9305  3513  1990    12    18   231  1512  1529   200   217    13 32744 32744
 52943  9959  3535  1990     1    22   231  1444  1458   300   170    14 32744 32744
 52943  9959  3535  1990     2     7   231  1535  1543   450   160    12 32744 32744
 52943  9959  3535  1990     3    23   231  1351  1355     4   150    12 32744 32744
 52943  9959  3535  1990     4    18   231  1410  1636   400   170    15 32744 32744
 52943  9959  3535  1990     4    25   231  1620  1620   200   160    14 32744 32744
 52943  9959  3535  1990    12    15   231  1630  1643   250   133    12 32744 32744
 52943  9959  3535  1990    12    20   231  1429  1545   500   150    13 32744 32744
 52943  9959  3535  1990    12    26   231  1533  1543   450   160    14 32744 32744
 52957 10039  3516  1990     1    24   231  1346  1831     5   217    14 32744 32744
 52957 10039  3516  1990     3    25   231  1333  1351     6    87    13 32744 32744
 52957 10039  3516  1990     4     6   231  1609  1824   150   160    13 32744 32744
 52957 10039  3516  1990     4     9   231  1739  1805   350   100     7 32744 32744
 52957 10039  3516  1990     4    16   231  1642  1726   200   110    14 32744 32744
 52957 10039  3516  1990     4    18   231  1510  1653   300   150    13 32744 32744
 52957 10039  3516  1990     4    19   231  1609  1613   150    90     1 32744 32744
 52957 10039  3516  1990     4    24   231  1514  1808   200   170    14 32744 32744
 52968 10128  3502  1990     1    11   231  1420  1445   300   157    14 32744 32744
 52968 10128  3502  1990     1    24   231  1630  1636    80   210    14 32744 32744
 53068 11158  4339  1990     1    17   231  1243  1503     5   220    14 32744 32744
 53068 11158  4339  1990     2    10   231   940   947    50   160    14 32744 32744
 53068 11158  4339  1990     3    29   231  1636  1650   300   130    10 32744 32744
 53068 11158  4339  1990     4     1   231  1736  1940    20   157     1 32744 32744
 53068 11158  4339  1990     4    10   231  1440  1635   150   150    14 32744 32744
 53068 11158  4339  1990     4    18   231  1345  1355     8   170    14 32744 32744
 53068 11158  4339  1990     4    24   231  1108  1842     9   190    14 32744 32744
 53068 11158  4339  1990     4    29   231  1503  1940    70   190     9 32744 32744
 53068 11158  4339  1990     5     9   231  1529  1915    90   200    16 32744 32744
 53068 11158  4339  1990     5    18   231  1717  1830   200   153    16 32744 32744
 53068 11158  4339  1990     5    28   231   550  1334     7   187    12 32744 32744
 53068 11158  4339  1990     5    28   231  1735  1738     7   187    12 32744 32744
 53068 11158  4339  1990     6     3   231   748  2000     1   233    13 32744 32744
 53068 11158  4339  1990     6     4   231  2000   230     7   220    14 32744 32744
 53068 11158  4339  1990     6     5   231  1558  1630   200   163    14 32744 32744
 53068 11158  4339  1990     6    20   231  1604  1618    80   133    13 32744 32744
 53068 11158  4339  1990     6    25   231  1743  1747   250   160     9 32744 32744
 53068 11158  4339  1990     7    14   231  1855  1859   300   177    12 32744 32744
 53083 11409  4437  1990     5    10   231  1305  1625     8   177    14 32744 32744
 53083 11409  4437  1990     5    13   231  1301  1320   300   157     2 32744 32744
 53083 11409  4437  1990     5    28   231  1141  1420     4   187    12 32744 32744
 53083 11409  4437  1990     6     4   231  2024   209     4   200    12 32744 32744
 53149 11008  4232  1990     3    13   231  1046  1540     4   273    12 32744 32744
 53149 11008  4232  1990     4     6   231   936  1123    40   200    15 32744 32744
 53149 11008  4232  1990     4    18   231  1623  1627    90   140    10 32744 32744
 53149 11008  4232  1990     4    24   231  1613  1626    80   177    12 32744 32744
 53149 11008  4232  1990     6     3   231   821   832    27   193    12 32744 32744
 53149 11008  4232  1990     7    14   231  1921  1923   700   170    12 32744 32744
 53149 11008  4232  1990    12    21   231  2112  2130   200   160    14 32744 32744
 53192 11457  4401  1990     4    24   231  1348  1445     5   170    14 32744 32744
 53192 11457  4401  1990     5    10   231  1354  1725     8   180    13 32744 32744
 53192 11457  4401  1990     5    28   231  1152  1812     5   170    12 32744 32744
 53192 11457  4401  1990     6     3   231  1152  2000     5   200    14 32744 32744
 53192 11457  4401  1990     6     4   231  2000   615     5   170    12 32744 32744
 53195 11343  4350  1990     4     7   231  1612  1624   120   137    14 32744 32744
 53195 11343  4350  1990     4    18   231  1526  1538   150   167    12 32744 32744
 53195 11343  4350  1990     4    24   231  1228  1832     6   160    13 32744 32744
 53195 11343  4350  1990     4    25   231  1342  1720     8   147    14 32744 32744
 53195 11343  4350  1990     4    29   231  1416  1503   120   147    11 32744 32744
 53195 11343  4350  1990     5     9   231  1735  1741   300   150    16 32744 32744
 53195 11343  4350  1990     5    10   231  1404  1542    30   150    14 32744 32744
 53195 11343  4350  1990     5    28   231   931  1503     6   160    12 32744 32744
 53195 11343  4350  1990     6     3   231   933  1147     3   167    13 32744 32744
 53195 11343  4350  1990     6     3   231  1530  2000     3   167    13 32744 32744
 53195 11343  4350  1990     6     4   231  2000    48    40   190    13 32744 32744
 53195 11343  4350  1990     6     5   231  1659  1748   200    83    14 32744 32744
 53231 10624  4124  1990     2    10   231  1540  1629    90   200    12 32744 32744
 53231 10624  4124  1990     4    16   231   910  1220   120   210     8 32744 32744
 53231 10624  4124  1990     4    18   231  1433  1730   120   210    13 32744 32744
 53231 10624  4124  1990     5     1   231  1610  1620    20   140     1 32744 32744
 53231 10624  4124  1990     5     5   231  1445  1453   200   140    16 32744 32744
 53231 10624  4124  1990     5    27   231  1829  2000     1   160    12 32744 32744
 53231 10624  4124  1990     5    28   231  2000  2040   150   170    13 32744 32744
 53231 10624  4124  1990     6    17   231  1630  1656   300   170    16 32744 32744
 53231 10624  4124  1990     6    18   231  1728  1830   200   167     2 32744 32744
 53231 10624  4124  1990     6    20   231  1412  1537    70   183    12 32744 32744
 53231 10624  4124  1990     6    21   231  1615  1738   300   177     1 32744 32744
 53231 10624  4124  1990     6    29   231  1648  1659   300   167    12 32744 32744
 53231 10624  4124  1990     7     4   231  1515  1532   300   150    12 32744 32744
 53231 10624  4124  1990     8     8   231  1410  1424   200   200    11 32744 32744
 53231 10624  4124  1990    11    29   231   720   756     9   170    13 32744 32744
 53276 11254  4224  1990     1    17   231   635  1743     3   190    12 32744 32744
 53276 11254  4224  1990     2    10   231  1013  1216    80   200    13 32744 32744
 53276 11254  4224  1990     3    13   231  1656  2000     2   187    12 32744 32744
 53276 11254  4224  1990     3    14   231  2000  2230    80   190    12 32744 32744
 53276 11254  4224  1990     4     6   231  1200  1807     1   190    14 32744 32744
 53276 11254  4224  1990     4    24   231  1230  2000     1   180    13 32744 32744
 53276 11254  4224  1990     4    25   231  2000  2012    70   170    14 32744 32744
 53276 11254  4224  1990     4    25   231   953  1125    70   170    14 32744 32744
 53276 11254  4224  1990     5     8   231  1647  1827   100   200     1 32744 32744
 53276 11254  4224  1990     5     9   231  1735  2000     1   190    15 32744 32744
 53276 11254  4224  1990     5    10   231  2000  2112   300   160    16 32744 32744
 53276 11254  4224  1990     5    18   231  1903  2000     4   153    14 32744 32744
 53276 11254  4224  1990     5    19   231  2000  2026   120   140    14 32744 32744
 53276 11254  4224  1990     5    24   231  1137  1140   300   150    12 32744 32744
 53276 11254  4224  1990     6     3   231   916  2000     7   200    11 32744 32744
 53276 11254  4224  1990     6     4   231  2000   331     2   203    13 32744 32744
 53276 11254  4224  1990     6    30   231  1811  1825   250   187    12 32744 32744
 53336 10831  4134  1990     3    13   231  1427  1708    20   160    14 32744 32744
 53336 10831  4134  1990     4     6   231   835  1610     5   183    14 32744 32744
 53336 10831  4134  1990     4    18   231  1826  1857    80   160    13 32744 32744
 53336 10831  4134  1990     5     9   231  1426  1523    90   130     1 32744 32744
 53352 11026  4142  1990     3    13   231  1452  1831     9   160    12 32744 32744
 53352 11026  4142  1990     4     6   231  1040  1705     6   150    12 32744 32744
 53352 11026  4142  1990     4    24   231  1406  1524    40   140    14 32744 32744
 53352 11026  4142  1990     6     3   231  1731  1857    15   140    12 32744 32744
 53352 11026  4142  1990    12    21   231  1232  1247    90   140    14 32744 32744
 53362 11141  4132  1990     4     6   231  1152  1806    50   140    13 32744 32744
 53362 11141  4132  1990     4    24   231  1544  1933    17   140    13 32744 32744
 53362 11141  4132  1990     4    25   231  1320  1443     6   130    15 32744 32744
 53391 11400  4154  1990     1    17   231  1045  1940     8   130    14 32744 32744
 53391 11400  4154  1990     1    22   231  1309  1657     8   120    14 32744 32744
 53391 11400  4154  1990     2    10   231  1505  1540    90   130    13 32744 32744
 53391 11400  4154  1990     3    14   231  2115  2209     9   137    16 32744 32744
 53391 11400  4154  1990     4     6   231  1348  1940     8   150    14 32744 32744
 53391 11400  4154  1990     4     7   231  1110  1140    30   150    15 32744 32744
 53391 11400  4154  1990     4    24   231  1004  1950     8   130    13 32744 32744
 53391 11400  4154  1990     4    25   231  2102  2230     2   153    15 32744 32744
 53391 11400  4154  1990     4    25   231   937  1820     2   153    15 32744 32744
 53391 11400  4154  1990     5     9   231  1847  2000     4   190    16 32744 32744
 53391 11400  4154  1990     5    10   231  2000    40   120   170    15 32744 32744
 53391 11400  4154  1990     6     3   231  1201  1536     7   170    12 32744 32744
 53391 11400  4154  1990     6     3   231  1930  2000     7   170    12 32744 32744
 53391 11400  4154  1990     6     4   231  2000  2309   250   137    14 32744 32744
 53391 11400  4154  1990     6    12   231  1305  1357     8   127    15 32744 32744
 53399 11442  4109  1990     1    17   231  1040  1928     1   150    14 32744 32744
 53399 11442  4109  1990     4     6   231  1534  2000     6   113    15 32744 32744
 53399 11442  4109  1990     4     7   231  2000  2140     7   140    16 32744 32744
 53399 11442  4109  1990     4     7   231  1328  1840     7   140    16 32744 32744
 53399 11442  4109  1990     4    25   231   939  1828     1   140    15 32744 32744
 53399 11442  4109  1990     5    10   231  2021    25    30   130    16 32744 32744
 53399 11442  4109  1990     5    19   231  1904  1926    60   127    15 32744 32744
 53446 10951  4040  1990     3    13   231   950  1600     7   170    12 32744 32744
 53446 10951  4040  1990     4     6   231  1133  1740     8   107    16 32744 32744
 53463 11141  4049  1990     5    10   231  2250  2320   300   130    16 32744 32744
 53480 11304  4102  1990     1    17   231  1151  1437     4   163    14 32744 32744
 53480 11304  4102  1990     3    13   231  1635  1812    90   133    13 32744 32744
 53480 11304  4102  1990     4     6   231  1705  1907    70   150    15 32744 32744
 53480 11304  4102  1990     4     7   231  1107  1415     9   150    15 32744 32744
 53480 11304  4102  1990     4    25   231  1256  1532     8   180    14 32744 32744
 53480 11304  4102  1990     4    26   231  1658  1702    90   110    12 32744 32744
 53480 11304  4102  1990     5    10   231  2043    32    80   150    15 32744 32744
 53502 10545  3947  1990     4     6   231  1315  1616     5   143    14 32744 32744
 53502 10545  3947  1990     5     1   231  1740  1928    50   130    16 32744 32744
 53502 10545  3947  1990     5    27   231  1730  2000     2   200    14 32744 32744
 53502 10545  3947  1990     5    28   231  2000  2217    90   153    14 32744 32744
 53502 10545  3947  1990     6     7   231  1354  1406     7   133    14 32744 32744
 53502 10545  3947  1990     6    16   231  1927  2000     6   160    14 32744 32744
 53502 10545  3947  1990     6    17   231  2000  2035   200   150    14 32744 32744
 53513 10725  4045  1990     3    13   231   910   932    70   103    12 32744 32744
 53513 10725  4045  1990     4    24   231  1609  1643   120   100    14 32744 32744
 53513 10725  4045  1990     5    28   231  2044  2235   120    77    13 32744 32744
 53513 10725  4045  1990    12    20   231  1912  1943    80   110    13 32744 32744
 53519 10646  3913  1990     4     6   231   821  1127    40   197    15 32744 32744
 53519 10646  3913  1990     4     6   231  1535  1652    40   197    15 32744 32744
 53519 10646  3913  1990     5     1   231  1901  2000     5   137    15 32744 32744
 53519 10646  3913  1990     5     2   231  2000  2140   120   200    14 32744 32744
 53519 10646  3913  1990     5    27   231  1944  2000     3   117    14 32744 32744
 53519 10646  3913  1990     5    28   231  2000    58    14   190    14 32744 32744
 53529 10759  3906  1990     4     6   231   904  1840     4   150    14 32744 32744
 53529 10759  3906  1990     4    10   231  1538  2000     9   147    16 32744 32744
 53529 10759  3906  1990     4    11   231  2000  2221   120   143    16 32744 32744
 53529 10759  3906  1990     4    19   231  2140    47    80   150    16 32744 32744
 53529 10759  3906  1990     5     2   231  2235   125    18   140     1 32744 32744
 53529 10759  3906  1990     5     5   231   835  1710     9   157    16 32744 32744
 53529 10759  3906  1990     5    29   231  1421  1636    70   140    16 32744 32744
 53529 10759  3906  1990    12    21   231  1452  1535    40   140    14 32744 32744
 53545 10944  3934  1990     2    10   231  1255  1710     7   137    14 32744 32744
 53545 10944  3934  1990     3    13   231  1251  1702     9   140    14 32744 32744
 53545 10944  3934  1990     4     6   231  1052  1648     8   170    15 32744 32744
 53545 10944  3934  1990    11     5   231  1334  1520     8   147    15 32744 32744
 53545 10944  3934  1990    12    21   231  2255   110    10   190    14 32744 32744
 53564 11109  3923  1990     3    13   231  1754  1936    12    97    12 32744 32744
 53602 10540  3850  1990     4     6   231  1508  1708    90   147    14 32744 32744
 53602 10540  3850  1990     5     1   231  1728  2000     8   177    14 32744 32744
 53602 10540  3850  1990     5     2   231  2000  2037   110   160    14 32744 32744
 53602 10540  3850  1990     5     5   231  1215  1520     7   160    14 32744 32744
 53602 10540  3850  1990     5    27   231  1744  2000     6   147    12 32744 32744
 53602 10540  3850  1990     5    28   231  2000  2036   200    93    13 32744 32744
 53602 10540  3850  1990     6     7   231  1455  1515   300   100    12 32744 32744
 53602 10540  3850  1990     6    16   231  1934  2000     4   150    13 32744 32744
 53602 10540  3850  1990     6    17   231  2000  2123   200   130    13 32744 32744
 53602 10540  3850  1990     6    20   231  1448  1459   200    97    13 32744 32744
 53602 10540  3850  1990     6    21   231  1720  1814   200   130    14 32744 32744
 53602 10540  3850  1990     7     3   231  1505  1615   150   140    14 32744 32744
 53614 10613  3829  1990     4     6   231  1125  1226    50   170    14 32744 32744
 53614 10613  3829  1990     4     6   231  1617  1826    50   170    14 32744 32744
 53614 10613  3829  1990     5     5   231  1325  1431     7   160    14 32744 32744
 53614 10613  3829  1990     5    27   231  1901  2000     3   147    14 32744 32744
 53614 10613  3829  1990     5    28   231  2000  2120    50   120    14 32744 32744
 53614 10613  3829  1990     6    17   231  2042  2115   150   140    14 32744 32744
 53615 10642  3848  1990     1    16   231  1916  2000     8    93     1 32744 32744
 53615 10642  3848  1990     1    17   231  2000  2358    60   130    16 32744 32744
 53615 10642  3848  1990     1    19   231  2136   107    30   130     2 32744 32744
 53615 10642  3848  1990     3    13   231   528   735    15    97    16 32744 32744
 53615 10642  3848  1990     3    13   231  1747  1910    15    97    16 32744 32744
 53615 10642  3848  1990     4     6   231   721   827     8   123    16 32744 32744
 53615 10642  3848  1990     4     6   231  1630  1718     8   123    16 32744 32744
 53615 10642  3848  1990     5     2   231  2021  2259   100   120    16 32744 32744
 53615 10642  3848  1990     5    28   231  2008    11   100   120    16 32744 32744
 53615 10642  3848  1990    11    29   231   514   619    60   160     1 32744 32744
 53615 10642  3848  1990    12    21   231  2017    22    60   130    16 32744 32744
 53646 10942  3814  1990     4     6   231  1237  2000     7   120    15 32744 32744
 53646 10942  3814  1990     4     7   231  2000  2007   200    97    14 32744 32744
 53646 10942  3814  1990     5     5   231  1043  1309    60   140    14 32744 32744
 53646 10942  3814  1990    12    21   231  2357   206     9   137    15 32744 32744
 53663 11149  3855  1990    11     5   231  1755  1830    80   103    13 32744 32744
 53704 10511  3732  1990     5     1   231  1814  2000     8   130    14 32744 32744
 53704 10511  3732  1990     5     2   231  2000  2013   120   130    16 32744 32744
 53723 10724  3747  1990     3    18   231  1145  1512     6   107     9 32744 32744
 53723 10724  3747  1990     4     2   231   115   414     8   100     1 32744 32744
 53723 10724  3747  1990     4     6   231   852  2000     7   117    16 32744 32744
 53723 10724  3747  1990     4     7   231  2000  2131   150    87    16 32744 32744
 53723 10724  3747  1990     4    10   231  1803  2000     7    87    16 32744 32744
 53723 10724  3747  1990     4    11   231  2000  2208    80    80     1 32744 32744
 53723 10724  3747  1990     4    22   231  1243  1614     7    97     1 32744 32744
 53723 10724  3747  1990     4    24   231  1308  1625     7   120    15 32744 32744
 53723 10724  3747  1990     5     2   231   113   308     7   110    16 32744 32744
 53723 10724  3747  1990     5     5   231   906  1709     5   130    15 32744 32744
 53723 10724  3747  1990     5    12   231   929  1140    80   107    13 32744 32744
 53723 10724  3747  1990     5    14   231  1929  2000     7    60     5 32744 32744
 53723 10724  3747  1990     5    15   231  2000  2335    19    73    13 32744 32744
 53723 10724  3747  1990     5    28   231  2132   239     8   123    13 32744 32744
 53723 10724  3747  1990     5    30   231  1335  1430     7   113    14 32744 32744
 53723 10724  3747  1990     6     7   231  1422  1429   150   100    14 32744 32744
 53723 10724  3747  1990    11    29   231   832   936    20   110    12 32744 32744
 53723 10724  3747  1990    12    21   231  2105   104    15   130    14 32744 32744
 53723 10724  3747  1990    12    29   231  1038  1320    18   120     8 32744 32744
 53725 10735  3735  1990     2    10   231  1218  1836     4   160    13 32744 32744
 53725 10735  3735  1990     3     9   231  1241  1315    40   130     9 32744 32744
 53725 10735  3735  1990     3    18   231   924  1426     8   127     9 32744 32744
 53725 10735  3735  1990     4     6   231   925  1835     6   127    16 32744 32744
 53725 10735  3735  1990     4    10   231  1521  1540    70   113    16 32744 32744
 53725 10735  3735  1990     4    22   231  1325  1714     6   150    16 32744 32744
 53725 10735  3735  1990     4    24   231  1209  1640     6   147    14 32744 32744
 53725 10735  3735  1990     5     5   231   823  1921     3   120    14 32744 32744
 53725 10735  3735  1990     5    12   231  1140  1416     9   130    13 32744 32744
 53725 10735  3735  1990     5    18   231  1707  1718   120    93     1 32744 32744
 53725 10735  3735  1990     5    28   231  2220   304     6   147    14 32744 32744
 53725 10735  3735  1990     6     5   231  1605  1625   150   140    12 32744 32744
 53725 10735  3735  1990     6    19   231  1546  1721   150   110    14 32744 32744
 53725 10735  3735  1990     6    20   231  1750  1750   120    87    16 32744 32744
 53738 10811  3650  1990     4     6   231  1302  1723     8   110    15 32744 32744
 53738 10811  3650  1990     4    10   231  1803  1803    18    80 32744 32744 32744
 53738 10811  3650  1990     5     5   231  1520  1732    20   123    16 32744 32744
 53740 10914  3756  1990     4     6   231  1340  1544     7   160    15 32744 32744
 53740 10914  3756  1990     5     5   231  1135  1532     7   220    14 32744 32744
 53740 10914  3756  1990     7     5   231  1802  1810   170   133    10 32744 32744
 53740 10914  3756  1990     8    31   231  1842  1853   130   150     2 32744 32744
 53740 10914  3756  1990    11    29   231   735   957     6   137    16 32744 32744
 53740 10914  3756  1990    12    21   231    20   304     5   210    14 32744 32744
 53754 11013  3730  1990    12    21   231   140   310     9   237    15 32744 32744
 53806 10539  3634  1990     4     6   231   854  2000     5   200    16 32744 32744
 53806 10539  3634  1990     4     7   231  2000  2030    35   110    12 32744 32744
 53806 10539  3634  1990     5     5   231  1228  1958     5   210    14 32744 32744
 53806 10539  3634  1990     5    28   231  2018   135   150   120    15 32744 32744
 53810 10554  3659  1990     2     9   231  1032  1101    40   100    16 32744 32744
 53810 10554  3659  1990     3    13   231   620   950     8   110    16 32744 32744
 53810 10554  3659  1990     4     6   231   750  1408     8   160    16 32744 32744
 53810 10554  3659  1990     4    10   231  1220  1405     8   137    16 32744 32744
 53810 10554  3659  1990     5     2   231  2038  2215   120   160    16 32744 32744
 53810 10554  3659  1990     6     5   231  1357  1359     8    90     8 32744 32744
 53810 10554  3659  1990     6    17   231  2042  2304   120   143    15 32744 32744
 53817 10616  3600  1990     4     6   231  1407  1713    15   140    16 32744 32744
 53821 10718  3635  1990     4     6   231  1128  1427     5   120    16 32744 32744
 53882 11304  3603  1990     4     7   231  2020   520     8   127    14 32744 32744
 53942 10930  3549  1990     4     6   231  1712  2000     8   110    16 32744 32744
 53942 10930  3549  1990     4     7   231  2000  2014    60    90    16 32744 32744
 53947 10904  3505  1990     4     6   231  1724  1913    15   130    16 32744 32744
 54012 11736  4435  1990     5    10   231  1116  1535     9   190    13 32744 32744
 54027 11924  4359  1990     6     4   231   735   915     6   150    13 32744 32744
 54102 11604  4357  1990     5    10   231  1532  1628   120   170    13 32744 32744
 54102 11604  4357  1990     6     3   231  1412  1425    60   153    12 32744 32744
 54102 11604  4357  1990     6     4   231   127   259     8   177    12 32744 32744
 54115 11804  4336  1990     6     4   231   530   640   180   120    12   184    11
 54208 11628  4211  1990     1    17   231  1333  2000     6   180    13 32744 32744
 54208 11628  4211  1990     1    18   231  2000  2035   200   170    14 32744 32744
 54208 11628  4211  1990     3    30   231  1320  1329   200   140    14 32744 32744
 54208 11628  4211  1990     4     6   231  1641  2000     9   160    14 32744 32744
 54208 11628  4211  1990     4     7   231  2000  2131    30   160    14 32744 32744
 54208 11628  4211  1990     4     7   231  1040  1311    30   160    14 32744 32744
 54208 11628  4211  1990     4    24   231  1305  1358     9   177    13 32744 32744
 54208 11628  4211  1990     4    25   231  2236  2324    15   163    14 32744 32744
 54208 11628  4211  1990     5    10   231    54   140    80   197    16 32744 32744
 54213 11902  4257  1990     4     7   231  1817  2000     9   130    15 32744 32744
 54213 11902  4257  1990     4     8   231  2000  2035    60   140    16 32744 32744
 54213 11902  4257  1990     4     8   231   520   708    60   140    16 32744 32744
 54213 11902  4257  1990     4    13   231   925  1108    80   127    16 32744 32744
 54213 11902  4257  1990     4    25   231  1712  1720   120   127    14 32744 32744
 54308 11638  4113  1990     1    17   231  1308  2000     6   100    14 32744 32744
 54308 11638  4113  1990     1    18   231  2000  2117   150   100    14 32744 32744
 54401 11453  4047  1990     4    25   231  1315  1501     8    93    15   181    16
 54511 11617  3956  1990     4    25   231  1530  1740    20    98    16 32744 32744
 54527 11710  3906  1990     4    25   231  1806  2000     9    87    14 32744 32744
 54527 11710  3906  1990     4    26   231  2000  2140    50    60     2 32744 32744
 54827 11709  3610  1990     5     6   231  1813  1818   110   190    14   338    16
 55228  8005  3230  1990     1     8   231  1524  1723   700 32744 32744 32744 32744
 55228  8005  3230  1990     1    11   231  1701  1703   700 32744 32744 32744 32744
 55228  8005  3230  1990     1    13   231  1520  1556    90 32744 32744 32744 32744
 55228  8005  3230  1990     1    16   231  1708  1709   600 32744 32744 32744 32744
 55228  8005  3230  1990     1    20   231  1533  1820   600 32744 32744 32744 32744
 55228  8005  3230  1990     1    31   231  1555  1812   400 32744 32744 32744 32744
 55228  8005  3230  1990     2     4   231  1456  1800   400 32744 32744 32744 32744
 55228  8005  3230  1990     2     7   231  1728  1729   300 32744 32744 32744 32744
 55228  8005  3230  1990     4    11   231  1536  1658   600 32744 32744 32744 32744
 55228  8005  3230  1990     4    15   231  1420  1552   400 32744 32744 32744 32744
 55228  8005  3230  1990     4    18   231  1453  1655   500 32744 32744 32744 32744
 55228  8005  3230  1990     4    19   231  1651  1653   600 32744 32744 32744 32744
 55228  8005  3230  1990     4    21   231  1647  1712   500 32744 32744 32744 32744
 55228  8005  3230  1990     4    25   231  1709  1711   700 32744 32744 32744 32744
 55228  8005  3230  1990     4    27   231  1531  1534   400 32744 32744 32744 32744
 55228  8005  3230  1990     5     5   231  1414  1420     8 32744 32744 32744 32744
 55228  8005  3230  1990     5    17   231  1617  1623   600 32744 32744 32744 32744
 55228  8005  3230  1990     6     8   231  2126  2130   700 32744 32744 32744 32744
 55228  8005  3230  1990     6     9   231  1508  1509   700 32744 32744 32744 32744
 55228  8005  3230  1990     7     4   231  1602  1605   250 32744 32744 32744 32744
 55228  8005  3230  1990     7     5   231  1910  1914   200 32744 32744 32744 32744
 55228  8005  3230  1990     7    10   231  1813  1944   600 32744 32744 32744 32744
 55228  8005  3230  1990     8     5   231  1834  1841   700 32744 32744 32744 32744
 55228  8005  3230  1990     9    24   231  1951  1952     9 32744 32744 32744 32744
 55228  8005  3230  1990    10    18   231  1654  1705   600 32744 32744 32744 32744
 55228  8005  3230  1990    10    19   231  1522  1845   600 32744 32744 32744 32744
 55228  8005  3230  1990    11    21   231  1815  1823   600 32744 32744 32744 32744
 55228  8005  3230  1990    12    23   231  1516  1534   700 32744 32744 32744 32744
 55228  8005  3230  1990    12    27   231  1719  1752   700 32744 32744 32744 32744
 55248  8425  3209  1990     1     9   231  1557  1609   450 32744 32744 32744 32744
 55248  8425  3209  1990     1    10   231  1831  1842   400 32744 32744 32744 32744
 55248  8425  3209  1990     1    13   231  1409  1417    80 32744 32744 32744 32744
 55248  8425  3209  1990     1    17   231  1916  1935    98 32744 32744 32744 32744
 55248  8425  3209  1990     1    18   231  1803  1814   400 32744 32744 32744 32744
 55248  8425  3209  1990     2     1   231  1532  2000     9 32744 32744 32744 32744
 55248  8425  3209  1990     2     2   231  2000  2005    99 32744 32744 32744 32744
 55248  8425  3209  1990     2     2   231  1735  1813    99 32744 32744 32744 32744
 55248  8425  3209  1990     2     4   231  1145  1221    99 32744 32744 32744 32744
 55248  8425  3209  1990     2    27   231  1702  1708    90 32744 32744 32744 32744
 55248  8425  3209  1990     3    23   231  1456  1458    99 32744 32744 32744 32744
 55294  9106  3221  1990     3     1   231  1418  1418   300   173    12 32744 32744
 55472  8838  3057  1990     1     9   231  1702  1705   500 32744 32744 32744 32744
 55472  8838  3057  1990     1    13   231  1334  1407     8 32744 32744 32744 32744
 55472  8838  3057  1990     1    17   231  1327  1422   150 32744 32744 32744 32744
 55472  8838  3057  1990     1    18   231  1623  1625   600 32744 32744 32744 32744
 55472  8838  3057  1990     1    19   231  1243  1432     9 32744 32744 32744 32744
 55472  8838  3057  1990     1    26   231  1726  1803   600 32744 32744 32744 32744
 55472  8838  3057  1990     1    29   231  1452  1518    90 32744 32744 32744 32744
 55472  8838  3057  1990     1    30   231  1629  1642    98 32744 32744 32744 32744
 55472  8838  3057  1990     1    31   231  1418  1420   250 32744 32744 32744 32744
 55472  8838  3057  1990     2     1   231  1407  1411   350 32744 32744 32744 32744
 55472  8838  3057  1990     2     2   231  1329  1521     8 32744 32744 32744 32744
 55472  8838  3057  1990     2     4   231  1404  1425   200 32744 32744 32744 32744
 55472  8838  3057  1990     2    27   231  1514  1605   500 32744 32744 32744 32744
 55472  8838  3057  1990     2    28   231  1542  1545   400 32744 32744 32744 32744
 55472  8838  3057  1990     3    23   231  1415  1415   150 32744 32744 32744 32744
 55472  8838  3057  1990     4    10   231  1612  1622   300 32744 32744 32744 32744
 55472  8838  3057  1990     4    20   231  1648  1654   400 32744 32744 32744 32744
 55472  8838  3057  1990    11    28   231  1234  1236   300 32744 32744 32744 32744
 55472  8838  3057  1990    11    30   231  1547  1550   400 32744 32744 32744 32744
 55472  8838  3057  1990    12    24   231  1221  1638     2 32744 32744 32744 32744
 55472  8838  3057  1990    12    30   231  1214  1220   300 32744 32744 32744 32744
 55569  8736  2905  1990     1    15   231  1428  1507   400 32744 32744 32744 32744
 55569  8736  2905  1990     1    17   231  1504  1507   400 32744 32744 32744 32744
 55569  8736  2905  1990     1    29   231  1720  1730   400 32744 32744 32744 32744
 55569  8736  2905  1990     1    30   231  1535  1557   400 32744 32744 32744 32744
 55569  8736  2905  1990     2     4   231  1247  1735     4 32744 32744 32744 32744
 55569  8736  2905  1990     2     5   231  1647  1805   400 32744 32744 32744 32744
 55569  8736  2905  1990     2    27   231  1333  1429     8 32744 32744 32744 32744
 55569  8736  2905  1990     2    28   231  1635  1705   300 32744 32744 32744 32744
 55569  8736  2905  1990     3     1   231  1520  1706   400 32744 32744 32744 32744
 55569  8736  2905  1990     3    23   231  1615  1725   400 32744 32744 32744 32744
 55569  8736  2905  1990     3    25   231  1637  1658   400 32744 32744 32744 32744
 55569  8736  2905  1990     3    30   231  1525  1542   400 32744 32744 32744 32744
 55569  8736  2905  1990     4    14   231  1546  1758   400 32744 32744 32744 32744
 55569  8736  2905  1990    11    30   231  1512  1544   400 32744 32744 32744 32744
 55569  8736  2905  1990    12    24   231  1305  1448   400 32744 32744 32744 32744
 55569  8736  2905  1990    12    27   231  1703  1705   400 32744 32744 32744 32744
 55569  8736  2905  1990    12    28   231  1516  1519   400 32744 32744 32744 32744
 55569  8736  2905  1990    12    30   231  1741  1746   400 32744 32744 32744 32744
 55569  8736  2905  1990    12    31   231  1752  1758   400 32744 32744 32744 32744
 55598  9146  2915  1990     2     1   231  1452  1835   300    87    12 32744 32744
 55598  9146  2915  1990     3    19   231  1812  1830   400    97     4 32744 32744
 55598  9146  2915  1990     4    29   231  1823  1854   300   117    14 32744 32744
 55598  9146  2915  1990     5    14   231  1406  1420   400   107     3 32744 32744
 55598  9146  2915  1990     5    31   231  1925  1932   250    80     3 32744 32744
 55598  9146  2915  1990     6    18   231  2116  2132   300   113    14 32744 32744
 55598  9146  2915  1990    12    26   231  1630  1640   400    87    12 32744 32744
 55664  8705  2838  1990     1    15   231  1504  1506   400 32744 32744 32744 32744
 55664  8705  2838  1990     1    17   231  1439  1445   400 32744 32744 32744 32744
 55664  8705  2838  1990     1    18   231  1504  1516   400 32744 32744 32744 32744
 55664  8705  2838  1990     1    31   231  1752  1754   400 32744 32744 32744 32744
 55664  8705  2838  1990     2     5   231  1310  1317   270 32744 32744 32744 32744
 55664  8705  2838  1990     2     5   231  1720  1724   270 32744 32744 32744 32744
 55680  8936  2855  1990     1    28   231  1545  1548   300 32744 32744 32744 32744
 55680  8936  2855  1990     1    29   231  1243  1320   250 32744 32744 32744 32744
 55680  8936  2855  1990     1    29   231  1648  1651   250 32744 32744 32744 32744
 55680  8936  2855  1990     1    31   231  1623  1627   300 32744 32744 32744 32744
 55680  8936  2855  1990     2     2   231  1453  1453   300 32744 32744 32744 32744
 56004  9226  3413  1990     1    13   231  1347  1530     8   163    14 32744 32744
 56004  9226  3413  1990     1    17   231  1344  1445     4   163    14 32744 32744
 56004  9226  3413  1990     1    18   231  1250  1805   100   200    12 32744 32744
 56004  9226  3413  1990     1    20   231  1320  1820     4   210    14 32744 32744
 56004  9226  3413  1990    11    17   231  1455  1456   350   130    12 32744 32744
 56004  9226  3413  1990    11    28   231  1454  1455   300   150    14 32744 32744
 56004  9226  3413  1990    12    25   231  1424  1424   200   157    12 32744 32744
 56016  9536  3351  1990     1    17   231  1406  1407    80   137    13 32744 32744
 56016  9536  3351  1990     2     3   231  1527  1540   300   130    14 32744 32744
 56016  9536  3351  1990     4    22   231  1850  1855   300   123    14 32744 32744
 56018  9518  3254  1990     1    13   231  1603  1614   300   157 32744 32744 32744
 56018  9518  3254  1990     1    18   231  1325  1402     6   120    12 32744 32744
 56018  9518  3254  1990     1    20   231  1356  1534     6   137    13 32744 32744
 56018  9518  3254  1990     1    28   231  1637  1643   350   120    12 32744 32744
 56018  9518  3254  1990     1    29   231  1410  1420   300   127    14 32744 32744
 56018  9518  3254  1990     2     2   231  1515  1524   300   130    12 32744 32744
 56018  9518  3254  1990     3    31   231  1445  1445   400   127    12 32744 32744
 56018  9518  3254  1990     4    16   231  1245  1247   300   110    13 32744 32744
 56018  9518  3254  1990     5    14   231  1213  1215   300   110    12 32744 32744
 56018  9518  3254  1990     5    15   231  1605  1607   350   100    14 32744 32744
 56018  9518  3254  1990    11     3   231  1519  1524   400   110    12 32744 32744
 56018  9518  3254  1990    12    30   231  1621  1622   300   120    13 32744 32744
 56033  9813  3455  1990     4    16   231  1410  1414   300   170    14 32744 32744
 56033  9813  3455  1990    12    15   231  1242  1245   300   140    14 32744 32744
 56033  9813  3455  1990    12    26   231  1520  1525    80   137    13 32744 32744
 56034  9708  3348  1990     5     8   231  1819  1820    12   203    16 32744 32744
 56041  9912  3416  1990    12    15   231  1203  1259    20   200    14 32744 32744
 56041  9912  3416  1990    12    26   231  1424  1435   120   210    14 32744 32744
 56046  9939  3345  1990    12    30   231  1508  1518   400   157    14 32744 32744
 56046  9939  3345  1990    12    31   231  1320  1320   250   110    14 32744 32744
 56065 10136  3444  1990     1    24   231  1315  1548     7   230    14 32744 32744
 56065 10136  3444  1990     4    18   231  1044  1048   350   183    15 32744 32744
 56065 10136  3444  1990    12    12   231  1348  1352     6    97    15 32744 32744
 56065 10136  3444  1990    12    16   231  1309  1321   350   130    13 32744 32744
 56065 10136  3444  1990    12    26   231  1511  1849   300   140    16 32744 32744
 56074 10205  3400  1990     4    18   231  1141  1142   200   143    15 32744 32744
 56079 10258  3335  1990    12    30   231  1539  1543   500   100    13 32744 32744
 56151 10045  3256  1990     4    16   231  1907  1915    20   150    15 32744 32744
