 50745 12355  4723  1999     2    17   231   630  1142     6   113     2 32744 32744
 50915 11658  4531  1999     5    18   231  1354  1356     9   110     1 32744 32744
 51053  8624  4803  1999     5    18   231  1752  1804   250   130    12 32744 32744
 51053  8624  4803  1999     6    26   231  2002  2016   300   150    14 32744 32744
 51053  8624  4803  1999     8    22   231  2006  2023   300   110    14 32744 32744
 51330  8101  4458  1999     4    20   231  1614  1622    40   170    12 32744 32744
 51334  8254  4437  1999     3    23   231   519  1316     3   143    16 32744 32744
 51346  8440  4426  1999     4    30   231  1903  1917   200    99    13   173    14
 51346  8440  4426  1999     8     6   231  2145  2155   400   109    11   183    12
 51495  9144  4313  1999     4    23   231  1420  1735    40 32744 32744 32744 32744
 51526  8813  4214  1999     4    23   231  1849  2000     8   180     1 32744 32744
 51526  8813  4214  1999     4    24   231  2000  2035   110   170     1 32744 32744
 51526  8813  4214  1999     6     4   231  1938  2000     7    90     1 32744 32744
 51526  8813  4214  1999     6     5   231  2000  2013   250    80    12 32744 32744
 51526  8813  4214  1999     7     8   231  1519  1519   300   127    14 32744 32744
 51628  8014  4110  1999     3    31   231  2213  2343    50   131    15   198    13
 51628  8014  4110  1999     4     6   231  1801  1812   100   104    13   229    15
 51628  8014  4110  1999     4     8   231  1930  1937    80   114    13   181    15
 51628  8014  4110  1999     4    20   231  1256  1332    40   109    13   173    13
 51628  8014  4110  1999     6     9   231  2137  2143   100    76    14   133    10
 51628  8014  4110  1999     7    18   231  1916  1924    80   109    14   196    14
 51642  8415  4147  1999     4    23   231  1808  1913    10 32744 32744 32744 32744
 51642  8415  4147  1999     4    24   231  2015  2041    70 32744 32744 32744 32744
 51644  8304  4143  1999     4    23   231  1505  1532    50    85     7   133     1
 51656  8608  4145  1999     4    23   231  1413  1458    50   193     2 32744 32744
 51709  7559  3928  1999     3    12   231  1324  1327   200    97    15   165    15
 51709  7559  3928  1999     4    24   231   435   456    80   167    15   285     1
 51709  7559  3928  1999     4    25   231  2035  2056    30    83     5   125     4
 51709  7559  3928  1999     7     7   231  2215  2219   150   106 32744   185    15
 51709  7559  3928  1999     8    13   231  1920  1940    70   126    13   204    13
 51709  7559  3928  1999     8    14   231  2027  2158   120   108    13   163    13
 51709  7559  3928  1999    12    31   231   138   158     8   120    14   200    14
 51711  7827  4056  1999     3    11   231  1843  1854   200    67    13 32744 32744
 51711  7827  4056  1999     3    30   231  1733  1746   300    70    13 32744 32744
 51711  7827  4056  1999     4     6   231  1458  1535   300   107    13 32744 32744
 51711  7827  4056  1999     4     8   231  1642  1658   400   137 32744 32744 32744
 51711  7827  4056  1999     5    16   231  1835  1846   400   110    13 32744 32744
 51716  7834  3948  1999     4    24   231   840  1355     9    70     2 32744 32744
 51716  7834  3948  1999     6    10   231  2109  2136    80    80    16 32744 32744
 51716  7834  3948  1999     6    27   231  1820  1837   110    80    13 32744 32744
 51716  7834  3948  1999     7     3   231  1707  1720   120    70    15 32744 32744
 51716  7834  3948  1999     8    12   231  1925  1938    30    67    15 32744 32744
 51720  7903  4030  1999     3    11   231  1712  1928    25 32744 32744 32744 32744
 51720  7903  4030  1999     3    12   231  2027  2215    70 32744 32744 32744 32744
 51720  7903  4030  1999     4     6   231  1616  1721   150 32744 32744 32744 32744
 51720  7903  4030  1999     4     8   231  1827  1845   150 32744 32744 32744 32744
 51720  7903  4030  1999     4     9   231  1742  1750   200 32744 32744 32744 32744
 51720  7903  4030  1999     4    15   231  1636  1713   120 32744 32744 32744 32744
 51720  7903  4030  1999     4    20   231  1303  1305    50 32744 32744 32744 32744
 51720  7903  4030  1999     4    23   231  1519  1733    60 32744 32744 32744 32744
 51720  7903  4030  1999     4    24   231  1137  2000     8 32744 32744 32744 32744
 51720  7903  4030  1999     4    25   231  2000  2135    40 32744 32744 32744 32744
 51720  7903  4030  1999     5    13   231  1854  1923    50 32744 32744 32744 32744
 51720  7903  4030  1999     5    17   231  2043  2047   200 32744 32744 32744 32744
 51720  7903  4030  1999     5    29   231  1635  1658   200 32744 32744 32744 32744
 51720  7903  4030  1999     6     3   231  1724  1726   200 32744 32744 32744 32744
 51720  7903  4030  1999     6    10   231  2136  2320    70 32744 32744 32744 32744
 51720  7903  4030  1999     6    25   231   629   707   120 32744 32744 32744 32744
 51720  7903  4030  1999     7    25   231  2138  2151   300 32744 32744 32744 32744
 51720  7903  4030  1999     8     8   231  1727  1951     9 32744 32744 32744 32744
 51720  7903  4030  1999     8    20   231  1825  1842   150 32744 32744 32744 32744
 51720  7903  4030  1999     9     1   231  1754  1812   200 32744 32744 32744 32744
 51720  7903  4030  1999     9    26   231  1712  1719   200 32744 32744 32744 32744
 51730  8103  4030  1999     4     9   231  2130  2147   120 32744 32744 32744 32744
 51730  8103  4030  1999     4    15   231  1920  1930   200 32744 32744 32744 32744
 51730  8103  4030  1999     4    23   231  1005  1620     3 32744 32744 32744 32744
 51730  8103  4030  1999     4    24   231   610  1245     3 32744 32744 32744 32744
 51730  8103  4030  1999     5    14   231  1750  1930    30 32744 32744 32744 32744
 51730  8103  4030  1999     6    25   231  1015  1036   180 32744 32744 32744 32744
 51730  8103  4030  1999     6    29   231  2154  2230   120 32744 32744 32744 32744
 51730  8103  4030  1999     7     2   231  2038  2056   180 32744 32744 32744 32744
 51730  8103  4030  1999     8     8   231  1435  2000     6 32744 32744 32744 32744
 51730  8103  4030  1999     8     9   231  2000  2045    60 32744 32744 32744 32744
 51747  8340  3900  1999     3    24   231  1550  1745    30    87     5 32744 32744
 51747  8340  3900  1999     3    31   231   352   505    15   113     4 32744 32744
 51747  8340  3900  1999     4    24   231   950  2000     2   130     6 32744 32744
 51747  8340  3900  1999     4    25   231  2000  2120    50   110     5 32744 32744
 51747  8340  3900  1999     5    14   231  2040  2330    30   167    11 32744 32744
 51747  8340  3900  1999     5    20   231  1440  1452   150   113    10 32744 32744
 51747  8340  3900  1999     6    13   231  1720  2000     3   180     1 32744 32744
 51747  8340  3900  1999     6    14   231  2000  2010    40   113     2 32744 32744
 51747  8340  3900  1999     7    11   231  1420  1958     7   140     1 32744 32744
 51747  8340  3900  1999     7    19   231  1938  2000     2   120    16 32744 32744
 51747  8340  3900  1999     7    20   231  2000  2350    30   160    16 32744 32744
 51747  8340  3900  1999     8     3   231  1655  1736    30   133    16 32744 32744
 51765  8742  4038  1999     2    17   231  1025  1806     4 32744 32744 32744 32744
 51765  8742  4038  1999     3     4   231   910  1025    60 32744 32744 32744 32744
 51765  8742  4038  1999     3    30   231  1730  1928    30 32744 32744 32744 32744
 51765  8742  4038  1999     4    23   231   926  2000     3 32744 32744 32744 32744
 51765  8742  4038  1999     4    24   231  2000     9    50 32744 32744 32744 32744
 51765  8742  4038  1999     5    29   231  2138  2219   200 32744 32744 32744 32744
 51765  8742  4038  1999     6    14   231  2206  2321   300 32744 32744 32744 32744
 51777  8810  3902  1999     3    31   231  2140    31    80   143     5   233     5
 51777  8810  3902  1999     4    23   231  1521  2000     1   141     5   244     4
 51777  8810  3902  1999     4    24   231  2000  1606     4   162     5   281     4
 51777  8810  3902  1999     5    13   231  1510  2000     3   114 32744   181    11
 51777  8810  3902  1999     5    14   231  2000  2318    30   115    12   179    12
 51811  7716  3826  1999     3    30   231  2135  2205    80 32744 32744 32744 32744
 51811  7716  3826  1999     4    23   231  1750  1928    10 32744 32744 32744 32744
 51811  7716  3826  1999     4    24   231  2150  2325    15 32744 32744 32744 32744
 51811  7716  3826  1999     4    24   231  1725  1840    15 32744 32744 32744 32744
 51811  7716  3826  1999     5    13   231  2313   441    12 32744 32744 32744 32744
 51811  7716  3826  1999     5    25   231  1644  1812    15 32744 32744 32744 32744
 51811  7716  3826  1999     6     2   231  2240  2345    70 32744 32744 32744 32744
 51811  7716  3826  1999     7    10   231  1755  1810    60 32744 32744 32744 32744
 51818  7817  3737  1999     3    14   231   511   548    70    63    15 32744 32744
 51818  7817  3737  1999     3    30   231  2105  2120    60    63    15 32744 32744
 51818  7817  3737  1999     4    15   231  2315    38    60    67    14 32744 32744
 51818  7817  3737  1999     5     6   231  2135  2146    80    60    14 32744 32744
 51818  7817  3737  1999     5    13   231    50   705     6   120    15 32744 32744
 51818  7817  3737  1999     6    11   231  1207  1238   100    78    13   152    13
 51818  7817  3737  1999     7     3   231  2010  2031    80    72    14   123    13
 51818  7817  3737  1999     7     7   231   253   320    80    63    13   123    14
 51818  7817  3737  1999     7     8   231  2020  2030   100    72    15   150    15
 51818  7817  3737  1999     7    10   231  1924  2000     6    84    15   171    12
 51818  7817  3737  1999     7    11   231  2000  2156    60    79    15   146    15
 51818  7817  3737  1999     7    15   231   106   138    30    67    14   115    14
 51828  7956  3708  1999     3    29   231  1537  1605    50    62     5   108     5
 51828  7956  3708  1999     3    30   231  2322    20    20    68     9   110    15
 51828  7956  3708  1999     4     8   231  1315  1727     6    69    14   119    15
 51828  7956  3708  1999     4    12   231  2105  2220    20    64    13   121    13
 51828  7956  3708  1999     4    23   231   437   610    12    70    13   138    13
 51828  7956  3708  1999     4    24   231  1832  1926     5    55 32744   117    15
 51828  7956  3708  1999     5    13   231   301  1110     6   100    13   213    15
 51828  7956  3708  1999     6     4   231  2201  2207    20    56    13   104    12
 51828  7956  3708  1999     7     3   231  2218  2352    15    73    11   123    11
 51828  7956  3708  1999     7     8   231  2242  2333    40    77    13   156    14
 51828  7956  3708  1999     7    11   231  2213   216     8    98    13   194    12
 51828  7956  3708  1999     7    19   231   520   739     8    72    11   121    13
 51839  8243  3704  1999     3    14   231  1133  1235    80    70    12 32744 32744
 51839  8243  3704  1999     4     8   231  1040  1226    12    70    12 32744 32744
 51839  8243  3704  1999     4     9   231  2202    25    12   100    13 32744 32744
 51839  8243  3704  1999     4    20   231  1146  1225    35    70    13 32744 32744
 51839  8243  3704  1999     4    23   231   830  1140    50    80    12 32744 32744
 51839  8243  3704  1999     4    24   231   340   630     1    63     3 32744 32744
 51839  8243  3704  1999     5    13   231   704  2000     0   100    11 32744 32744
 51839  8243  3704  1999     5    14   231  2000  2020    50    90    11 32744 32744
 51839  8243  3704  1999     6     2   231  1005  1120    70    73    11 32744 32744
 51839  8243  3704  1999     6    10   231   920  1110    50    93    11 32744 32744
 51839  8243  3704  1999     6    11   231  1922  1942     8    93    12 32744 32744
 51839  8243  3704  1999     6    13   231  1902  1934     3    50    15 32744 32744
 51839  8243  3704  1999     6    14   231   712   826     7    73    10 32744 32744
 51839  8243  3704  1999     6    17   231   819  1410     7    97    13 32744 32744
 51839  8243  3704  1999     6    21   231  1128  1230    14    57    12 32744 32744
 51839  8243  3704  1999     7     3   231    30    50   120    73    12 32744 32744
 51839  8243  3704  1999     7     4   231   730   815     7    73    14 32744 32744
 51839  8243  3704  1999     7     8   231   208   632    18   160    11 32744 32744
 51839  8243  3704  1999     7    11   231   311  1102     4   130    12 32744 32744
 51839  8243  3704  1999     7    19   231   857  1743     2    97    12 32744 32744
 51839  8243  3704  1999     7    20   231  2010    25    30   107    12 32744 32744
 51839  8243  3704  1999     8     2   231   857  1106    40    83    12 32744 32744
 51839  8243  3704  1999     8     3   231  1538  1835    25    97    12 32744 32744
 51839  8243  3704  1999     8    13   231   410   837     2   143    12 32744 32744
 51839  8243  3704  1999     9     2   231   405   522     7    80    12 32744 32744
 51839  8243  3704  1999     9     2   231  1221  1519     7    80    12 32744 32744
 51839  8243  3704  1999     9     3   231  1108  1218    30    80    12 32744 32744
 51839  8243  3704  1999    10     8   231  1113  1240    30    80    11 32744 32744
 51855  8533  3809  1999     3    31   231  2312    10     2 32744 32744 32744 32744
 51855  8533  3809  1999     4    23   231  1609  2000     1 32744 32744 32744 32744
 51855  8533  3809  1999     4    24   231  2000  1326     1 32744 32744 32744 32744
 51855  8533  3809  1999     5    13   231  1308  2000     1 32744 32744 32744 32744
 51855  8533  3809  1999     5    14   231  2000   120     3 32744 32744 32744 32744
 51855  8533  3809  1999     5    24   231  1314  1912     3 32744 32744 32744 32744
 51855  8533  3809  1999     5    28   231   836   912     3 32744 32744 32744 32744
 51855  8533  3809  1999     6    12   231  2258   120    18 32744 32744 32744 32744
 51855  8533  3809  1999     7    12   231  2103  2250    30 32744 32744 32744 32744
 51855  8533  3809  1999     7    20   231  2146   632     1 32744 32744 32744 32744
 51855  8533  3809  1999     8     3   231  1849  1938    12 32744 32744 32744 32744
 51855  8533  3809  1999     8     4   231  2010  2050    50 32744 32744 32744 32744
 51855  8533  3809  1999     8     8   231  1825  1920     8 32744 32744 32744 32744
 51855  8533  3809  1999     8    13   231  1343  1415     6 32744 32744 32744 32744
 51855  8533  3809  1999     8    13   231  1753  1825     6 32744 32744 32744 32744
 51886  9051  3815  1999     1    18   231  1451  1721   400   230    14 32744 32744
 51886  9051  3815  1999     2     9   231  1420  1616   200   190    15 32744 32744
 51886  9051  3815  1999     2    16   231  1847  1849   250   183    14 32744 32744
 51886  9051  3815  1999     3    24   231  2017  2017   200   157    15 32744 32744
 51886  9051  3815  1999     3    28   231  1520  1522   200   167    15 32744 32744
 51886  9051  3815  1999     3    31   231  1215  1231   150   173    14 32744 32744
 51886  9051  3815  1999     4    27   231  1824  1845    50   160    15 32744 32744
 51886  9051  3815  1999     5    14   231  1725  1727    70    93    12 32744 32744
 51886  9051  3815  1999     5    16   231  2052  2054     9   173    15 32744 32744
 51886  9051  3815  1999     5    16   231  1351  1357     9   173    15 32744 32744
 51886  9051  3815  1999     5    16   231  1826  1835     9   173    15 32744 32744
 51886  9051  3815  1999     9    17   231  1218  1316   340   157    15 32744 32744
 51886  9051  3815  1999    10    30   231  1423  1424   260   187    14 32744 32744
 51931  8039  3651  1999     5    13   231   536   821     7   103    14 32744 32744
 51931  8139  3651  1999     7     8   231    51   129    15    87    14   163    14
 52267 10104  4157  1999     3    24   231   822   842   150   133    15 32744 32744
 52267 10104  4157  1999     4    24   231   644  1831     4   180    14 32744 32744
 52267 10104  4157  1999     5     6   231  1602  1605   300    87    10 32744 32744
 52267 10104  4157  1999     5    15   231   832  1224    40   110     6 32744 32744
 52267 10104  4157  1999     8     8   231   614   637   110   150    16 32744 32744
 52267 10104  4157  1999     9     4   231  1747  1912    12   140    12 32744 32744
 52323  9702  4148  1999     4    24   231  1035  1630     7   193    16 32744 32744
 52378 10222  4122  1999     1     5   231  1245  1248   120   150    13 32744 32744
 52378 10222  4122  1999     1    24   231  1027  1205    80   160    13 32744 32744
 52378 10222  4122  1999     3    29   231  1307  1526    30   140    13 32744 32744
 52378 10222  4122  1999     4    24   231  1105  2000     4   173    13 32744 32744
 52378 10222  4122  1999     4    25   231  2000  2330   200   170    13 32744 32744
 52378 10222  4122  1999     4    30   231  2250  2346   150   190     5 32744 32744
 52378 10222  4122  1999     5    14   231  1820  2000     2   170     4 32744 32744
 52378 10222  4122  1999     5    15   231  2000   105    80   210     5 32744 32744
 52378 10222  4122  1999     5    31   231  1405  1405    80   140    13 32744 32744
 52378 10222  4122  1999     6     9   231  1328  1440   300   130    10 32744 32744
 52378 10222  4122  1999     6    15   231  1202  1305   300   153    14 32744 32744
 52378 10222  4122  1999     6    18   231  1732  2000     7   160    15 32744 32744
 52378 10222  4122  1999     6    19   231  2000  2140   200   137    15 32744 32744
 52378 10222  4122  1999     6    30   231  2100     5   200   150     7 32744 32744
 52378 10222  4122  1999     7     1   231  2013  2234   200   190    13 32744 32744
 52378 10222  4122  1999     7    16   231  1552  1615   300   167     9 32744 32744
 52378 10222  4122  1999     8     6   231  1337  1350     8   147    13 32744 32744
 52378 10222  4122  1999     8     8   231   707  1049     8   150    14 32744 32744
 52378 10222  4122  1999     9     2   231  1555  1610   300   140     8 32744 32744
 52378 10222  4122  1999     9    19   231   916  1026     8   177     5 32744 32744
 52378 10222  4122  1999     9    19   231  1901  2000     8   177     5 32744 32744
 52378 10222  4122  1999     9    20   231  2000  2012   300   120    13 32744 32744
 52378 10222  4122  1999     9    27   231  1104  1731     8   170    13 32744 32744
 52418  9441  4009  1999     4    24   231   515  1110     3   107    12 32744 32744
 52418  9441  4009  1999     5    16   231  1421  1630     2   123    13    22 32744
 52418  9441  4009  1999     5    24   231  1946  2000     8   107     4 32744 32744
 52418  9441  4009  1999     5    25   231  2000  2125    90   110     4 32744 32744
 52418  9441  4009  1999     6    18   231   626   640    70   103    11 32744 32744
 52418  9441  4009  1999     8    14   231   523   935     8   100    14 32744 32744
 52424  9546  4032  1999     5    16   231  1640  1730   200    87    12 32744 32744
 52424  9546  4032  1999     8    14   231   840  1115    40   120     4 32744 32744
 52436  9702  4016  1999     5    14   231  1742  1932    20   100     6 32744 32744
 52436  9702  4016  1999     5    16   231  1603  1912    80   140    14 32744 32744
 52436  9702  4016  1999     8    14   231   848  1325    15   100    14 32744 32744
 52446  9931  4018  1999     1     1   231  1451  1459   200   113    14 32744 32744
 52446  9931  4018  1999     2    13   231  1508  1514   300   120    16 32744 32744
 52446  9931  4018  1999     2    15   231  1513  1854    80   130    13 32744 32744
 52446  9931  4018  1999     2    17   231   210   225    70   120    16 32744 32744
 52446  9931  4018  1999     4    11   231  2249    10   150   170    16 32744 32744
 52446  9931  4018  1999     5    15   231  1723  1743    80   160    13 32744 32744
 52446  9931  4018  1999     6    18   231  1508  1707   120   153    16 32744 32744
 52446  9931  4018  1999     6    30   231  1635  1830     2   187    13    26 32744
 52446  9931  4018  1999     8    14   231  1407  1631    90   113    13 32744 32744
 52447  9854  4000  1999     2    15   231  1645  1849    80    97    14 32744 32744
 52447  9854  4000  1999     5    14   231  1629  1743    30   140     5 32744 32744
 52447  9854  4000  1999     6    30   231  1614  1732   200   153    14 32744 32744
 52495 10448  4010  1999     2    17   231  1230  1558     7 32744 32744 32744 32744
 52495 10448  4010  1999     3     4   231  1320  1532     7   197    14 32744 32744
 52495 10448  4010  1999     3    29   231  1518  1658   120   163    13 32744 32744
 52495 10448  4010  1999     4     4   231  1212  1728     8   193    14 32744 32744
 52495 10448  4010  1999     4    11   231  1213  1617     6   190    13 32744 32744
 52495 10448  4010  1999     6    13   231  1647  1837   200   177    16 32744 32744
 52495 10448  4010  1999     8     8   231  1132  1227    50   150    14 32744 32744
 52495 10448  4010  1999    10    10   231  1102  1418     8   210    13 32744 32744
 52533  9829  3946  1999     4    17   231  1644  1703   200   104    13   169    14
 52533  9829  3946  1999     6    30   231  1622  1625    90   132    13   215    13
 52546  9950  3922  1999     5    14   231  1851  1922    12   100     4 32744 32744
 52546  9950  3922  1999     5    15   231   615   630    12    73    13 32744 32744
 52546  9950  3922  1999     6    30   231  1740  1821   110    90    13 32744 32744
 52576 10141  3913  1999     6    30   231  1929  2000     0   160    14 32744 32744
 52576 10141  3913  1999     7     1   231  2000  2115   300   160    15 32744 32744
 52576 10141  3913  1999     7    10   231  1630  1640   300   143    14 32744 32744
 52602  9320  3845  1999     3     7   231  1245  1402     8   170    13 32744 32744
 52602  9320  3845  1999     3    31   231  1330  1610     8   190    15 32744 32744
 52602  9320  3845  1999     4    24   231  1532  2000     4   170    14 32744 32744
 52602  9320  3845  1999     4    25   231  2000  2045    20   170    13 32744 32744
 52602  9320  3845  1999     5    14   231  1946  1957     8   133    14 32744 32744
 52602  9320  3845  1999     7     9   231  1654  1728   150   210    14 32744 32744
 52602  9320  3845  1999    12     2   231  1248  1305    15   187    15 32744 32744
 52633  9825  3848  1999     2    18   231  1415  1513   350   160    14 32744 32744
 52633  9825  3848  1999     2    22   231  1715  1723   400   177    14 32744 32744
 52633  9825  3848  1999     3     3   231  1540  1557   200   153    12 32744 32744
 52633  9825  3848  1999     3     7   231  1451  1707   300   180    14 32744 32744
 52633  9825  3848  1999     3    25   231  1737  2000     6   167    14 32744 32744
 52633  9825  3848  1999     3    26   231  2000  2025   300   140    14 32744 32744
 52633  9825  3848  1999     3    31   231  1445  1854    80   180    14 32744 32744
 52633  9825  3848  1999     4    17   231  1708  1726   250   187    14 32744 32744
 52633  9825  3848  1999     4    24   231  1708  1814   150   157    14 32744 32744
 52633  9825  3848  1999     5    21   231  1520  1545   300   210    14 32744 32744
 52633  9825  3848  1999     5    24   231  1404  1430   400   237    14 32744 32744
 52633  9825  3848  1999     9    17   231  1734  1758   300   217    14 32744 32744
 52652 10026  3856  1999     1     3   231  1545  1610   150   102    15   169    16
 52652 10026  3856  1999     4    10   231  2303   119    50   129    13   213    13
 52652 10026  3856  1999     4    11   231   120   208     7   140    15   213    15
 52652 10026  3856  1999     6    18   231  1742  1828    90   129    15   200    15
 52652 10026  3856  1999     6    30   231  1835  1935    40   125    15   200    14
 52661 10105  3848  1999     6    18   231  1843  2000     8    90     2 32744 32744
 52661 10105  3848  1999     6    19   231  2000  2003   150    53    10 32744 32744
 52674 10158  3814  1999     3     3   231  1140  1245   250   100    16 32744 32744
 52674 10158  3814  1999     3     7   231  1405  1541    30   140    15 32744 32744
 52674 10158  3814  1999     3    15   231  1007  1210    35   143    15 32744 32744
 52679 10240  3755  1999     3     7   231  1429  1502    40    78    16   148    16
 52679 10240  3755  1999     3    15   231  1104  1137    18    70     1   131     1
 52679 10240  3755  1999     4    10   231   237   521    15   111 32744   179     1
 52681 10305  3838  1999     2    17   231  1429  1525   120   118    15   190    15
 52681 10305  3838  1999     3    15   231  1124  1227    19   122    15   183    14
 52681 10305  3838  1999     4     4   231  1118  1436     9   133    14   204    15
 52681 10305  3838  1999     4    10   231   415   814     2   149    14   221    14
 52681 10305  3838  1999     4    11   231   429   527     8   116    15   192    15
 52681 10305  3838  1999     6    13   231  1528  1542   200   109    15   179    15
 52681 10305  3838  1999     7     1   231  2113    21     3   153    15   233    14
 52681 10305  3838  1999     7    10   231  1828  1906   200   113    13   210    13
 52681 10305  3838  1999     8     5   231  2010  2125   250    92    13   138    13
 52681 10305  3838  1999    11    23   231  1304  1442     7   147    14 32744 32744
 52681 10305  3838  1999    12    22   231  1626  1718   280   110    14 32744 32744
 52707  9341  3648  1999     3    30   231   815  1022   200   200    13 32744 32744
 52707  9341  3648  1999     7     9   231  1315  1327    30   167    13 32744 32744
 52707  9341  3648  1999     7     9   231  1648  1720    30   167    13 32744 32744
 52707  9341  3648  1999     8     3   231  1856  1934    40   170    14 32744 32744
 52754 10008  3720  1999     2    16   231  1640  1710   200   167    13 32744 32744
 52754 10008  3720  1999     2    17   231  1408  1609   150   170    13 32744 32744
 52754 10008  3720  1999     2    22   231  1822  1841   250   150    13 32744 32744
 52754 10008  3720  1999     3     3   231  1601  1726   300   153    14 32744 32744
 52754 10008  3720  1999     3     4   231  1146  1544   120   163    14 32744 32744
 52754 10008  3720  1999     3     7   231  1539  1541   200   157    14 32744 32744
 52754 10008  3720  1999     3    16   231  1504  1541   180   157    13 32744 32744
 52754 10008  3720  1999     4    10   231  1116  1215   150   140    14 32744 32744
 52754 10008  3720  1999     4    24   231  1919  1957     8   150     6 32744 32744
 52754 10008  3720  1999     4    25   231  2045  2307   150   143     5 32744 32744
 52754 10008  3720  1999     5    21   231  1520  1811   200   173    15 32744 32744
 52754 10008  3720  1999    10    25   231  1709  1710   300   110     1 32744 32744
 52754 10008  3720  1999    10    30   231  1308  1311   200   153    13 32744 32744
 52754 10008  3720  1999    11    23   231  1433  1443    40   153    13 32744 32744
 52754 10008  3720  1999    12    31   231  1526  1528   300   160    12 32744 32744
 52765 10137  3723  1999     3    25   231  1706  1835   150   113    14 32744 32744
 52765 10137  3723  1999     5    21   231  1520  1526   300   150    14 32744 32744
 52797 10403  3711  1999     3    15   231  1335  1418     8    73    16 32744 32744
 52797 10403  3711  1999     3    31   231   740   810     7   110    14 32744 32744
 52818  9454  3625  1999     3    30   231   940  1112   150   120    13 32744 32744
 52818  9454  3625  1999     5    14   231  1846  1901    80   140     4 32744 32744
 52818  9454  3625  1999     7    27   231  1949  2000     6    53    15 32744 32744
 52818  9454  3625  1999     7    28   231  2000  2014   300    90     3 32744 32744
 52818  9454  3625  1999     8     4   231  2110  2118   150    90    13 32744 32744
 52818  9454  3625  1999     9    12   231  1710  1713   150   107    15 32744 32744
 52825  9625  3626  1999     3    30   231  1134  1258    50   120    14 32744 32744
 52825  9625  3626  1999     4    25   231  2120  2154    80   130    13 32744 32744
 52825  9625  3626  1999     9    12   231  1920  2000     7    90    12 32744 32744
 52825  9625  3626  1999     9    13   231  2000  2006   200    93    12 32744 32744
 52836  9806  3618  1999     3    30   231  1311  1317    80   113    13 32744 32744
 52842  9905  3647  1999     3     4   231  1520  1540   150   200    14 32744 32744
 52856 10037  3616  1999     2    17   231   910  1512     1   223    14 32744 32744
 52856 10037  3616  1999     3     4   231  1316  1438    90   203    14 32744 32744
 52895 10441  3634  1999     3     7   231  1758  1830    40   120     2 32744 32744
 52895 10441  3634  1999     4    24   231  1657  1710    70    83     1 32744 32744
 52908  9305  3513  1999     1     5   231  1405  1542   200   217    12 32744 32744
 52908  9305  3513  1999     1    18   231  1601  1605   300   190    13 32744 32744
 52908  9305  3513  1999     1    26   231  1646  1659   350   180    13 32744 32744
 52908  9305  3513  1999     2     4   231  1602  1640   150   190    13 32744 32744
 52908  9305  3513  1999     2     9   231  1607  1702   250   207    12 32744 32744
 52908  9305  3513  1999     2    16   231  1610  1614   200   210    13 32744 32744
 52908  9305  3513  1999     3     3   231  1527  1534   300   200    13 32744 32744
 52908  9305  3513  1999     3     6   231  1611  1628   300   190    13 32744 32744
 52908  9305  3513  1999     3     7   231  1139  1630     8   210    12 32744 32744
 52908  9305  3513  1999     3     8   231  1035  1928     6   220    13 32744 32744
 52908  9305  3513  1999     3     9   231  1412  1612   250   210    13 32744 32744
 52908  9305  3513  1999     3    21   231  1325  1654     7   210    13 32744 32744
 52943  9959  3535  1999     1    13   231  1408  1455   500   130    14 32744 32744
 52943  9959  3535  1999     1    19   231  1225  1609     3   203    13 32744 32744
 52943  9959  3535  1999     1    23   231  1633  1647   300   110    12 32744 32744
 52943  9959  3535  1999     2     9   231  1739  1742   350   133    12 32744 32744
 52943  9959  3535  1999     2    10   231  1436  1532   350   140    13 32744 32744
 52943  9959  3535  1999     2    17   231  1313  1629   200   170    13 32744 32744
 52943  9959  3535  1999     3     4   231  1132  1614    60   170    13 32744 32744
 52943  9959  3535  1999     3     7   231  1403  1706   300   170 32744 32744 32744
 52943  9959  3535  1999     3    29   231  1445  1500   300   150    14 32744 32744
 52955 10045  3535  1999     2    17   231  1103  1850     4   150    14 32744 32744
 52955 10045  3535  1999     3     4   231  1220  1222    50    90    15 32744 32744
 52955 10045  3535  1999     4    10   231  1419  1421   150    80    14 32744 32744
 52996 10500  3523  1999     3     7   231  1914  2000     8   150     2 32744 32744
 52996 10500  3523  1999     3     8   231  2000  2311   180   160     2 32744 32744
 53068 11158  4339  1999     1    24   231  1415  1450    90   190    13 32744 32744
 53149 11008  4232  1999     1    21   231  1135  1157   200   220    12 32744 32744
 53149 11008  4232  1999     1    24   231  1324  1520   150   180    13 32744 32744
 53149 11008  4232  1999     2    16   231  1208  1253    80   190    12 32744 32744
 53149 11008  4232  1999     4    10   231  1403  1437   200   167    11 32744 32744
 53149 11008  4232  1999     5    31   231  1614  1618   400   170    16 32744 32744
 53149 11008  4232  1999     6    21   231  1709  1730   400   190     1 32744 32744
 53149 11008  4232  1999    10    10   231  1213  1351     8   250    12 32744 32744
 53149 11008  4232  1999    12     9   231  1117  1234   110   190    12 32744 32744
 53192 11457  4401  1999     5    30   231  1841  1845   300   123    14 32744 32744
 53195 11138  4352  1999     4    21   231  1510  1516   150   140    11 32744 32744
 53231 10624  4124  1999     3     4   231  1230  1550     7   163    14 32744 32744
 53231 10624  4124  1999     8    14   231  1235  1440     8   203     7 32744 32744
 53276 11254  4224  1999     1    21   231  1430  1540    80   166    13   227    12
 53276 11254  4224  1999     1    24   231  1132  1826    50   182    14   260    14
 53276 11254  4224  1999     2    16   231  1113  1532     3   200    14   246    14
 53276 11254  4224  1999     3    29   231  1649  1658    70   159    15   233    15
 53276 11254  4224  1999     4     3   231  1312  1710    60   149    15   217    15
 53276 11254  4224  1999     4     4   231  1322  1429    70   177    15   260    15
 53276 11254  4224  1999     4    10   231  1837  1843   120   147     9   210     9
 53336 10831  4134  1999     1    24   231  1232  1630     8   180    15 32744 32744
 53336 10831  4134  1999     6    16   231  1357  1412     3   180    15 32744 32744
 53352 11026  4142  1999     1    24   231  1213  1747     6   150    14 32744 32744
 53352 11026  4142  1999     3    29   231  1505  1524   150   133    14 32744 32744
 53352 11026  4142  1999     4     4   231  1505  1728   300   173    14 32744 32744
 53352 11026  4142  1999     6    11   231  1726  1738   400   127     6 32744 32744
 53362 11141  4132  1999     1    24   231  1453  1630   150   150    14 32744 32744
 53446 10951  4040  1999     1    24   231  1403  1805    20   100    14 32744 32744
 53446 10951  4040  1999     3     4   231  1638  1638   120    80    15 32744 32744
 53446 10951  4040  1999     6     5   231  1918  1935   150    87     1 32744 32744
 53463 11141  4049  1999     4    10   231  1627  1632   200   103    10 32744 32744
 53480 11304  4102  1999     4     4   231  1652  1712   150   120    14 32744 32744
 53487 11320  4006  1999     1    24   231  1713  1827    50   157    13 32744 32744
 53513 10725  4045  1999     1    24   231  1415  1748    40   100    14 32744 32744
 53513 10725  4045  1999     3     4   231  1410  1608    70    97    16 32744 32744
 53513 10725  4045  1999     4     4   231  1251  1349     9   100    14 32744 32744
 53519 10646  3913  1999     3     4   231  1554  1817    60   210    16   285    14
 53529 10759  3906  1999     1    24   231  1435  1612    50   150    14 32744 32744
 53529 10759  3906  1999     3     4   231  1103  1510     7   137    14 32744 32744
 53529 10759  3906  1999     4     4   231  1023  1746     8   150    14 32744 32744
 53529 10759  3906  1999     4    10   231  1504  1536    20   130    14 32744 32744
 53543 10959  3950  1999     1    24   231  1524  1926    18   150    14 32744 32744
 53602 10540  3850  1999     4    10   231  1115  1215   120   137     8 32744 32744
 53602 10540  3850  1999     6    14   231  2053  2210   200   157     1 32744 32744
 53602 10540  3850  1999     9    27   231  1857  1918    80   110    16 32744 32744
 53614 10613  3829  1999     3     4   231  1113  1120    80   176    14   254    15
 53614 10613  3829  1999     4    10   231  1242  1326    40   156    14   231    14
 53615 10642  3848  1999     1    24   231  1253  1408     9   105    15   156    14
 53615 10642  3848  1999     3     4   231  1132  1303    60   166    16   252    16
 53723 10724  3747  1999     2    17   231  1517  1618    90   118    13   206    14
 53723 10724  3747  1999     4     4   231  1125  1834     9   116    13   181    12
 53723 10724  3747  1999     4    10   231  1420  1716    20   111    12   165    12
 53723 10724  3747  1999    12     7   231  1613  1714   180   118    13   173    11
 53725 10735  3735  1999     2     1   231  1417  1740    30   103    13   167    13
 53725 10735  3735  1999     4     4   231  1124  1643    20   116    15   177    13
 53725 10735  3735  1999     4    10   231  1432  1646    70   137    13   198    13
 53725 10735  3735  1999     4    11   231  1412  1839    40   112    13   200    13
 53725 10735  3735  1999     5     1   231   138   216     5   127     9   210    10
 53725 10735  3735  1999    12     7   231  1555  1625   100   113    13   160 32744
 53738 10810  3655  1999     3     4   231  1515  1630    90    83     1 32744 32744
 53740 10914  3756  1999     4    11   231  1902  2000     8   130    16 32744 32744
 53740 10914  3756  1999     4    12   231  2000  2217    80   110    16 32744 32744
 53772 11233  3747  1999     1    24   231  1356  1549     5   160    14 32744 32744
 53821 10718  3635  1999     1    24   231  1327  1415     7   127    16 32744 32744
 53821 10718  3635  1999     3     4   231  1415  1443    18   147    16 32744 32744
 54026 12054  4434  1999     5    26   231  1538  1541   150   133    15 32744 32744
 54041 12304  4447  1999     4    11   231  1221  1540     8   187    10 32744 32744
 54134 12117  4336  1999     5    26   231  1612  1707   170   203     1 32744 32744
 54518 11623  3907  1999     6     9   231  1638  1645   120   103    16 32744 32744
 55228  8005  3230  1999     3    17   231  1550  1835   280 32744 32744 32744 32744
 55228  8005  3230  1999     4    21   231  1439  1453   700 32744 32744 32744 32744
 55228  8005  3230  1999     4    23   231  1649  1727   650 32744 32744 32744 32744
 55228  8005  3230  1999     4    24   231  1455  1503   700 32744 32744 32744 32744
 55228  8005  3230  1999     5     1   231  1706  1719   600 32744 32744 32744 32744
 55248  8425  3209  1999     3     8   231  1707  1838   400 32744 32744 32744 32744
 55248  8425  3209  1999    11    22   231  1452  1509   490 32744 32744 32744 32744
 55279  9001  3123  1999     3     8   231  1625  1717   400   230    13 32744 32744
 55279  9001  3123  1999     3     9   231  1524  1544   400   220    12 32744 32744
 55279  9001  3123  1999     3    10   231  1620  1630   400   190    12 32744 32744
 55294  9106  3221  1999     2    25   231  1225  1229   250   227    12 32744 32744
 55294  9106  3221  1999     3     8   231  1420  1430   300   247    12 32744 32744
 55294  9106  3221  1999     3     9   231  1244  1515     5   280    12 32744 32744
 55299  9204  3129  1999     1    31   231  1512  1534   300   170    13 32744 32744
 55299  9204  3129  1999     3     9   231  1241  1515     9   170    13 32744 32744
 55299  9204  3129  1999     3    18   231  1640  1702   300   177    14 32744 32744
 55472  8838  3057  1999     1    31   231  1405  1405   200 32744 32744 32744 32744
 55472  8838  3057  1999     2     3   231  1418  1420   300 32744 32744 32744 32744
 55472  8838  3057  1999     2    24   231  1703  1705   200 32744 32744 32744 32744
 55472  8838  3057  1999     2    25   231  1422  1428   250 32744 32744 32744 32744
 55472  8838  3057  1999     2    26   231  1240  1241   250 32744 32744 32744 32744
 55472  8838  3057  1999     3     8   231  1230  1725   200 32744 32744 32744 32744
 55472  8838  3057  1999     3     9   231  1202  1224    80 32744 32744 32744 32744
 55569  8736  2905  1999     3     9   231  1504  1505   400 32744 32744 32744 32744
 55664  8705  2838  1999     3     8   231  1532  1832   400 32744 32744 32744 32744
 55664  8705  2838  1999     3     9   231  1425  1847   400 32744 32744 32744 32744
 56004  9226  3413  1999     1    26   231  1610  1635   400   230    12 32744 32744
 56004  9226  3413  1999     2     3   231  1431  1449   350   213    12 32744 32744
 56004  9226  3413  1999     2     4   231  1542  1547   300   220    12 32744 32744
 56004  9226  3413  1999     2    20   231  1616  1704   300   183    14 32744 32744
 56004  9226  3413  1999     2    22   231  1403  1405   300   160    15 32744 32744
 56004  9226  3413  1999     3     7   231  1510  1515   300   210    12 32744 32744
 56004  9226  3413  1999     3     9   231  1430  1632   120   240    12 32744 32744
 56004  9226  3413  1999     3    20   231  1714  1725   400   213    13 32744 32744
 56004  9226  3413  1999     3    21   231  1445  1634   200   230    12 32744 32744
 56004  9226  3413  1999     3    22   231  1612  1618   300   163    12 32744 32744
 56004  9226  3413  1999     3    30   231  1110  1114   200   167    14 32744 32744
 56004  9226  3413  1999     3    30   231  1632  1635   200   167    14 32744 32744
 56004  9226  3413  1999     4    22   231  1456  1502   200   170    13 32744 32744
 56004  9226  3413  1999     4    24   231  1306  1429     9   190    12 32744 32744
 56004  9226  3413  1999     5     2   231  1425  1429   300   130    14 32744 32744
 56021  9547  3408  1999     2    16   231  1528  1534   450   160    14 32744 32744
 56021  9547  3408  1999     5     2   231  1800  1820   250   153     2 32744 32744
 56033  9813  3455  1999     1    18   231  1413  1510    70   147    13 32744 32744
 56033  9813  3455  1999     2    16   231  1437  1533   250   157    12 32744 32744
 56033  9813  3455  1999     2    17   231  1427  1624    90   200    15 32744 32744
 56033  9813  3455  1999     2    22   231  1544  1545   250   120    15 32744 32744
 56033  9813  3455  1999     3     7   231  1325  1713     3   187    14 32744 32744
 56033  9813  3455  1999     3     8   231  1149  1707     4   200    14 32744 32744
 56033  9813  3455  1999     3     9   231  1318  1429     4   183    13 32744 32744
 56033  9813  3455  1999     3    18   231  1337  1404     8   153    14 32744 32744
 56033  9813  3455  1999     5    23   231  1414  1420   400   160    14 32744 32744
 56043 10015  3428  1999     2    24   231  1723  1727   350   200    14 32744 32744
 56043 10015  3428  1999     3     7   231  1542  1708   150   153    13 32744 32744
 56043 10015  3428  1999     3     8   231  1503  1553    60   180    13 32744 32744
 56046  9939  3345  1999     2    17   231  1431  1435   250   163    14 32744 32744
 56065 10136  3444  1999     2    17   231  1423  1544    80   200    15 32744 32744
 56065 10136  3444  1999    12    18   231  1220  1222   300   130    15 32744 32744
 56074 10205  3400  1999     2    17   231  1712  1718   150   160    14 32744 32744
 56079 10258  3335  1999     2    25   231  1349  1410     9   147    14 32744 32744
 56106  9347  3153  1999     3     9   231  1903  2000     9   180    14 32744 32744
 56106  9347  3153  1999     3    10   231  2000  2030   400   130    13 32744 32744
